;
; ENVI ASCII Output of file: E:\Imaging\ROI_AVIRIS_TestSet\5_0_7.img [Wed Dec 06 11:49:32 2017]
; File Dimensions: 5 samples x 5 lines x 224 bands
; Line Format    : (5i7)
;
    583    594    594    583    567
    579    590    568    566    583
    583    559    587    566    583
    585    559    587    579    576
    585    574    578    596    585

    702    680    695    701    694
    694    679    680    684    679
    694    703    699    684    679
    700    703    699    679    694
    700    701    691    677    700

    736    729    724    727    754
    730    742    755    730    742
    729    752    739    730    742
    760    752    739    743    737
    760    740    734    737    736

    939    945    931    916    944
    930    940    932    927    925
    940    941    928    927    925
    955    941    928    932    929
    955    939    934    948    938

   1354   1358   1363   1357   1366
   1368   1360   1345   1348   1356
   1357   1351   1369   1348   1356
   1366   1351   1369   1367   1360
   1366   1365   1371   1362   1369

   1417   1428   1429   1436   1426
   1421   1408   1417   1429   1421
   1406   1416   1418   1429   1421
   1435   1416   1418   1424   1423
   1435   1426   1433   1432   1423

   1338   1332   1342   1349   1340
   1343   1339   1337   1346   1339
   1337   1342   1339   1346   1339
   1337   1342   1339   1341   1339
   1337   1346   1342   1338   1339

   1241   1250   1243   1230   1241
   1243   1241   1243   1237   1238
   1238   1240   1237   1237   1238
   1259   1240   1237   1239   1233
   1259   1247   1240   1232   1252

   1330   1339   1331   1346   1334
   1346   1338   1332   1337   1328
   1338   1335   1329   1337   1328
   1345   1335   1329   1339   1338
   1345   1335   1348   1346   1349

   1359   1362   1364   1353   1359
   1367   1352   1352   1350   1356
   1351   1348   1355   1350   1356
   1367   1348   1355   1345   1354
   1367   1353   1364   1362   1370

   1311   1319   1313   1319   1314
   1313   1308   1323   1307   1316
   1312   1310   1311   1307   1316
   1320   1310   1311   1314   1317
   1320   1314   1315   1318   1320

   1232   1238   1233   1235   1239
   1240   1234   1233   1235   1233
   1230   1232   1226   1235   1233
   1240   1232   1226   1239   1231
   1240   1237   1241   1242   1235

   1164   1164   1167   1165   1168
   1168   1172   1160   1160   1161
   1158   1159   1162   1160   1161
   1173   1159   1162   1165   1165
   1173   1168   1168   1176   1166

   1052   1052   1061   1060   1049
   1052   1056   1056   1049   1047
   1047   1053   1054   1049   1047
   1057   1053   1054   1053   1058
   1057   1059   1056   1056   1054

    954    965    957    962    953
    964    961    956    961    960
    954    958    954    961    960
    970    958    954    960    951
    970    956    960    959    957

    855    857    850    856    852
    856    847    853    849    852
    845    855    846    849    852
    854    855    846    845    853
    854    852    855    844    855

    755    759    756    755    758
    757    757    756    755    749
    749    749    757    755    749
    760    749    757    751    753
    760    754    757    756    764

    718    721    720    719    718
    719    718    718    718    714
    711    713    718    718    714
    724    713    718    715    717
    724    718    720    717    721

    680    682    682    681    678
    680    677    679    680    678
    672    675    678    680    678
    687    675    678    679    680
    687    682    683    677    678

    633    642    634    638    631
    636    636    631    633    635
    627    636    630    633    635
    639    636    630    630    636
    639    640    635    634    637

    587    583    586    589    587
    586    587    582    580    589
    580    578    581    580    589
    586    578    581    579    583
    586    582    583    580    587

    537    535    540    539    528
    537    533    538    534    531
    532    534    532    534    531
    537    534    532    530    535
    537    536    535    536    539

    496    498    504    501    502
    496    499    494    496    491
    495    497    496    496    491
    500    497    496    495    497
    500    500    499    501    503

    445    447    449    445    444
    443    440    444    444    440
    437    442    440    444    440
    444    442    440    443    445
    444    447    446    447    449

    413    417    419    418    414
    414    417    416    414    412
    413    415    416    414    412
    416    415    416    413    413
    416    414    417    419    420

    401    403    406    403    404
    403    401    403    403    399
    398    402    401    403    399
    402    402    401    398    403
    402    401    398    399    401

    374    374    377    376    375
    372    374    376    373    372
    370    371    373    373    372
    376    371    373    373    372
    376    371    372    375    374

    347    344    346    353    346
    351    351    349    349    344
    345    346    341    349    344
    349    346    341    344    346
    349    346    346    347    348

    333    332    337    333    336
    337    333    333    330    330
    331    332    327    330    330
    336    332    327    333    333
    336    332    330    334    333

    311    309    311    308    310
    312    307    311    308    301
    307    306    306    308    301
    312    306    306    311    304
    312    311    307    307    312

    291    291    288    294    290
    292    288    291    291    289
    288    289    285    291    289
    291    289    285    284    291
    291    291    287    291    292

    287    289    293    289    285
    289    285    290    288    290
    286    284    284    288    290
    291    284    284    290    287
    291    286    285    288    288

    282    284    296    288    281
    282    284    292    283    293
    281    285    281    283    293
    285    285    281    286    282
    285    290    285    287    286

    287    289    293    289    284
    288    284    290    287    290
    285    284    284    287    290
    291    284    284    289    288
    291    286    285    287    288

    267    272    275    269    269
    265    264    270    266    272
    266    263    266    266    272
    266    263    266    270    270
    266    266    269    266    263

    238    243    244    240    238
    237    233    239    233    244
    235    235    232    233    244
    238    235    232    240    235
    238    239    241    236    237

    211    212    212    210    208
    206    206    213    206    210
    202    208    208    206    210
    209    208    208    212    209
    209    210    210    208    209

    203    203    205    202    200
    198    199    203    198    204
    197    201    198    198    204
    203    201    198    202    205
    203    203    203    202    202

    183    185    192    185    180
    182    179    188    181    186
    180    180    177    181    186
    182    180    177    184    185
    182    185    188    185    184

    142    143    146    145    143
    142    139    143    140    149
    140    141    139    140    149
    140    141    139    145    145
    140    144    145    143    142

    150    152    155    152    151
    151    146    156    147    154
    150    149    148    147    154
    150    149    148    152    153
    150    153    154    153    152

    165    166    171    166    163
    162    161    165    160    169
    162    165    159    160    169
    163    165    159    166    171
    163    164    167    165    168

    165    163    169    165    164
    163    159    167    160    168
    162    164    164    160    168
    162    164    164    168    171
    162    165    167    165    164

     99    100    101    102     98
     98     97    104     97    104
     98    101     98     97    104
     99    101     98    100    104
     99     99    103    100    102

    129    127    132    128    128
    128    126    129    125    132
    126    129    125    125    132
    126    129    125    127    136
    126    130    130    129    129

    135    137    137    135    134
    134    130    139    131    141
    132    134    132    131    141
    133    134    132    135    144
    133    136    140    133    138

    124    124    126    127    121
    120    119    126    120    126
    119    124    121    120    126
    123    124    121    123    128
    123    126    127    124    124

    115    114    118    117    115
    116    110    116    109    117
    110    116    112    109    117
    113    116    112    116    120
    113    117    119    115    118

    104    106    108    105    106
    105    102    108    100    107
    103    107    104    100    107
    102    107    104    105    112
    102    106    111    103    107

     83     84     87     85     83
     82     80     87     81     87
     82     81     82     81     87
     84     81     82     83     90
     84     86     88     84     84

     85     86     86     85     83
     83     83     85     80     89
     81     85     83     80     89
     83     85     83     86     89
     83     86     89     85     85

     90     89     90     90     86
     87     85     91     82     91
     86     87     87     82     91
     88     87     87     89     94
     88     89     94     88     92

     95     93     96     93     93
     93     88     95     89     97
     89     92     90     89     97
     91     92     90     94     98
     91     96     98     94     94

     88     85     89     88     87
     87     83     91     83     91
     84     84     86     83     91
     87     84     86     88     94
     87     90     92     88     90

     87     85     88     87     87
     87     81     87     80     88
     84     86     84     80     88
     83     86     84     86     92
     83     89     89     85     90

     80     78     81     81     80
     80     75     82     75     84
     76     80     78     75     84
     79     80     78     81     89
     79     81     84     80     81

     77     75     75     76     75
     76     71     79     73     80
     72     76     74     73     80
     76     76     74     78     85
     76     79     80     75     77

     61     60     62     62     59
     59     57     61     56     63
     58     59     58     56     63
     58     59     58     60     67
     58     60     62     59     63

     50     49     52     51     48
     49     45     53     49     53
     47     51     49     49     53
     48     51     49     51     55
     48     51     53     50     52

     47     45     46     45     45
     46     43     48     44     48
     44     45     46     44     48
     46     45     46     47     50
     46     46     49     48     46

     40     41     41     42     38
     41     38     42     37     43
     39     43     40     37     43
     39     43     40     42     46
     39     41     43     41     41

     27     28     29     27     27
     26     26     31     24     30
     27     27     29     24     30
     28     27     29     30     30
     28     31     32     29     28

     17     17     18     18     16
     17     14     17     15     20
     17     15     17     15     20
     17     15     17     17     19
     17     17     18     17     16

     20     19     22     21     19
     21     19     21     20     23
     20     21     20     20     23
     21     21     20     23     22
     21     21     23     21     21

     35     35     34     36     35
     34     32     36     33     38
     33     35     35     33     38
     34     35     35     36     39
     34     35     36     35     37

     39     39     42     40     38
     38     36     39     37     41
     38     40     40     37     41
     39     40     40     39     43
     39     41     41     40     39

     47     43     46     46     46
     46     42     46     42     48
     44     46     44     42     48
     45     46     44     46     53
     45     46     49     45     47

     49     50     50     49     49
     48     45     51     44     52
     46     49     47     44     52
     48     49     47     49     57
     48     50     53     48     49

     46     46     47     49     47
     46     43     47     42     48
     44     48     45     42     48
     45     48     45     47     54
     45     48     51     45     48

     47     45     46     47     45
     46     42     47     42     49
     43     46     45     42     49
     43     46     45     46     54
     43     48     50     45     49

     46     44     45     46     46
     45     41     46     40     49
     43     45     44     40     49
     43     45     44     46     52
     43     46     51     45     47

     40     41     42     42     40
     40     38     43     37     46
     39     41     40     37     46
     40     41     40     42     48
     40     42     48     42     44

     43     40     42     42     40
     42     37     43     37     44
     38     41     41     37     44
     39     41     41     43     49
     39     42     47     41     42

     39     37     40     38     38
     39     33     40     34     41
     36     39     37     34     41
     38     39     37     39     43
     38     40     43     38     39

     39     38     38     38     38
     37     34     39     34     39
     34     38     37     34     39
     37     38     37     38     43
     37     38     41     37     39

     34     33     35     35     34
     36     31     35     30     35
     33     34     33     30     35
     32     34     33     35     39
     32     35     38     33     35

     31     30     32     32     31
     32     28     32     28     33
     30     31     31     28     33
     30     31     31     33     36
     30     32     36     30     33

     28     27     29     29     28
     28     26     29     25     30
     28     28     29     25     30
     27     28     29     30     34
     27     30     33     28     30

     22     21     23     23     22
     22     20     23     21     24
     21     22     22     21     24
     22     22     22     23     26
     22     24     26     22     23

     13     13     14     14     12
     15     12     13     11     14
     13     14     14     11     14
     14     14     14     13     15
     14     14     14     15     14

      4      4      4      5      4
      5      5      6      4      5
      5      4      4      4      5
      6      4      4      5      7
      6      5      5      5      4

      3      4      4      4      3
      4      4      3      3      5
      4      4      3      3      5
      4      4      3      3      6
      4      5      4      4      5

      4      6      6      6      5
      5      5      6      5      6
      5      6      6      5      6
      5      6      6      6      8
      5      6      5      5      5

      5      6      5      6      5
      5      4      5      4      6
      6      5      5      4      6
      5      5      5      5      7
      5      6      7      6      4

      7      7      9      9      7
      9      7      9      8     10
      8      8      8      8     10
      7      8      8      8     10
      7      9      9      8      8

     14     14     14     15     13
     15     12     15     12     16
     14     14     13     12     16
     13     14     13     15     18
     13     14     15     13     14

     17     16     16     16     16
     16     15     18     15     20
     16     17     17     15     20
     16     17     17     16     20
     16     18     20     15     19

     17     14     15     15     15
     16     13     16     13     16
     15     16     14     13     16
     14     16     14     16     18
     14     16     19     15     17

     16     16     16     16     16
     16     15     17     14     18
     16     17     16     14     18
     16     17     16     18     19
     16     18     20     17     18

     14     14     13     14     14
     14     12     14     11     16
     14     14     13     11     16
     12     14     13     14     17
     12     14     16     13     15

     16     16     15     16     16
     16     14     16     13     18
     15     16     15     13     18
     14     16     15     16     19
     14     16     18     15     16

     15     16     17     17     16
     17     13     16     14     18
     14     16     16     14     18
     14     16     16     16     21
     14     16     19     16     16

     18     17     18     18     17
     17     15     19     15     20
     16     18     17     15     20
     16     18     17     19     23
     16     18     21     17     19

     18     18     18     18     17
     17     15     19     15     19
     14     17     17     15     19
     17     17     17     18     20
     17     18     21     18     19

     16     16     17     17     16
     16     14     17     13     18
     14     17     14     13     18
     15     17     14     16     22
     15     17     18     16     18

     15     15     15     15     14
     14     13     16     12     17
     13     14     13     12     17
     14     14     13     16     20
     14     16     18     15     16

     16     16     17     17     16
     16     14     17     13     18
     14     17     14     13     18
     15     17     14     16     22
     15     17     18     16     18

     15     15     17     13     18
     18     15     15     15     14
     16     10     13     15     14
     16     10     13     16     17
     16     15     15     16     15

     19     17     16     18     14
     16     13     15     15     14
     12     13     14     15     14
     18     13     14     17     18
     18     13     14     14     15

     16     13     13     17     20
     13     16     15     17     14
     18     13     15     17     14
     16     13     15     15     15
     16     13     15     15     12

     16     18     18     15     15
     13     15     16     17     16
     17     14     17     17     16
     14     14     17     15     16
     14     19     15     16     14

     15     14     15     14     15
     13     13     12     13     11
     13     10     11     13     11
     12     10     11     16     15
     12     14     12     14     11

     10     11     10     11     12
      9     10     12      9     10
     12     10     11      9     10
     11     10     11      8     11
     11     10     10      9     10

     -7    -13     -6     -4     -7
      4     -5    -10    -14    -14
     -2     -7      0    -14    -14
      1     -7      0     -7     -8
      1     -2      0     -8    -11

      7      5      6      6      5
      6      5      4      5      6
      5      4      6      5      6
      5      4      6      6      5
      5      6      1      4      4

      3      3      2      2      3
      3      2      3      2      4
      5      4      3      2      4
      4      4      3      3      1
      4      4      3      3      1

      0      0      0      2      0
      0      0      0     -1     -2
      0      2      0     -1     -2
      1      2      0      0      1
      1      0      0      0      2

      0      0      0     -1      1
      0      0      0     -1      0
      0      0      1     -1      0
     -1      0      1      0      0
     -1      0     -1      1      0

     -2      3      0      1      1
     -1      2      2      1      1
      0      1      0      1      1
      0      1      0      0      0
      0     -1     -1     -1      0

      0      0     -1      0      1
      0      0      0      0      0
      0      1     -1      0      0
      1      1     -1      2      0
      1      1      0      0      0

     -2     -1     -6      0      2
     -5     -5     -1     -4     -5
     -3     -3     -2     -4     -5
     -3     -3     -2      1      0
     -3      1     -2     -2     -1

      1      0     -1      0     -2
     -1      1      0      1      1
      1      0      1      1      1
     -1      0      1      0      0
     -1      0      1      1      1

      1      0      2      0     -2
      0      0     -3      1     -2
      2     -4      3      1     -2
      0     -4      3      1      0
      0      1      0      0      2

     -1      0      0      2      0
      0      0      2      0      0
      1      0      0      0      0
      0      0      0      2      1
      0      0      1      0      1

      1      0      1      2      0
      0      0     -1      1      1
      1     -2      0      1      1
      0     -2      0      1      3
      0      2      1      0      0

      0      0      1      1      0
      0      0      0      0      0
      0      0      3      0      0
      1      0      3      0      2
      1      1      0      2      1

      1      4      0      6      3
      2      0      2      0      3
      4      1      4      0      3
      1      1      4      3      4
      1      3      3      2      4

      2      4      4      3      3
      4      2      5      4      4
      4      4      3      4      4
      2      4      3      4      2
      2      2      2      5      4

      4      2      2      3      4
      0      1      1      3      4
      2      2      3      3      4
      3      2      3      3      3
      3      1      4      3      1

      4      4      3      4      5
      3      4      4      4      3
      4      3      4      4      3
      5      3      4      4      3
      5      3      3      5      4

      7      9      7      7      6
      7      7      8      7      8
      8      7      7      7      8
      8      7      7      8      8
      8      8      7      6      7

     11     13     12     12     11
      7     11     10     10     11
     12     10     10     10     11
     11     10     10     11     10
     11     10     10     11     10

     11     12     14     14     11
     14     14     13     11     14
     14     13     13     11     14
     12     13     13     14     12
     12     10     14     13     13

     14     15     15     14     14
     15     15     14     13     13
     14     11     15     13     13
     15     11     15     13     12
     15     14     15     15     14

     14     16     14     14     14
     15     14     15     14     13
     17     14     13     14     13
     14     14     13     13     16
     14     15     12     13     15

     15     15     17     16     17
     17     15     21     17     18
     15     16     13     17     18
     13     16     13     18     12
     13     14     17     13     15

     14     16     17     16     16
     16     16     16     14     17
     17     16     14     14     17
     14     16     14     16     15
     14     15     15     14     18

     14     14     16     15     14
     14     13     13     14     12
     14     15     15     14     12
     14     15     15     14     14
     14     17     13     14     16

     11     14     13     15     14
     12     13     14     14     11
     12     12     15     14     11
     12     12     15     14     12
     12     13     12     11     13

     14     14     14     13     14
     12     12     13     14     13
     13     13     13     14     13
     13     13     13     13     13
     13     13     13     14     15

     14     13     14     11     15
     14     13     13     14     12
     13     13     14     14     12
     13     13     14     15     14
     13     13     13     14     12

     13     14     13     11     13
     13     10     13     12     12
     12     14     13     12     12
     12     14     13     15     11
     12     13     13     12     11

     13     11     13     11     12
     12     12     12     12     10
     11     11     11     12     10
     11     11     11     12     12
     11     11     13     10     11

     10     13     11     12     12
     13     12     12     14     13
     12     13     12     14     13
     12     13     12     14     12
     12     14     11     12     14

     13     13     12     12     12
     11     12     11     12     11
     11     13     11     12     11
     13     13     11     11     12
     13     11     12     13     12

     11     11     10     12     12
     12      9     12     11     11
     10     12     11     11     11
     12     12     11     11     10
     12     13     11     11     10

     10     10     11     11     11
     12     11     12     10     11
     11     12     11     10     11
     12     12     11     10      9
     12     10     11     10     10

     11     13     10      9     10
      9     11     12     10     11
      8     11     12     10     11
     11     11     12     11     11
     11     11      8      9     12

     10     10     11      9      9
     11     10      9     11     11
     11     10      9     11     11
     10     10      9     10     11
     10      9      8     10      9

      9     10     10     12     11
     10      9      9     11     10
     13     11     11     11     10
     10     11     11     12     10
     10      9     10     10      9

      9     11      9     10      9
      7     10      9      7      8
     10      9      9      7      8
      9      9      9      9     10
      9      9      9     10     10

      9      9     11     10      8
      9      8     11     11      7
      8      9     10     11      7
      8      9     10      9      9
      8      8      9     10      9

     11      8      8      9      8
      8      7      8      7     10
      9      7      8      7     10
      8      7      8      8      8
      8      8      9      8     10

      8      9      7      9      8
      8      8     10      8      6
      8      7      8      8      6
      8      7      8      9      7
      8      8      7      7      7

      7      8      7      7      7
      7      7      8      7      7
      8      8      7      7      7
      7      8      7      8      6
      7      7      6      7      9

      6      8      7      6      5
      8      6      5      6      4
      7      5      4      6      4
      5      5      4      6      7
      5      6      4      6      4

      6      7      6      4      4
      7      6      8      6      5
      8      7      5      6      5
      5      7      5      7      5
      5      6      7      6      6

      4      5      6      4      6
      6      5      4      6      4
      6      6      5      6      4
      6      6      5      3      6
      6      5      5      4      5

      3      4      4      3      5
      4      3      3      2      4
      5      2      3      2      4
      4      2      3      3      6
      4      5      2      4      3

      2      4      3      3      4
      2      3      2      2      3
      4      5      2      2      3
      3      5      2      4      2
      3      2      1      3      3

      0      3      2      1      2
      1      1      1      3      2
      1      0      2      3      2
      1      0      2      3      3
      1      2      1      1      2

      1      2      0      0      0
      0      0      1      3      0
      3      0      1      3      0
      2      0      1      1      2
      2      0      1      2      1

      0      0     -1     -1      0
      0      0      1     -1      0
     -1      1      0     -1      0
     -1      1      0     -1      1
     -1      0      0      0      0

     -1     -1      0     -2      1
     -1     -1      1      0     -1
      0      1      0      0     -1
     -1      1      0      0      0
     -1     -1      0      0      0

      1      0      0      0      1
      0     -2      0     -3      0
      3      0      0     -3      0
      0      0      0      0      1
      0      0      0      0      1

      0      0     -2      0      0
      1      0      0     -1      0
     -1      0      0     -1      0
      0      0      0      0      0
      0     -1     -2      0      0

      0      0      0      0      0
     -1      0      0     -1      0
      0      1      0     -1      0
      0      1      0     -1      0
      0      0     -1      1      0

      0     -1      1     -1      0
     -4     -1      1     -1      0
      0      2      0     -1      0
      0      2      0      0      0
      0      0      0      1      1

      0     -1      0      0      0
     -2     -1      0      0      0
      1     -1     -1      0      0
      2     -1     -1      0      0
      2      1      3      0      0

     -2      3      0      0      1
     -1      0      0      0      0
      0      1      0      0      0
      0      1      0      0      0
      0      0     -1      0      0

      0      0     -1     -1      0
      0      0      1      0      0
     -2      0      0      0      0
     -2      0      0      1      0
     -2      1      0      0     -1

      0      0     -1      0      0
      0      0      0      0      0
      0      0      0      0      0
     -1      0      0      0      0
     -1      2      0      0      0

      0      0      0      0      0
      0      0      0     -1      0
     -1      0     -1     -1      0
     -2      0     -1      1      0
     -2      0     -1      0      0

      0      0      0      0     -1
      0      0      0     -1      0
     -2      0     -1     -1      0
     -2      0     -1      1      0
     -2      1     -2     -1      0

     -1     -1      0      0     -1
      0     -2      0      0     -1
     -1      0      0      0     -1
      0      0      0      0     -1
      0      2      0      0      0

      0      0     -1      0      0
      0      0      0      0      0
      0      0      1      0      0
     -1      0      1      0     -1
     -1      0      0     -2     -1

     -1      1     -1      0      0
      0     -1      1      0      0
      0      0      0      0      0
     -3      0      0      0     -1
     -3      0      0     -3      0

     -1      0      0      0      0
      0      0      0      0      0
      0      0      0      0      0
     -3      0      0      0      0
     -3      1      0     -1      0

      0      0      0      0      0
      0      0      1      0      1
      0      0      0      0      1
     -1      0      0      1      0
     -1      1      0     -2      0

      1      0      0      0      0
      0      0      0      0      1
      0      1      0      0      1
      0      1      0      0      0
      0      1      1      0      0

      1      1      0      1      1
      0      2      2      0      1
      0      0      3      0      1
      1      0      3      2      0
      1      2      0      0      1

      3      2      4      1      3
      3      2      2      4      4
      2      3      3      4      4
      1      3      3      3      3
      1      4      4      2      2

      4      4      4      3      3
      5      4      5      3      5
      4      4      4      3      5
      2      4      4      4      4
      2      5      5      2      2

      3      1      3      2      3
      3      3      3      3      3
      2      3      4      3      3
      2      3      4      2      2
      2      4      3      0      2

      1      2      0      1      1
      2      1      2      1      2
      0      0      0      1      2
      0      0      0      0      0
      0      1      2      1      0

      1      1      1      0      1
      2      2      2      1      1
      2      0      2      1      1
      0      0      2      1      0
      0      3      3      0      2

      4      2      3      4      4
      4      3      3      3      5
      3      3      5      3      5
      3      3      5      3      4
      3      4      4      3      3

      5      5      6      4      4
      6      5      4      5      6
      5      5      4      5      6
      6      5      4      7      5
      6      6      5      4      5

      4      4      5      5      4
      5      5      5      4      4
      4      3      6      4      4
      3      3      6      4      4
      3      6      4      3      5

      4      3      4      3      4
      3      4      4      3      3
      3      2      5      3      3
      3      2      5      5      3
      3      4      5      3      4

      3      3      4      2      2
      4      3      6      3      5
      4      3      2      3      5
      2      3      2      4      3
      2      4      3      2      3

      4      4      3      5      4
      5      5      5      4      5
      4      3      5      4      5
      4      3      5      4      3
      4      5      5      3      4

      5      5      3      6      6
      6      5      5      5      4
      4      4      6      5      4
      4      4      6      5      5
      4      6      5      4      5

      5      4      5      6      4
      4      4      6      5      4
      4      4      5      5      4
      3      4      5      6      4
      3      6      4      5      5

      5      6      5      4      6
      6      5      6      4      6
      5      6      5      4      6
      5      6      5      6      5
      5      7      7      4      6

      5      6      6      5      4
      5      3      4      4      5
      4      5      4      4      5
      4      5      4      5      5
      4      6      6      5      6

      5      5      5      5      4
      6      5      5      5      5
      5      4      5      5      5
      4      4      5      4      5
      4      6      5      3      5

      5      6      3      5      4
      5      5      5      5      6
      4      4      6      5      6
      3      4      6      6      4
      3      5      5      4      5

      6      6      6      5      4
      6      6      6      6      5
      4      4      5      6      5
      3      4      5      5      3
      3      6      5      3      4

      6      4      4      5      3
      5      3      4      5      5
      2      3      5      5      5
      4      3      5      4      6
      4      6      6      4      4

      6      4      4      4      4
      4      3      4      5      4
      4      3      4      5      4
      4      3      4      5      4
      4      5      4      4      4

      3      4      5      3      4
      3      4      3      4      5
      5      4      5      4      5
      2      4      5      5      4
      2      5      4      4      3

      5      5      4      4      3
      3      3      4      2      4
      4      3      4      2      4
      1      3      4      4      3
      1      5      5      4      3

      5      3      5      4      4
      3      2      5      4      4
      2      3      4      4      4
      3      3      4      4      3
      3      6      4      3      4

      3      5      6      5      5
      2      3      3      2      4
      3      3      3      2      4
      2      3      3      5      3
      2      5      5      3      4

      6      5      3      4      4
      4      5      5      3      5
      3      4      3      3      5
      2      4      3      6      5
      2      6      3      4      5

      4      3      3      5      3
      3      3      5      4      4
      5      2      4      4      4
      3      2      4      3      5
      3      6      3      3      4

      6      4      3      3      2
      4      4      3      4      3
      4      3      4      4      3
      3      3      4      3      4
      3      5      3      3      4

      4      4      4      2      3
      5      3      5      3      5
      2      2      6      3      5
      4      2      6      4      4
      4      5      4      3      5

      4      2      4      4      3
      3      3      4      3      3
      2      2      1      3      3
      0      2      1      5      4
      0      5      3      2      4

      5      4      4      2      3
      3      3      3      5      3
      3      3      4      5      3
      3      3      4      4      3
      3      5      3      1      5

      5      2      4      1      3
      1      3      5      4      3
      1      2      3      4      3
      1      2      3      5      3
      1      2      4      2      3

      4      2      2      2      4
      3      2      2      2      1
      4      2      4      2      1
      3      2      4      4      3
      3      3      2      2      3

      1      1      3      4      2
      4      2      3      3      2
      0      0      5      3      2
      2      0      5      3      3
      2      5      4      2      3

      3      3      3      4      3
      4      4      3      1      5
      1      1      2      1      5
      2      1      2      4      2
      2      2      3      0      2

      3      3      4      1      1
      3      3      4      3      5
      0      2      4      3      5
      1      2      4      1      3
      1      2      2      0      2

      2      3      0      3      3
      4      2      4      1      2
      3      1      2      1      2
      0      1      2      4      3
      0      3      4      0      3

      3      0      3      1      2
      3      3      4      3      3
      4      3      1      3      3
      0      3      1      1      4
      0      3      2      1      2

      1      3      0      0      0
      1      0      2      0      3
      2      2      4      0      3
      1      2      4      0      2
      1      1      1      0      1

      1      1      3      0      2
      2      2      2      3      1
      2      1      1      3      1
      0      1      1      1      2
      0      3      2      3      2

      2     -1      0      3      1
      0      0      2      2      1
     -1      2      0      2      1
      0      2      0      1      1
      0      2      3      0      0

      0      3      0      1      0
      1      2      1      3      2
      2      0      1      3      2
      1      0      1      3      3
      1      0      0      2      1

      1      0      2     -1      1
      0      1      2      2      2
      1      0      2      2      2
     -2      0      2      1      3
     -2      2      1      1      0

      2      2      1      0      1
      2      3      1      1      3
      1      1      3      1      3
      1      1      3      2      0
      1      0      1      1      1

      3      0      0      0     -1
      0      0      0      3      1
      0     -1      1      3      1
      1     -1      1      0      2
      1      3     -1      0      1

      0      0      0     -2      2
     -2      1      0      1      0
     -1      0      0      1      0
     -3      0      0      3      2
     -3      2      0      0      2

      1      0      0      0      2
      0      2      0      2      2
      1      1      1      2      2
     -1      1      1      2      0
     -1      3      0      1     -2

      0      0      0     -1      0
      1      0     -3     -1      1
      0     -2      0     -1      1
      0     -2      0      2     -1
      0      0      0      1      0

      1      3      1      0      1
     -1      0      1      0      0
      0      0      0      0      0
     -3      0      0      2     -3
     -3      2      0      0      1

     -1      1      2      0      0
      0      0      0      1      0
     -1     -2      0      1      0
      0     -2      0      0      0
      0      2      0      1      3

      0      4     -1      0     -1
      1      0      0      0      0
      0      0      0      0      0
      0      0      0      0      1
      0      2      2     -2      0

      0     -1      1      1      0
      0      0      2     -1      1
      0      0      0     -1      1
      0      0      0      2      2
      0      0     -1     -2      2

      0      0     -3      0      0
      0     -1      1     -1      0
      0     -2     -1     -1      0
     -4     -2     -1     -1      1
     -4     -1      3      0      0

      0     -1     -3      0      0
      0      0      3      1      0
      1     -1     -1      1      0
      0     -1     -1      0      2
      0      1      0      0     -3

