;
; ENVI ASCII Output of file: E:\Imaging\ROI_AVIRIS\5_0_14.img [Fri Nov 17 11:54:07 2017]
; File Dimensions: 5 samples x 5 lines x 224 bands
; Line Format    : (5i7)
;
    501    514    507    499    498
    491    493    482    501    486
    493    485    505    503    507
    499    499    491    497    517
    504    501    506    510    507

    596    596    590    607    612
    601    584    592    602    593
    590    592    596    611    587
    605    611    598    594    608
    602    582    605    588    588

    631    659    648    645    662
    647    638    640    638    647
    638    652    648    649    637
    669    667    645    647    649
    649    635    647    660    654

    817    824    816    830    835
    826    809    821    825    820
    833    818    833    827    825
    833    836    818    811    821
    839    824    822    819    826

   1203   1218   1205   1211   1220
   1222   1215   1214   1211   1222
   1206   1212   1209   1225   1203
   1219   1214   1205   1209   1207
   1220   1211   1217   1222   1212

   1271   1280   1267   1259   1267
   1268   1265   1278   1268   1266
   1264   1277   1274   1272   1274
   1271   1266   1275   1268   1263
   1259   1261   1276   1280   1263

   1187   1193   1191   1186   1188
   1189   1197   1186   1201   1197
   1191   1197   1182   1194   1190
   1200   1190   1193   1190   1185
   1197   1187   1208   1186   1198

   1094   1106   1091   1090   1093
   1092   1081   1100   1089   1087
   1088   1101   1095   1089   1097
   1106   1102   1095   1088   1093
   1095   1099   1097   1102   1092

   1161   1165   1187   1172   1177
   1170   1177   1173   1179   1174
   1177   1179   1174   1172   1171
   1189   1185   1182   1172   1178
   1177   1182   1180   1187   1174

   1185   1189   1186   1183   1187
   1194   1190   1189   1187   1183
   1184   1188   1189   1189   1188
   1186   1202   1188   1188   1187
   1192   1184   1189   1187   1185

   1139   1152   1153   1148   1140
   1143   1148   1147   1148   1147
   1146   1152   1146   1144   1141
   1153   1150   1156   1144   1147
   1154   1153   1151   1149   1151

   1066   1075   1074   1074   1075
   1075   1065   1071   1074   1071
   1071   1072   1077   1068   1073
   1077   1080   1076   1074   1068
   1079   1079   1071   1076   1066

   1004   1008   1005   1015   1003
    998   1002   1008   1005   1009
   1006   1004   1003    997   1000
   1007   1011   1002   1004   1012
   1012   1010   1012   1010   1006

    897    898    900    898    903
    903    894    896    904    901
    900    899    894    896    897
    904    902    895    900    902
    908    906    900    906    900

    807    808    804    808    802
    804    808    813    806    808
    811    811    807    806    808
    817    811    804    802    808
    815    813    807    813    809

    702    702    707    700    713
    708    703    705    701    704
    705    702    706    705    700
    711    712    702    703    706
    709    708    709    705    699

    621    618    615    616    612
    615    614    615    619    613
    617    611    615    612    615
    624    617    616    608    611
    621    618    611    620    616

    585    583    579    582    578
    580    578    582    581    582
    581    581    581    578    581
    589    584    583    576    578
    587    585    583    583    584

    549    546    543    546    544
    543    540    548    541    551
    545    550    545    542    546
    552    550    549    543    543
    552    552    553    546    552

    503    509    505    502    499
    509    511    508    501    506
    504    502    502    504    504
    513    508    505    503    507
    508    511    508    504    504

    462    463    454    459    457
    460    458    463    461    461
    461    461    458    454    460
    464    460    459    455    459
    466    460    463    464    463

    417    421    421    414    417
    418    417    419    421    420
    419    421    420    415    417
    426    420    419    419    419
    424    418    423    419    419

    388    390    386    389    387
    386    386    384    387    386
    385    384    385    382    385
    391    386    386    388    381
    398    389    389    389    384

    339    338    341    337    341
    339    339    341    340    342
    341    336    342    340    341
    344    341    340    341    341
    344    342    341    341    343

    312    319    314    312    317
    315    314    311    317    315
    314    317    315    312    317
    316    320    314    313    311
    323    315    317    313    312

    302    307    301    304    298
    307    299    302    304    304
    302    300    300    299    303
    306    304    304    301    304
    305    304    307    302    303

    283    281    281    279    279
    283    280    278    281    278
    282    277    279    280    277
    282    282    282    280    280
    284    279    282    280    278

    258    261    259    257    256
    261    255    257    258    258
    260    257    261    258    256
    263    260    260    254    262
    260    262    260    257    256

    248    247    247    248    250
    246    249    248    249    247
    250    248    248    248    245
    250    249    247    246    248
    254    246    248    250    246

    227    228    227    228    227
    229    226    228    231    226
    230    229    226    228    229
    228    233    231    231    228
    229    228    232    231    228

    217    220    214    216    214
    214    210    213    216    214
    217    215    218    213    216
    219    216    213    214    213
    220    216    217    219    217

    211    213    209    211    210
    213    209    210    209    211
    209    216    214    212    211
    210    212    210    210    212
    212    210    212    215    211

    210    210    211    207    212
    211    212    210    207    210
    205    216    216    214    210
    208    211    206    208    211
    213    207    215    213    211

    211    213    208    212    209
    213    209    207    210    212
    208    217    214    212    210
    210    212    210    210    213
    212    209    212    215    211

    195    194    194    198    190
    196    198    193    196    199
    189    196    199    198    197
    196    195    190    198    197
    196    190    198    198    199

    172    174    171    171    168
    175    175    167    173    173
    168    178    172    179    175
    175    171    168    174    176
    173    165    178    176    174

    152    154    150    155    154
    154    155    147    153    153
    148    159    150    158    154
    149    155    148    153    153
    155    147    152    156    156

    147    145    143    148    147
    145    150    137    145    148
    142    148    145    149    143
    143    149    141    147    149
    147    139    146    149    149

    133    134    127    136    129
    133    135    123    131    132
    130    135    133    136    133
    132    133    129    136    139
    135    127    131    138    134

    103    105    101    107    101
    104    105     95    105    104
    100    107    103    110    105
    102    105    100    107    107
    104    100    104    107    106

    112    113    105    111    110
    110    111     99    112    112
    106    116    111    115    110
    109    111    107    111    113
    112    102    110    113    113

    117    119    113    122    118
    117    118    106    120    124
    114    125    120    125    117
    117    122    114    121    127
    120    111    119    122    120

    120    120    114    123    117
    119    123    106    122    122
    116    124    117    125    119
    118    122    115    121    125
    120    108    118    123    123

     71     73     68     75     70
     71     74     62     75     74
     71     74     70     76     71
     71     74     67     77     76
     72     66     70     74     75

     94     94     87     97     92
     93     94     80     94     96
     88     96     92     99     94
     92     96     87     97    100
     93     85     94     97     98

     98     98     92    101     96
     96    100     83    102    101
     94    101     96    102     97
     95     98     91    103    102
     98     88     98     98    100

     89     91     85     94     89
     90     93     75     89     90
     86     94     89     95     89
     88     94     83     95     94
     93     79     90     91     95

     82     83     79     86     82
     81     84     69     83     85
     81     86     81     91     83
     82     85     78     87     89
     84     73     81     86     87

     78     75     72     82     75
     75     79     62     79     78
     72     81     77     81     76
     75     78     72     81     83
     76     67     75     81     79

     62     61     58     65     60
     62     62     52     63     63
     59     64     62     65     63
     61     64     57     65     67
     63     53     61     65     65

     61     62     58     66     60
     61     63     50     65     65
     57     67     61     68     61
     61     66     57     65     67
     62     54     61     66     66

     64     65     61     70     62
     64     67     50     68     67
     60     69     65     70     64
     61     68     59     69     69
     65     55     64     68     66

     69     69     62     74     67
     70     70     53     72     69
     66     73     68     74     70
     67     72     62     74     75
     69     58     66     72     72

     64     62     58     69     64
     63     64     49     67     69
     61     67     63     72     64
     63     66     59     70     73
     65     53     63     69     67

     62     61     58     68     61
     63     64     47     63     67
     60     67     60     69     63
     61     68     58     69     68
     61     52     61     66     68

     58     58     54     64     58
     60     58     44     61     62
     54     62     56     66     58
     57     61     53     64     66
     59     48     56     63     62

     57     55     51     61     55
     55     57     42     60     59
     54     58     57     63     56
     54     57     51     62     63
     57     46     54     58     59

     44     45     42     48     43
     43     46     32     45     47
     42     48     42     51     46
     43     46     40     49     49
     45     35     43     47     48

     39     38     36     42     38
     37     40     28     42     42
     37     40     37     43     39
     38     39     36     44     44
     39     30     38     41     40

     34     34     32     35     32
     34     35     25     36     36
     33     37     34     39     37
     33     35     32     38     40
     35     27     35     35     36

     30     31     28     35     32
     30     33     21     33     35
     29     33     31     36     33
     30     33     27     34     36
     33     25     29     34     35

     20     23     21     23     19
     24     20     13     23     25
     20     24     18     25     25
     24     21     20     23     27
     23     16     18     19     20

     15     15     15     17     13
     15     15     10     16     17
     14     16     14     19     15
     17     17     14     17     16
     15     10     15     14     16

     16     17     14     18     15
     15     18      9     18     16
     15     16     15     17     18
     14     17     15     17     18
     15     12     16     17     17

     26     24     23     28     24
     24     25     16     28     27
     24     26     25     28     27
     26     27     22     29     30
     26     18     25     27     29

     28     30     26     33     28
     29     31     18     31     32
     27     30     29     34     31
     28     31     27     32     34
     30     23     29     31     32

     34     32     30     37     32
     31     34     20     36     35
     30     35     33     39     34
     32     36     30     39     39
     34     25     31     36     36

     35     33     31     41     34
     35     36     21     38     38
     31     40     33     39     35
     33     37     31     39     42
     36     26     33     38     38

     36     33     30     36     32
     33     36     20     38     36
     30     35     32     39     35
     33     37     29     40     41
     33     25     32     36     37

     34     34     28     39     33
     32     35     19     37     36
     31     37     32     40     34
     31     36     29     39     40
     33     25     31     37     38

     34     32     28     36     32
     32     35     19     35     34
     29     35     31     38     33
     33     37     30     38     38
     33     25     30     36     36

     30     31     26     33     29
     28     31     16     31     32
     26     32     30     35     30
     29     33     26     36     34
     31     21     28     32     33

     30     30     25     34     28
     28     31     16     32     33
     26     33     28     35     31
     28     32     27     35     36
     31     22     28     33     33

     27     28     24     33     26
     27     28     14     30     32
     26     32     27     33     28
     26     31     24     33     34
     28     20     25     31     31

     28     27     24     30     27
     26     29     15     29     30
     24     30     26     32     28
     27     31     24     33     34
     27     19     24     29     31

     25     24     21     29     25
     23     25     13     26     27
     21     29     23     30     25
     24     27     21     28     29
     24     17     23     27     27

     23     22     19     27     22
     22     24     11     24     25
     20     26     22     27     23
     22     25     19     27     27
     23     16     21     25     26

     21     20     17     25     20
     20     22     10     22     23
     19     24     20     24     21
     20     22     18     26     25
     21     14     19     24     25

     16     16     14     18     16
     16     17      8     18     18
     14     19     15     20     17
     16     18     14     19     20
     17     11     15     18     18

      9     10      9     11     10
     10     11      5     11     11
      9     11      9     11      9
      9     11      9     13     13
     11      6      9     10     11

      3      4      4      5      4
      4      5      2      5      5
      4      5      3      5      5
      5      4      4      7      6
      5      2      4      5      5

      3      4      3      4      4
      3      3      1      3      4
      3      4      2      5      6
      3      3      4      5      3
      4      2      4      4      3

      4      5      4      6      4
      5      5      1      6      5
      4      4      4      5      6
      4      5      4      5      5
      4      2      5      4      6

      4      4      5      6      5
      5      5      2      5      6
      4      4      3      6      4
      4      4      4      7      8
      4      2      3      4      5

      6      6      5      6      6
      6      6      2      7      8
      5      6      5      7      7
      6      8      5      9      8
      7      3      5      6      8

     10     10      9     12     10
     10     11      4     13     12
      8     11     11     12     12
     10     11      9     14     14
     10      7     10     12     12

     13     12     10     17     13
     12     12      5     14     14
     10     13     13     16     13
     12     14     10     16     16
     12      7     12     12     14

     11     12      8     13     10
     11     12      4     12     12
     11     13     10     15     13
     11     13      9     14     14
     10      6     11     12     12

     12     12      9     15     11
     11     11      4     14     13
     10     14     11     15     13
     11     13      9     16     16
     12      7     10     13     12

     10     10      7     12      9
     10     10      3     12     12
      9     11     10     13     11
     11     10      9     14     14
     10      6      9     11     11

     11     12      9     13     12
     11     12      4     13     14
     10     13     10     15     12
     10     14     10     15     16
     13      6     11     13     13

     12     11      9     15     11
     12     13      4     13     14
     10     13     11     14     13
     10     13      9     15     15
     12      7     11     13     14

     13     12     10     15     13
     12     12      4     15     14
     11     15     12     15     14
     12     15     11     17     18
     14      7     12     15     15

     13     12     10     16     12
     12     14      4     15     15
     11     14     12     18     15
     12     16     10     17     16
     13      7     11     15     16

     11     11     10     13     11
     12     13      3     14     13
     11     13     10     15     13
     12     15     10     16     15
     12      7     11     13     12

     11      9      8     13     10
     10     12      3     12     12
      9     12     10     14     11
     10     12      9     14     14
     12      6      9     11     13

     11     11      9     13     11
     12     13      3     14     13
     11     13     10     15     13
     12     15     10     16     15
     12      7     11     13     12

     11     10     12     15      7
      9      6     11     14     10
      8     12     13      7     11
      7     16     15     15     18
      6     12      8     14     12

     12     10      6     12     12
     10      8     12     11     14
     11     10     12     14     10
     13     12     11     10     11
      7      9     10     13     12

     10      9      8     12     12
     10      9     12      9     12
     10     10     11     12      9
      8     14     11     15     11
     10      9      9     12     13

     12     11      6     10      7
     11     14     11     14     10
      9     12     12      9      8
     12     13      8     10      9
     12      8     13     12     11

     11     11      9     12      7
      8      7      9      9     11
      6     10     12      9     12
      9     11      7     14     11
      5      7      9     12      9

      8      8      5      9      9
      7      8      6      9      7
      6      6      8      9      8
      7      9      5     10      7
      6      7      9     11      6

     -5     10      6      0    -15
     29     25     40     31     28
     -9    -10     -5      6     -8
      0    -24    -26     -9      0
      3      9      7    -11    -17

      3      5      3      3      4
      3      4      4      3      3
      4      5      8      7      3
      6      3      2      4      4
      1      4      6      4      5

      3      3      3      3      1
      0      3      3      1      2
      3      3      3      2      3
      2      4      2      5      3
      2      2      2      4      4

      0     -1      0     -1      0
      0      0      0     -1      0
      0      2      2      1     -1
      1      2      0      3      0
      0      0      1      2      0

      0     -1      0      1      0
     -2     -1      0      0      0
      0      0      0      0      0
      0      0     -1      2     -1
     -2      1      0      0      0

      0      2     -1      0      0
      0      0     -1      0     -2
      0      0      1      1      1
      0      1     -1      0      0
      0     -1      2      1      0

     -1      0      0      0      0
      0      0      1      0      0
      1     -1      2      1      0
      0      0      0      1      0
     -1      0     -2      1      1

     -5     -4     -2      0     -4
      2     -2     -1     -1      0
     -6     -5      0     -3      0
      0     -1      0      2     -3
     -4      0      0     -2     -1

     -1      0     -1      2      0
     -2      0     -1     -2      1
      0      0      1      0     -1
      0     -1     -2      2      1
     -3     -1     -1      0      1

      1      2      0      1      0
      0     -1      1      0     -1
      1      0      0      0      0
      0      0      1      2      0
     -5     -1      0      1      0

      0      0     -2      1     -1
      2      0      1      1      0
      2      2      0      2      2
      1      1     -1      1      0
      0      0      0      3      0

      1      2      1      2      0
      0      0      2      1      0
      1      0      4      2      2
      0      0      0      3      0
     -2      1     -1      2     -2

      3      1      1      2      0
      1     -3      0      2      1
      2      1      1      1      3
      2      2      1      1      3
     -1      1      0      4      1

      0      3     -1      4     -1
      1      0      2      2      1
      1      2      2      3      1
      0      1      3      3      1
      1      2      3      5      0

      2      2      2      3      4
      1      0      3      3      2
      1      4      4      4      5
      4      2      2      2      4
      0      3      5      2      2

      2      2      1      2      2
      0      2      3      2      1
      2      2      2      3      2
      2      2      1      2      2
     -1      0      2      4      3

      2      3      2      4      3
      4      3      3      3      3
      4      2      5      3      4
      2      3      3      4      3
      0      5      3      3      4

      6      7      2      4      7
      3      6      4      4      5
      4      6      6      8      7
      3      6      3      8      7
      5      5      7      8      5

     10      6      5      7      8
      9      8      8      7      7
      9      9      9      7      6
      9     10      8      8      9
      6      7      9      7      7

     10     10      8     11      7
      9      8     10     10      8
      9      9     10     10     10
      8      8     10     12      9
      7     10     10     10      7

     10      7      9     11     11
     11     10     11     10      8
      7      8     10     11      9
     11     11      9     12      9
      8      9      8     10     10

     11     10      9     13      9
     11     10     11     10      9
     10      9     11      9     10
     10     11     11     11      9
      8      9     11     10     11

     14     14      9     16     12
      8     11     11     10     10
     14     10     10      9      9
     14     14      9     13      9
      6     11     10     11      7

     12     12     11     10     12
     11     10     12     11     12
     11     12     12     13     15
     13     13      8     11     10
     11     10     10     12     11

     11     10     11     13     11
      8      9     11      9     10
     10      9     10     11     11
     11     11      9     12     10
      8      9      9      9     10

     10      7      8     10      9
      6      9     10      9      9
      8      9      9     10      9
      9     10      7     11      8
     10      8     10     10      9

     11      8      7     11      9
      9     10     11      9      9
      9      7     10      9     11
      8     10      8     10      9
      8      9     11      9      9

     10      9      8      9      9
      8      8      9     10      7
      8      8      8      8     11
      7     10      7      9      9
      9      8      9     11      9

     10      9      8      9      6
     11      8      8     10      9
      9     11      9      9     10
      9     10      8     10     10
      9      7      7      8      9

      7     10      7     10      6
      8      9      8      7     10
      8      9      7      8      7
      8     10      6      9      7
      6      8      8      8      9

     11      9      8      8      8
      7     10      8      9      8
      7      9      9      7     10
      9     10      8      9      8
      8      7      8     10      9

      9      9      7      8      7
      9      8      8      6      8
      9      9      7      6      6
      8      9      8     10      7
      6      8      6     10      9

      8      9      7      8      7
      6      6      9      8      6
      7      7      9      6      8
      8      9      6      7      7
      7      8      7      9      8

      7      8      6      9      7
      8      9      8      7      8
      8      8     10      7      8
      6      9      6      9      7
      5      7      9      8      7

      8      7      7      9      6
      7      6      9      8      7
      7      8      8      7      9
      8      8      6      8      8
      4      5      8      6      8

      6      9      7      8      8
      7      8      6      7      6
      7      8      9      5      7
      7      8      5      7      7
      8      6      7      6      7

      7      7      5      8      7
      7      7      7      7      7
      8      7      7      8      6
      7      7      5      7      7
      6      5      6      8      9

      8      7      6      8      4
      6      7      7      5      6
      5      7      8      5      8
      7      9      5      8      8
      5      7      7      7      6

      6      6      6      6      6
      6      5      6      7      5
      4      5      7      7      6
      6      8      6      6      7
      6      6      8      7      6

      5      5      7      7      7
      6      5      3      5      5
      5      7      7      4      7
      5      5      4      6      6
      6      5      6      6      7

      7      5      5      6      6
      3      5      6      6      5
      4      6      4      6      7
      5      8      4      5      7
      5      6      5      5      6

      6      5      4      8      5
      5      4      5      4      4
      5      5      5      4      6
      3      4      4      6      5
      3      6      4      5      5

      4      4      4      6      6
      5      3      3      4      3
      5      5      3      3      4
      5      9      5      6      5
      2      3      2      6      5

      5      4      3      5      4
      3      2      4      3      5
      3      5      5      2      6
      3      6      5      3      5
      3      4      4      4      6

      6      3      2      4      5
      3      3      3      2      5
      3      4      6      5      5
      3      4      4      5      4
      3      4      3      5      4

      4      3      3      3      2
      2      2      3      2      2
      2      4      2      5      2
      4      4      2      4      3
      3      2      2      4      3

      3      3      1      1      1
      1      0      1      3      4
      3      2      3      3      3
      3      1      2      4      2
      1      3      2      4      3

      1      1     -1      0      1
      2      0      2      1      1
      1      3      1      0      2
      1      1      0      2      0
      2      0      2      1      2

      0      2      0      1      0
      0      0      0      0      2
      0      0      1      1      1
      0      2      0      1     -1
      0      2      0      1      0

      2      0      0      0     -1
      0      0      0      0      0
      0     -1      0      0      0
      0      0      0      0      1
      0      1      0      1      0

     -1      1     -1      0      0
      0      1      0     -1      0
      0      1      2      0      1
      0      0     -1      0      1
      0      0     -1      0      0

      2      1     -1      0     -1
      0      0      0      0      0
      0     -1      0      0      0
      0      0      0      0      0
      0      1      0      0      0

      0      0     -1      0      0
     -2     -1     -3     -2      0
      0      0      1     -1     -1
     -1      0     -1      2      0
      0     -1      0     -2      1

      1      0     -1      3     -1
      0      0      0      0      0
      0      0      1      1      0
      0      1      0      2     -1
      0      1      1      0      0

     -1      0     -1      0      0
     -1      0      1      0      0
      0     -1      0      0      3
      0      3      0      1      0
      0      0     -1      1      2

      1      0      0      1      0
     -1      1      0      0      0
      0      0      2      0      1
      0      0     -3      0      2
     -2      0     -1      0     -2

      0      1     -1      2      0
      0     -1      0      0      0
      0      0      1      0     -1
      0      3      0      0     -2
      0      0      0      0      0

      0      0      1      0      1
      0      0      0     -1      0
      1     -1      0      0      0
      0      0      0      0      0
      0      0      0     -1      0

      1      0      1     -1      0
      0      0      0      0     -1
      0     -1      0      0      1
      1      0      0      0      0
      0     -1     -1      0      0

      0      0      1      2      2
      0      1      1      0      0
      0      0      1      2      0
      0     -1      0     -1      0
     -1      1      0      0      0

      0      0      1      0      1
      0      0      1      0      0
      0      0      0      2     -1
      0      0      0      0      0
     -1      0      1      0      2

      0      0      1      0      1
      0      0      0      0      0
      1      0      0      0     -1
      0      0      0      0      0
      0      0     -1     -1      0

      0     -1      0     -1      0
      1      0      1      0      0
      1      0      3      0      0
      0      0      0      0      0
      1      0      0      1      0

      0      1      0      0      0
      0      0      0      0      0
      0      0      1      0      0
      0     -2      0      0      0
      0     -1      0     -1      0

      0      0      0      0      0
      0      0      0      0      0
      0      0      2      0      0
      0      0      0      0      0
      0      0     -2      0      0

      0      0      2      0      0
      2      0      0      0      0
      0      0      1      1      0
      0      0      0      0     -1
      0     -1     -2      0      0

      1      1      0      1      0
      0      0      1     -1      0
      0      1      0      1      0
      1     -1      1      0     -1
      0      0      0      0     -1

      1      0      2      1      1
      2      1      3      0      0
      0      1      1      2      0
      1      0      0      1      2
      1      0      2      0      1

      1      0      5      2      2
      2      1      4      1      1
      2      2      2      2      2
      2      1      2      1      1
      2      0      1      1      1

      3      2      4      3      3
      3      2      3      2      4
      3      3      3      5      1
      2      3      3      1      2
      2      3      2      3      2

      1      1      2      2      2
      1      2      3      0      1
      2      3      2      3      0
      2      2      2      1      1
      0      0      1      0      1

      1      0      2      1      2
      0      2      0      0      1
      1      0      2      2      0
      1      0      0      2      1
      0      0      0      1      1

      1      0      2      1      3
      0      1      2      0      0
      0      0      2      2      0
      1      0      1      1      1
      0      1      1      0      0

      3      2      4      3      1
      1      4      5      4      2
      2      3      3      5      1
      4      2      1      2      2
      2      3      3      2      5

      3      4      3      3      3
      5      4      5      2      4
      2      3      4      4      2
      4      2      3      3      3
      4      2      3      1      3

      2      3      4      3      3
      3      3      4      2      2
      4      1      2      5      3
      3      1      3      1      2
      2      2      3      2      3

      3      3      2      2      2
      3      2      3      2      1
      2      1      2      4      2
      2      2      2      3      2
      2      3      2      3      2

      2      1      2      2      2
      2      2      3      2      2
      3      2      3      4      2
      4      2      3      2      2
      2      2      1      1      1

      3      3      4      2      3
      3      4      4      2      1
      3      3      3      4      4
      5      2      4      3      3
      2      3      3      2      4

      3      3      4      4      5
      3      5      4      3      2
      4      3      5      4      4
      4      3      3      4      2
      3      3      3      3      3

      2      2      3      4      2
      5      3      4      2      4
      2      3      4      4      1
      3      3      3      4      3
      4      3      3      1      3

      3      2      4      3      3
      3      3      3      2      3
      3      4      4      5      2
      4      3      3      4      3
      4      3      3      2      3

      3      1      3      2      4
      4      3      4      2      3
      3      3      5      3      2
      2      2      2      2      3
      3      2      3      3      3

      3      2      4      2      4
      4      2      3      3      4
      3      3      3      3      3
      3      3      2      3      2
      3      1      3      4      3

      3      2      4      3      4
      3      4      4      3      3
      4      4      3      4      2
      3      2      2      3      2
      4      2      4      3      4

      3      2      4      4      4
      4      2      1      3      2
      2      3      3      3      3
      2      1      3      3      2
      2      3      4      3      3

      3      3      4      3      3
      4      2      5      3      3
      2      3      3      4      2
      3      2      5      4      4
      3      3      2      2      3

      4      3      3      3      2
      3      4      3      3      2
      1      3      4      4      3
      5      0      2      2      2
      3      2      2      3      4

      3      2      4      2      3
      2      2      4      2      1
      2      2      3      3      3
      5      1      2      4      1
      4      3      1      3      2

      3      1      3      3      3
      4      3      2      2      2
      3      2      5      3      4
      2      2      4      3      2
      2      1      3      3      4

      2      1      4      2      3
      3      2      3      2      3
      4      3      3      4      1
      2      3      2      3      3
      2      3      1      2      3

      4      3      3      2      2
      3      3      3      1      3
      2      3      4      3      1
      1      1      4      3      2
      1      4      3      0      3

      3      3      3      3      2
      2      3      3      3      2
      2      1      3      4      2
      2      1      4      3      2
      2      2      2      2      2

      2      3      5      2      2
      2      3      3      2      3
      2      3      2      4      2
      4      0      4      4      2
      1      3      3      2      3

      3      3      2      2      4
      4      3      2      3      4
      1      1      3      4      3
      3      1      3      4      3
      3      3      3      1      3

      2      2      4      4      2
      1      2      3      0      2
      4      3      3      4      2
      2      2      3      3      0
      2      2      3      2      3

      3      2      2      1      2
      3      2      3      1      1
      1      4      3      4      1
      3      0      2      2      1
      3      2      2      0      3

      2      0      2      1      2
      3      3      4      1      4
      1      1      4      3      3
      2      2      1      3      3
      3      2      1      0      1

      0      2      2      2      3
      0      1      1      3      3
      1      3      3      3      0
      2      2      2      2      2
      2      2      2      0      1

      4      1      3      2      1
      3      2      4      2      1
      1      2      3      2      1
      3      1      2      2      1
      3      1      1      1      2

      2      3      2      3      0
      1      1      0      0      0
      2      2      2      2      1
      3      1      0      2      0
      2      1      1      0      2

      0      1      4      2      2
      1      2      4      2      1
      0      1      3      1      0
      1      1      2      1      0
      3      2      3      2      2

      3      2      1      1      4
      1      2      0      0      2
      1      0      2      3      1
      3      0      2      1      1
      0      0      2      2      2

      1      2      3      3      3
      1      2      1      0      3
      0      1      2      3      0
      1      0      2      0      0
      2      0      1      0      0

      1      0      2      2      2
      1      0      2      0      3
      3      1      1      1      0
      0      2      1      0      0
      1      1      1      0      2

      2      2      3      2      3
      2      0      1      3      0
      1      2      2      2      0
      4      2      0      2      0
      0      2      1     -1      0

      1      1      2      0      2
      2      0      0     -2      1
      0      0      3      2      1
      1      0      1      0      0
      0      0      1      0      1

      2      1      0      2      2
      0      2      1      2      0
      0      0      3      3      2
      3      0      0      2      0
      0      0      0      0      2

      0      0      1      0     -1
      0      0      1      2      0
      0      0      1      2      0
      2      0      1      0      1
      1      0      1     -2      3

      0      0      1      0      1
      1      0      2     -1      0
     -1      0      0      1      0
      2     -1      1      0      0
      1     -1      1      0      0

      1      2      3      1      2
      1      1      0      1      0
      0      3      3      3      0
      1      0      1      0      0
      2      0      0      0      0

      1      0      3      0      2
      1      0      1      1      1
     -3      0      0      2      2
      4     -1     -2      0      0
      0      0      2     -1      0

      0      0      3      0      0
      0      0      0      1      0
      0      0      2      4      0
      0      0      0      0     -3
     -1      0      1      0      1

      1      1      3      1      0
     -1      0      1      2      0
     -1      0      1      3      0
      2     -2      0      1      0
      0     -1      0      1      0

      1      0      0      2      2
      5      0      1     -1      0
      1      0      0      3     -2
     -2      0      0      4      0
      2     -2      2      0      0

      0      0     -1      1     -2
      2      0      1      0      0
      0     -1      1      1      0
      0      0      0      0      1
     -2      0      2      0      0

      2      0      1      3      0
      2      0      2      0      1
      0      0      0      2     -1
      0      1      3      0     -1
      0      0      0      0      0

      0     -1      2      0      3
      0      0      0      0     -1
      0     -2      2      2      2
      0      0     -1      0     -1
     -2      0      1      2      3

      3      0     -1      1      0
      0      0      5      0      0
      0      0      1      0     -1
      2      1      0      0     -3
      0      0      1      0      0

      0      0      1      0      2
      0      1     -3      1     -1
      1     -2      0     -1      0
      0     -3     -1      1     -2
      0     -1     -1      0      1

     -2      0      2      1      1
      1      0      0     -4      0
      0     -1     -2      2      0
      0      0      0      1      1
      0      1     -2     -1      0

