;
; ENVI ASCII Output of file: E:\Imaging\ROI_AVIRIS\5_0_11.img [Fri Nov 17 11:53:40 2017]
; File Dimensions: 5 samples x 5 lines x 224 bands
; Line Format    : (5i7)
;
    548    528    525    508    508
    541    538    521    517    518
    515    507    521    538    532
    518    520    517    529    515
    506    521    502    516    529

    626    608    613    628    628
    614    611    622    626    623
    632    601    623    621    602
    602    626    610    614    604
    625    621    595    607    621

    672    661    666    664    664
    678    659    652    681    659
    669    643    673    671    662
    661    679    664    670    673
    673    651    657    657    669

    843    839    854    831    831
    847    835    851    833    839
    836    849    837    854    845
    840    843    829    845    833
    844    847    845    836    852

   1223   1223   1230   1225   1225
   1230   1233   1228   1223   1232
   1225   1226   1224   1225   1217
   1239   1225   1227   1221   1224
   1220   1224   1219   1222   1222

   1295   1288   1291   1286   1286
   1287   1271   1282   1286   1282
   1285   1270   1279   1282   1282
   1283   1277   1288   1291   1274
   1288   1276   1284   1272   1279

   1188   1194   1198   1207   1207
   1200   1209   1201   1205   1203
   1210   1192   1200   1200   1207
   1200   1210   1202   1205   1200
   1209   1199   1206   1201   1196

   1105   1107   1101   1099   1099
   1097   1105   1099   1107   1099
   1101   1094   1107   1105   1099
   1106   1102   1096   1104   1102
   1106   1106   1095   1096   1101

   1187   1194   1186   1185   1185
   1182   1186   1183   1189   1181
   1193   1187   1181   1181   1183
   1184   1188   1178   1186   1178
   1191   1185   1183   1181   1179

   1200   1198   1205   1192   1192
   1190   1185   1195   1192   1193
   1200   1203   1197   1191   1191
   1202   1192   1191   1185   1186
   1196   1193   1190   1202   1202

   1160   1160   1160   1159   1159
   1161   1161   1149   1151   1157
   1154   1158   1154   1150   1157
   1154   1161   1153   1151   1150
   1156   1153   1145   1155   1148

   1081   1079   1074   1083   1083
   1075   1079   1076   1073   1081
   1082   1085   1077   1073   1077
   1084   1074   1077   1086   1071
   1079   1078   1073   1083   1080

   1016   1014   1014   1016   1016
   1011   1004   1014   1010   1007
   1009   1013   1005   1009   1008
   1015   1013   1011   1016   1010
   1016   1006   1010   1015   1008

    912    902    913    905    905
    907    901    905    903    906
    904    911    904    910    910
    911    905    902    905    907
    909    907    908    900    902

    814    818    816    813    813
    814    812    808    817    817
    818    808    815    813    818
    821    815    809    813    813
    814    814    807    818    808

    715    715    719    714    714
    719    720    715    716    712
    717    714    719    712    717
    714    714    713    710    709
    713    721    712    708    716

    632    625    633    625    625
    628    629    628    625    627
    631    625    630    626    623
    626    627    625    628    618
    622    629    625    623    624

    594    591    596    592    592
    593    594    592    596    593
    597    590    593    589    592
    589    589    588    592    586
    591    594    589    587    593

    555    557    558    557    557
    558    558    555    567    557
    561    554    555    551    560
    551    551    551    554    552
    559    559    553    551    560

    520    517    523    515    515
    522    513    513    515    516
    520    516    513    520    517
    520    515    510    514    511
    518    517    517    513    517

    471    470    472    468    468
    472    468    465    473    468
    471    471    465    469    467
    468    470    469    473    464
    471    471    470    472    470

    432    431    428    432    432
    430    431    427    431    431
    428    425    433    432    432
    431    428    430    429    426
    432    427    428    424    434

    399    395    401    395    395
    397    393    395    398    400
    397    396    398    402    395
    396    396    398    400    395
    401    400    395    395    393

    353    353    353    350    350
    353    352    350    349    349
    355    350    350    350    351
    349    344    349    350    346
    349    351    349    353    353

    329    323    325    325    325
    325    323    318    327    327
    330    323    326    325    325
    324    320    323    324    324
    323    325    322    322    320

    311    314    312    309    309
    315    312    307    313    310
    316    311    313    313    308
    311    312    309    312    309
    312    314    311    314    312

    293    289    290    291    291
    290    291    288    290    291
    289    291    288    291    290
    290    291    289    292    285
    291    291    290    294    289

    269    266    268    267    267
    270    269    265    264    270
    264    268    267    265    271
    268    265    265    269    263
    268    266    263    268    266

    257    257    256    259    259
    257    258    249    256    253
    256    257    251    254    256
    256    255    253    254    253
    254    255    255    252    258

    238    236    237    237    237
    235    234    236    237    237
    236    237    231    241    236
    236    235    234    238    233
    235    235    236    238    236

    224    220    225    223    223
    224    225    222    224    224
    223    221    220    224    225
    223    222    221    227    221
    223    223    219    226    223

    221    217    219    221    221
    221    217    215    220    218
    219    215    221    220    221
    219    219    219    221    216
    218    219    219    219    219

    222    217    222    217    217
    222    214    216    215    220
    212    208    221    222    224
    214    219    218    219    214
    216    221    218    224    220

    220    217    219    221    221
    221    216    213    219    219
    218    215    222    220    220
    219    219    218    221    214
    218    220    218    219    218

    203    200    203    207    207
    206    200    200    200    205
    195    197    208    206    206
    197    204    201    202    195
    202    210    203    206    202

    180    179    181    177    177
    180    173    173    176    183
    175    175    183    178    180
    175    182    175    180    175
    182    188    174    182    180

    161    158    156    154    154
    158    153    151    157    161
    154    155    163    158    160
    154    158    153    157    153
    157    165    152    158    155

    150    151    152    149    149
    153    145    142    147    156
    146    146    157    151    151
    147    151    147    151    146
    150    160    148    152    147

    135    140    139    137    137
    138    131    133    135    143
    132    136    141    141    139
    135    139    136    139    133
    140    144    134    137    135

    104    107    107    105    105
    107    102    102    105    111
    104    104    111    111    108
    103    109    106    111    100
    107    110    105    107    106

    110    116    113    114    114
    115    109    108    111    121
    109    109    121    115    116
    111    115    110    114    105
    113    122    112    116    114

    122    123    122    122    122
    123    116    115    120    130
    119    123    131    126    123
    120    124    119    130    112
    125    131    122    124    120

    121    122    125    121    121
    124    117    113    118    130
    119    122    130    125    122
    120    126    119    127    115
    122    134    122    123    119

     72     73     75     74     74
     74     70     68     72     78
     68     74     78     77     71
     70     76     71     76     68
     73     80     72     73     70

     94     98     97     97     97
     95     90     88     90    102
     91     95    102     95     98
     92     95     92     98     88
     96    103     94     94     91

     98     99    102    103    103
    101     92     90     95    108
     96     99    108    100    100
     98    101     98    104     89
    102    111     98    100     97

     91     91     92     91     91
     92     85     82     89    100
     87     89    100     94     91
     88     95     89     96     84
     91    100     89     93     88

     85     86     86     85     85
     87     80     77     81     91
     79     84     93     89     82
     80     87     79     89     76
     83     95     82     84     80

     74     80     80     77     77
     78     71     70     74     83
     73     78     87     81     76
     75     79     75     82     70
     78     87     77     78     73

     61     64     64     63     63
     62     57     55     58     68
     58     61     69     64     62
     59     65     59     66     56
     62     68     62     62     60

     61     63     63     63     63
     64     56     57     63     71
     57     63     69     63     62
     61     63     61     67     56
     64     71     63     62     57

     62     66     65     64     64
     65     61     57     64     73
     62     64     73     66     63
     63     68     61     72     56
     66     74     65     65     62

     68     71     70     71     71
     70     62     61     65     78
     66     71     77     71     69
     68     72     67     77     61
     71     79     72     71     66

     63     66     68     63     63
     66     58     58     61     75
     61     65     72     67     62
     62     69     62     70     56
     66     74     65     66     60

     60     66     64     64     64
     63     56     55     59     73
     58     63     72     66     63
     60     66     61     69     55
     64     75     64     65     59

     57     61     60     59     59
     61     54     52     56     68
     55     59     67     63     60
     56     62     58     66     52
     60     68     60     61     56

     55     59     56     56     56
     57     53     50     53     66
     52     57     65     59     56
     54     59     52     61     48
     58     65     56     58     53

     45     46     47     43     43
     45     39     37     42     52
     40     44     51     46     43
     42     45     43     47     37
     45     53     45     45     42

     35     40     38     39     39
     37     35     33     35     45
     34     37     44     41     38
     36     39     35     40     32
     38     45     39     37     35

     32     37     36     36     36
     35     31     29     32     41
     30     36     40     36     33
     33     36     32     38     29
     34     39     35     34     31

     29     32     31     30     30
     32     26     25     28     38
     28     30     35     33     31
     30     33     28     35     27
     31     37     31     30     28

     19     20     20     19     19
     21     20     17     19     22
     18     19     27     24     19
     21     20     19     23     17
     22     26     20     21     19

     12     15     16     15     15
     14     13     13     13     17
     13     16     17     16     13
     13     17     14     18     14
     15     18     15     15     14

     13     17     14     15     15
     15     13     13     15     19
     14     16     20     16     15
     15     16     15     17     13
     16     17     16     15     14

     25     26     24     26     26
     26     21     19     24     31
     23     25     29     27     24
     23     27     25     29     22
     27     30     26     26     23

     28     29     29     29     29
     29     24     24     26     35
     26     29     36     30     28
     26     29     27     33     23
     30     35     29     29     26

     32     32     33     32     32
     34     29     26     30     41
     30     34     41     34     31
     31     35     30     37     26
     34     40     33     32     30

     33     36     35     36     36
     35     30     28     31     43
     31     36     44     37     35
     32     37     32     40     28
     37     44     36     34     31

     33     35     35     33     33
     33     29     26     30     43
     31     35     41     37     33
     31     36     30     39     25
     35     41     34     34     30

     32     36     34     33     33
     33     28     26     29     41
     29     34     43     36     32
     31     36     31     38     25
     35     42     34     33     29

     31     35     33     33     33
     32     28     25     29     40
     30     33     41     35     32
     30     35     30     38     24
     34     40     34     33     29

     28     32     31     30     30
     28     24     23     25     37
     27     31     39     31     29
     27     31     26     33     23
     32     38     29     30     25

     29     31     30     30     30
     28     25     23     25     39
     25     31     37     32     28
     26     32     27     33     22
     30     37     31     29     25

     26     29     29     28     28
     27     22     20     24     35
     25     29     33     29     26
     24     28     25     33     19
     27     34     28     28     24

     26     29     28     28     28
     27     22     21     23     34
     24     28     35     30     26
     24     29     25     32     19
     27     35     27     28     24

     23     25     25     25     25
     23     20     18     21     31
     22     26     30     25     24
     22     26     21     28     17
     25     34     25     24     20

     21     23     23     23     23
     22     18     16     20     29
     20     24     28     23     21
     20     24     20     26     16
     23     30     23     23     19

     18     22     22     21     21
     21     16     14     18     26
     18     22     26     21     19
     18     23     18     24     14
     22     26     22     21     17

     14     16     17     16     16
     16     13     11     14     20
     13     16     20     17     16
     14     17     14     19     12
     17     22     16     16     13

      9     10     10      9      9
     10      8      6      8     12
      8      9     13     10      8
      9      9      9     12      7
     11     12      9     10      8

      4      4      4      4      4
      4      3      3      3      4
      3      4      6      5      4
      3      5      5      4      3
      5      6      4      5      4

      2      4      2      3      3
      3      3      2      4      4
      3      3      5      4      2
      3      4      3      3      2
      3      5      3      3      3

      2      4      5      4      4
      4      4      3      4      4
      4      4      6      4      4
      5      6      5      5      4
      5      6      4      4      4

      3      3      5      4      4
      4      3      3      4      6
      3      5      6      4      4
      4      4      4      4      3
      4      7      5      3      3

      5      6      6      6      6
      5      4      4      5      7
      5      6      9      7      5
      6      7      6      7      3
      7      9      6      6      5

     10     11     10     11     11
     11      8      8      8     12
      8     11     14     11     10
     11     11      9     12      6
     12     14     10     10      9

     11     12     12     13     13
     12     10      8     10     16
     10     12     17     13     11
     11     14     11     15      7
     13     18     13     12     10

      9     11     11     11     11
     11      9      7      9     15
      9     12     14     12     10
      9     12      9     14      7
     12     14     11     11      8

      9     13     12     12     12
     11      9      8      9     15
      9     12     16     13     12
     10     13     10     15      7
     12     15     11     11     10

      8     10     10     10     10
     10      7      6      9     12
      8      9     13     10      8
      9     10      8     12      6
     11     15     10     10      8

     10     11     11     10     10
     11      8      7     10     15
     10     12     16     12     10
     10     12     10     14      7
     12     16     12     10      9

     10     12     12     11     11
     11      8      8      9     15
     10     12     16     13     10
      9     12      9     14      6
     12     18     12     10      9

     11     14     12     13     13
     12      9      8     10     17
     11     12     17     14     11
     11     15     11     15      8
     14     18     13     13     10

     12     14     14     13     13
     12      9      8     10     17
     10     13     17     14     11
     10     14     10     16      7
     12     17     13     12     10

     10     12     12     12     12
     12      8      8      9     15
      9     11     16     13     11
     10     13     10     13      7
     14     15     12     11      9

     10     10     11     10     10
     11      8      7      9     16
      8     10     15     11     10
     10     11      8     14      6
     12     15     11     10      8

     10     12     12     12     12
     11      8      8      9     15
      9     11     16     13     11
     10     13     10     13      7
     14     15     12     11      9

      9     14     11     14     14
     16     12     15     12     12
     10     13     14     10     12
     11     10     10     14     13
     15     11     12     13     10

     12     13     14     13     13
     14     11     12      9     11
     12     16     14      9     16
     14      9     11      9      9
     13     11      9     10     11

     10     10     15     10     10
     15     10     14      9     11
     12     13     15     12     11
      8     14     12     12     11
     10     12     10     15     13

     11      9     13     10     10
     10     12     11     10     14
     12     13     14     11     11
     10     11      9     13      9
     13     13     10     12      8

     10      8     11     12     12
     10     11      8     11     11
     13      8     11     10      9
     10      8     10     10     10
      8      9     10     13     11

      6      7     10      9      9
     10      8      6      7     10
      7      9     10      7     10
      7      6      7      7      6
      7      7      8      8      6

      3      3      4      0      0
      8      6      9      7     11
     13     17     20     13     20
     24     22     11     18     26
     15     18     11     17     13

      3      4      4      3      3
      5      5      3      5      6
      4      4      5      5      4
      4      3      3      5      4
      3      6      3      7      4

      4      1      3      3      3
      5      0      3      2      4
      2      3      4      0      4
      2      3      1      3      1
      1      3      2      3      3

      1     -1      0      3      3
     -1      0      1      0      0
      1      1      0      1      2
      0     -1      0      2      0
      0      3      2      3      1

      0     -1      1      0      0
      0      1      2      0      2
      1      0      0      0      0
      0     -1      0      2      0
     -1      0      1      0      0

      1      0      0      1      1
      2      0      0      0      2
      0      0      0     -1      2
      0      1      0      0      0
      1      1      0      1     -1

      0      0      0      0      0
      0      0      0      1      1
      1      1      0     -1      2
      1      0      0      1      0
      0      0     -1      1      0

      0      3      0      1      1
     -1      0      0      4      0
     -3      2      0     -6      0
      5      1      1      4     -1
      0      0      4      5      1

      0      1      0      2      2
     -1      2     -1      1      4
      0      0      0      0      1
      4     -1      1      2     -2
     -1      2      0      1     -2

      0      2      0     -1     -1
      0      0      2     -2      4
      3      0      4     -1      3
      0      0     -1      0     -1
      5      0      2      2      0

      4      3      1      1      1
      2      0     -1      1      0
      2      1      4      2      2
      2      0     -1      1     -1
      2     -1      1      3      0

      0      1      2      0      0
      2      0      2      1      1
      1      3      3      0      0
      1      1      1      0      0
      0      1      1      0      0

      2      1      2      2      2
      1      3      2      0      3
      1      4      3      0      1
      3      0      0      0     -1
      0      4      2      2      1

      3      0      2      0      0
      3      2      4      1      3
      4      3      3      2      3
      3      0      0      1      0
      3      1      3      2      4

      4      6      6      3      3
      4      3      3      4      7
      5      1      2      4      4
      3      4      2      4      2
      2      4      6      3      0

      2      2      4      1      1
      4      0      5      3      3
      2      5      4      0      3
      4      2      3      3      4
      1      1      4      3      2

      6      1      3      2      2
      3      4      3      4      3
      5      4      6      2      5
      4      1      3      3      3
      1      3      4      4      4

      7      5      5      4      4
      8      5      7      7      8
      6      7      7      5      5
      4      6      4      6      3
      5      6      7      6      6

     10      6      9      8      8
      8      8      8      5      9
      6      9     10      7      9
      9      7      7      9      4
      9      9      9     11      7

      9      9     10     11     11
      9     10     11     10     12
     10     11     10     10     11
     10      7      9     10      7
      9     10     10     12      9

     10     10      9      8      8
      9     11     10     10     10
     12     12     11     10     11
     10      8     11     10      8
      9     10     10     10     12

     10     11     10     12     12
     10      9     11     11     13
     12     11     12      9     12
     13      9      9     12     10
     10      8     11     12     10

     10     11     11     11     11
     15     13      5     12     15
     11     11     12     11     13
     15     11      9     10      8
     11     14     12     13     10

     12     10     10     10     10
     10     10     11     11     12
     13     11     13     11     14
     13     10      9     11     11
     11     13     11     11     13

     10      9     10     10     10
     10      9     11     12     10
     12     12     11      9     10
     11      9     10      8      8
     10     11     11     12     11

     12     10      8      7      7
      9      9      8      9     11
     10     11     10      8      7
     10      7      9      9      6
     10     10      9      8      7

      9      9      8      9      9
      9      9      9     10      9
     10     11     10      8     11
      9     10      9     14      7
      8     10     10     10      9

      8      8     10     11     11
      9      9     10      9     10
     10     10     10      8     10
     11      8      9     10      8
     10     10      7      9      8

     11      9      9     10     10
      9      8      8     10      9
     10      9     10      9      9
      8      9      9     11      8
      8     10     11      8      9

      9     10      9      9      9
      9      7      9     10     11
      9      9      7      9      9
      7      7     10      9      7
      9      8      8      7      8

     10      9      9     10     10
     10      8      8      8     10
     11     11      9      9     10
      8      7      8      9     10
      7     10     10     10     10

     10      9      9      9      9
      9      8      9     11      9
     10     11      9      8      8
      8      7      8      9      8
      7      8      7     10      9

     10      7      8      8      8
      7      8      7      8      9
      8      9     10      6     10
      8      6      6      6      6
      7      7      8      8      8

      8      9      8      9      9
      8      7      8      8      8
      8      9      8      7     10
      8      8      7      8      7
      7      7      7      8      6

     10      8      8      7      7
      8      7      8      7      8
      8      9      7      7      9
      8      6      7      8      7
      6      8      8      8      7

      9      8      6      7      7
      6      6      7      5      8
      9      8      9      6      9
      7      7      8      7      7
      7      7      7      7      5

      8      7      9      7      7
      8     10      6      6      8
      6      8      8      7      7
      7      7      6      8      7
      6      7      6      8      8

      6      7      7      6      6
      6      8      8      7      9
      8      7      7      4      7
      7      6      7      6      7
      6      6      6      7      3

      7      6      7      7      7
      6      7      6      7      7
      6      7      7      4      7
      6      9      7      6      5
      5      6      6      6      7

      4      7      6      6      6
      6      6      5      6      7
      7      7      5      5      8
      5      5      5      6      6
      5      5      6      7      5

      6      6      5      5      5
      5      6      4      5      6
      6      5      6      4      7
      6      4      6      5      5
      6      6      7      7      6

      6      6      6      5      5
      4      4      6      5      5
      7      6      5      4      5
      5      4      5      2      3
      4      5      4      6      4

      5      3      3      4      4
      5      5      4      5      5
      3      4      4      4      4
      6      3      2      3      2
      4      5      5      6      5

      3      5      3      4      4
      4      6      5      5      4
      3      5      5      5      5
      4      3      5      3      4
      4      6      5      5      4

      4      3      4      3      3
      3      4      4      4      4
      5      3      7      2      5
      4      2      4      4      3
      3      4      5      5      3

      3      2      5      2      2
      3      1      4      6      3
      2      3      3      1      4
      2      4      2      3      1
      4      2      3      4      4

      0      3      3      4      4
      2      1      3      3      3
      2      2      5      2      2
      4      1      0      4      1
      2      4      3      5      1

      2      2      2      2      2
      1      2      2      2      3
      2      1      1      0      2
      0      2      1      2      0
      1      1      1      2      1

      0      1      2      1      1
      0      1      0      0      2
      1      2      1      1      1
      0      1      0      2      0
      0      1      0      1      2

      1      1      0      2      2
      0      1      1     -1      1
      0      0      0      0      0
      0      0      0      0     -2
      1      0      0     -1      0

      0      0      0      1      1
      0      0      0      0      1
      0      2      1      0      1
      0      0      0      1     -1
      0      0      0      0      1

      0      0      1      0      0
      0      0      1      1      0
      1      1      0     -1      0
      0      0      0      1     -1
     -1      2      0      1      0

      1     -2      0      0      0
      2      0      1      1     -1
      0      1     -2     -2      2
      1     -1     -1      2     -1
      0      1      0      0      0

      1      0      0      0      0
      0      1      0      0      1
      0      2      2      0      0
      0      0      0      2     -2
      0      0      0      0      0

      1     -1      0      2      2
      0     -2      0      0      2
     -2      0      0      0      0
      1      0      0      1      0
      0      1     -1      0      1

      0      0      2      0      0
     -1      0      0     -2      1
      2      0      0      0      0
      0      0      2      0     -1
      0      1      0      0      0

      1     -2      0      0      0
      0      0      0      0      2
      0      2      1      0      1
      0      1      1      0     -1
     -2      0      2      1      0

      0      0      2     -1     -1
      0      0      1     -1     -2
      0      0      0      0      1
      0      2      0      0     -1
      0      0      0      0      0

      2      0      0      0      0
      0      0      0      0      0
      0      0      0      1      0
      0     -1      0      0      0
      0      0      0      0     -1

      0      1      0      0      0
      0      1      1      0     -1
      0      2      0      0      2
     -1      1      2     -1      0
      1      0     -1     -1      0

      1      0      1      1      1
      0      0      0      1     -1
      2      2      0     -1      0
      0     -1      0      0      0
      2      0      0      1      0

      0      0      0      0      0
      0      0      0      0      0
     -2     -1      0      0      1
      0      0      1     -1      0
      0      0      0      0     -1

      1      0      1      0      0
      0      0      0      0      0
      0      0      0      0      1
      1      2      2     -1     -2
      0      3      0      1      0

      0      0      1      0      0
      1      1      0      1     -1
      0      0      0      0      0
      0      0      0     -1      0
      1      1      0      0      0

      0      0      0      1      1
      0      0      0     -1      0
      0      0      0      1      0
      0      1      0      0      0
      1      0     -1      0     -1

      1      0      0      0      0
      0      0      0      1      0
     -1      0      0      0      0
      0      1      0      0     -2
      0      1      0      2      0

      1      0      0      0      0
      0      0      0      1      0
      0      0      0      1      0
      1      1      2      0      0
      0      0      0      0      0

      2      1      1      0      0
      2      1      1      1      0
      2      2      1      1      3
      0      3      2      1      0
      0      1      2      0      1

      2      3      4      1      1
      2      3      3      1      2
      2      0      1      3      2
      1      2      2      2      0
      3      1      2      2      0

      3      2      4      3      3
      3      3      2      3      3
      3      3      2      2      3
      2      2      2      3      0
      3      3      3      3      2

      3      1      2      2      2
      3      2      1      2      1
      1      3      0      3      1
      1      4      2      1      1
      2      3      1      1      0

      0      0      0      1      1
      2      0      0      0      0
      1      0      1      1      1
      1      3      1      1      1
      1      2      0      0      0

      1      1      1      0      0
      3      0      0      1      1
      1      1      0      1      0
      1      2      1      0      0
      0      2      0      1      0

      3      2      4      1      1
      3      2      3      2      2
      4      2      2      3      2
      2      4      4      3      2
      2      4      2      2      1

      4      3      2      3      3
      5      3      3      2      3
      5      4      3      3      5
      5      3      3      3      4
      4      3      4      4      4

      3      3      2      2      2
      3      4      3      3      2
      3      3      3      3      3
      2      4      5      3      1
      3      3      2      2      2

      4      1      2      1      1
      2      3      2      1      1
      1      3      2      2      4
      3      2      2      1      1
      3      4      1      2      2

      3      2      3      2      2
      3      2      2      1      2
      3      3      1      2      4
      2      2      2      2      0
      3      3      3      2      1

      3      3      4      2      2
      3      3      2      2      3
      3      2      2      3      2
      2      3      4      3      1
      4      4      2      4      3

      4      3      4      4      4
      3      4      3      3      2
      4      3      3      3      5
      3      3      4      3      2
      4      4      3      4      2

      4      2      4      3      3
      3      3      3      3      4
      5      3      3      3      4
      4      4      4      4      3
      3      3      5      3      3

      3      3      4      3      3
      3      3      2      3      3
      4      4      3      3      4
      3      4      4      0      3
      4      4      3      3      3

      3      4      3      3      3
      4      3      4      3      2
      3      3      3      3      3
      4      3      4      4      3
      4      4      5      4      2

      2      2      3      3      3
      4      5      2      3      2
      3      2      4      2      4
      2      4      3      2      2
      3      3      3      4      3

      4      3      4      3      3
      4      4      3      3      2
      1      3      2      2      3
      4      4      4      3      2
      6      2      4      3      2

      3      4      3      2      2
      3      2      3      1      2
      4      2      3      3      3
      1      3      3      3      2
      5      5      3      2      3

      3      2      2      1      1
      4      2      4      3      2
      3      1      2      2      3
      2      2      3      3      3
      3      3      3      3      2

      3      3      4      4      4
      3      2      4      2      2
      2      4      4      1      2
      2      3      3      4      3
      4      3      3      3      2

      4      4      3      4      4
      2      2      3      3      2
      5      3      2      2      3
      3      3      3      2      3
      3      2      2      3      2

      3      3      2      2      2
      2      0      2      3      2
      3      1      2      3      4
      2      4      4      2      2
      2      2      2      2      2

      3      2      2      1      1
      2      2      3      2      2
      2      3      2      2      3
      4      3      4      0      2
      2      3      2      1      2

      3      3      1      1      1
      1      3      1      2      1
      2      3      4      1      2
      3      2      3      1      1
      3      2      2      3      3

      2      3      5      3      3
      3      2      2      2      3
      2      4      2      4      4
      2      3      2      2      3
      3      3      5      2      2

      4      1      2      2      2
      4      2      3      0      1
      2      1      1      3      2
      3      2      3      2      1
      2      4      3      3      2

      3      1      3      1      1
      4      2      3      2      1
      1      3      2      2      3
      1      3      2      1      2
      3      3      1      1      2

      3      2      4      2      2
      1      2      1      2      2
      2      1      2      2      1
      2      1      2      1      0
      4      2      2      4      1

      4      1      2      2      2
      4      2      3      3      2
      2      2      1      0      3
      1      2      3      2      2
      4      3      3      2      0

      4      1      3      1      1
      3      1      2      1      0
      1      2      1      0      1
      2      2      3      2      3
      3      2      2      0      3

      2      3      4      3      3
      3      2      1      1      3
      0      3      0      0      0
      1      1      1      1      1
      1      2      2      1      1

      2      2      4      1      1
      4      2      1      1      0
      2      1      0      1      0
      3      0      1      0      1
      2      2      3      3      1

      0      1      3      1      1
      3      2      4      0      2
      1      1      1      2      1
      2      2      2      1      3
      2      2      1      1      1

      3      1      2      1      1
      2      1      2      1      0
      1      3      1      2      0
      2      1      3      3      2
      2      2      2      3      1

      4      1      3      1      1
      1      1      1      1      2
      2      0      0      3      2
      3      1      2      0      2
      2      1      2      1      0

      0      2      0      2      2
      2      1      1      1      1
      1      1      5      1      0
      1      2      3      1      0
      3      2      1      0      1

      2      0      1      3      3
      2      3      2      0      1
      1      3      1      3      2
      1      3      1      2      1
      2      3      0      2      0

      3      1      0      0      0
      4      3      1      0      1
      0      0      0      1      1
      0      2      0      0      0
      1      2      0      2      0

      1      2      1      2      2
      3      1      4      0      1
      0      0      0      1      0
      0      1      1      0      2
      3      1      1      3      0

      2      3      0      0      0
      2      1      1      0     -1
      0      0      0      0     -1
      0      2      0      1      0
      0      0      2      0     -1

      1      0      2      0      0
      1      4      0      0      3
      2      0      1      0      0
      1      2      0      2      0
      2      0      0      0      0

      0      1      2      2      2
      0      0      1      2      2
      1      1      2      0      0
      2      1      0      0     -2
      1      2      2      0      0

      0      3      2      1      1
      2      1      2      1      0
     -1      0      2      0      2
      0      1      0      2      1
      0      3      1      0      1

      0      0     -1      1      1
      1      3      0      2      0
      0      0      0      2      1
      1      2      1      1      2
      3      0      1      0      0

      3      0      1      0      0
      1      0      0     -1      2
      0     -1      0      0      0
      0      1      0     -1      2
      0      0      1      1      0

      2      1      2      0      0
      3      1      1     -1      0
      0      0      1     -1      0
      3      1      0      2      0
      0      2      0      2      0

      3      2      1      0      0
      2      1      1      0      0
     -2     -3      3      4      2
     -1      0      0      0      4
      3      3      0      0      0

      1     -1      0      0      0
      0      0      0      3      0
     -2     -1      0      1      2
      1      1      0      0      0
      0      0      1      2      0

      0      0      0      1      1
      1      0      2      1     -2
      0      1      0      1      1
      0      0     -1      0     -1
      0      3      1      0      0

      2      0      4      0      0
     -1     -1      2      0     -1
      1      0     -1      2      3
      1      1      0     -2     -1
      2     -1      0      0      0

      2     -2     -4     -2     -2
      0      0      0      0      0
     -4      1      0      1     -1
     -2      1     -1     -3      0
      0      2      0      0     -3

      0      0      0     -1     -1
     -1      0      0      0     -1
      0     -1      0      0      1
      1     -2     -1     -3      1
     -1      0      2     -1     -1

      4      0     -1     -1     -1
      0     -2      0      2      0
      1      1      0      0     -1
      2      1     -2      0     -2
      0      2      0     -1      0

