;
; ENVI ASCII Output of file: E:\Imaging\ROI_AVIRIS\5_0_20.img [Fri Nov 17 11:54:55 2017]
; File Dimensions: 5 samples x 5 lines x 224 bands
; Line Format    : (5i7)
;
    514    515    520    519    507
    511    511    507    508    509
    515    516    517    509    511
    515    516    517    509    511
    507    523    527    509    510

    612    607    610    613    610
    630    630    621    608    625
    607    631    619    610    626
    607    631    619    610    626
    606    626    618    613    606

    659    654    669    665    651
    646    646    666    658    669
    662    658    658    679    664
    662    658    658    679    664
    651    653    649    682    653

    833    819    824    833    836
    823    823    836    836    836
    827    837    825    826    829
    827    837    825    826    829
    825    830    830    841    819

   1216   1220   1229   1221   1228
   1211   1211   1220   1221   1221
   1211   1215   1220   1220   1217
   1211   1215   1220   1220   1217
   1215   1220   1213   1210   1211

   1271   1278   1278   1269   1270
   1272   1272   1269   1289   1280
   1275   1260   1273   1271   1280
   1275   1260   1273   1271   1280
   1270   1279   1276   1277   1281

   1191   1204   1191   1199   1199
   1182   1182   1203   1207   1197
   1197   1193   1188   1199   1202
   1197   1193   1188   1199   1202
   1195   1202   1194   1203   1198

   1102   1105   1101   1098   1097
   1097   1097   1099   1094   1095
   1105   1097   1090   1100   1106
   1105   1097   1090   1100   1106
   1110   1102   1098   1101   1099

   1186   1179   1188   1174   1184
   1175   1175   1189   1184   1178
   1180   1185   1184   1182   1190
   1180   1185   1184   1182   1190
   1186   1181   1178   1177   1187

   1189   1188   1201   1193   1192
   1185   1185   1200   1193   1199
   1199   1188   1195   1186   1195
   1199   1188   1195   1186   1195
   1187   1196   1185   1186   1191

   1156   1147   1154   1146   1153
   1143   1143   1157   1153   1160
   1153   1156   1153   1156   1155
   1153   1156   1153   1156   1155
   1159   1155   1155   1154   1148

   1079   1068   1074   1073   1081
   1072   1072   1077   1080   1081
   1088   1085   1068   1075   1082
   1088   1085   1068   1075   1082
   1083   1075   1077   1079   1077

   1009   1013   1012   1008   1013
   1005   1005   1017   1008   1008
   1012   1010   1006   1004   1015
   1012   1010   1006   1004   1015
   1009   1021   1005   1012   1014

    905    907    907    897    910
    900    900    909    910    909
    904    909    905    900    911
    904    909    905    900    911
    908    905    901    906    903

    806    813    816    813    820
    816    816    816    816    814
    810    812    810    802    820
    810    812    810    802    820
    817    814    815    815    815

    703    707    709    711    717
    704    704    710    710    716
    714    714    708    714    709
    714    714    708    714    709
    719    707    704    711    704

    623    617    618    614    620
    619    619    618    623    626
    619    614    620    618    620
    619    614    620    618    620
    619    624    613    618    617

    589    581    583    582    590
    584    584    585    586    591
    585    583    584    588    589
    585    583    584    588    589
    588    586    582    586    585

    554    545    547    550    558
    549    549    551    549    555
    551    551    547    557    556
    551    551    547    557    556
    556    547    549    554    553

    511    510    516    513    510
    508    508    514    516    514
    510    509    509    509    508
    510    509    509    509    508
    514    509    509    508    510

    472    462    465    466    468
    460    460    464    463    465
    464    463    467    461    468
    464    463    467    461    468
    468    462    465    463    461

    423    421    428    425    427
    424    424    428    427    428
    427    425    424    424    425
    427    425    424    424    425
    425    423    423    422    425

    395    390    394    394    396
    390    390    397    395    394
    391    394    390    391    397
    391    394    390    391    397
    393    395    393    393    390

    344    344    347    346    351
    344    344    349    346    349
    345    340    348    345    345
    345    340    348    345    345
    345    348    343    344    343

    321    320    319    317    322
    318    318    322    320    322
    320    319    317    319    322
    320    319    317    319    322
    320    319    319    320    320

    301    305    308    313    309
    306    306    312    309    312
    310    305    307    309    309
    310    305    307    309    309
    309    308    305    309    302

    287    285    285    287    288
    282    282    287    289    290
    285    286    285    284    286
    285    286    285    284    286
    286    287    281    282    282

    262    264    264    267    264
    263    263    263    267    264
    265    261    264    263    265
    265    261    264    263    265
    263    263    266    264    260

    251    250    248    255    254
    248    248    254    255    255
    252    250    250    249    251
    252    250    250    249    251
    251    253    251    252    254

    233    229    236    234    233
    235    235    236    232    233
    232    236    231    231    230
    232    236    231    231    230
    236    235    234    233    235

    221    218    220    221    220
    218    218    224    220    224
    218    218    223    222    220
    218    218    223    222    220
    221    219    222    221    216

    216    214    217    215    218
    215    215    217    217    216
    214    218    214    214    215
    214    218    214    214    215
    215    215    213    217    213

    212    214    217    214    221
    212    212    218    219    215
    215    221    209    216    214
    215    221    209    216    214
    208    215    214    218    209

    216    213    218    216    219
    216    216    216    217    217
    214    218    213    213    215
    214    218    213    213    215
    215    215    214    217    213

    198    200    202    204    208
    197    197    199    200    197
    196    202    197    201    198
    196    202    197    201    198
    194    199    201    203    195

    177    173    176    178    183
    180    180    176    177    175
    174    178    175    176    177
    174    178    175    176    177
    172    174    175    179    173

    155    153    160    161    163
    154    154    154    157    160
    154    156    153    155    158
    154    156    153    155    158
    151    153    157    160    154

    147    144    155    152    153
    151    151    147    149    151
    150    152    144    147    148
    150    152    144    147    148
    145    149    153    151    148

    134    131    142    142    145
    140    140    135    137    139
    136    136    134    135    139
    136    136    134    135    139
    136    134    140    140    133

    103    102    111    111    110
    109    109    105    108    112
    104    105    102    106    106
    104    105    102    106    106
    105    105    109    106    104

    109    110    119    118    119
    115    115    109    114    120
    112    112    112    111    110
    112    112    112    111    110
    109    111    117    117    112

    118    116    129    127    128
    127    127    121    124    123
    121    122    120    125    122
    121    122    120    125    122
    122    123    127    124    120

    120    118    130    129    129
    126    126    120    122    126
    121    124    119    123    122
    121    124    119    123    122
    120    122    130    125    120

     74     68     79     78     80
     76     76     72     74     76
     74     75     73     74     73
     74     75     73     74     73
     74     72     77     75     75

     93     90    100     99    103
     99     99     92     96     99
     93     96     92     96     94
     93     96     92     96     94
     97     97    102     95     92

     98     94    110    108    108
    107    107     97    100    106
     99    103     96    100     99
     99    103     96    100     99
     98    100    105    102     99

     90     84    101    100    101
     94     94     89     91     95
     91     94     89     94     89
     91     94     89     94     89
     92     92    101     93     90

     82     80     94     93     92
     89     89     83     85     89
     85     88     84     85     81
     85     88     84     85     81
     86     85     93     86     85

     77     73     85     84     86
     84     84     76     79     81
     75     80     75     78     78
     75     80     75     78     78
     78     80     86     80     77

     61     58     70     68     66
     68     68     60     64     68
     62     63     61     66     61
     62     63     61     66     61
     62     65     69     64     62

     61     60     71     72     69
     66     66     62     64     67
     63     65     60     63     61
     63     65     60     63     61
     64     64     70     66     63

     66     61     72     74     72
     71     71     64     66     70
     63     67     63     68     63
     63     67     63     68     63
     67     66     72     69     66

     70     63     79     78     78
     75     75     68     70     76
     70     72     68     72     70
     70     72     68     72     70
     70     72     77     71     69

     64     61     75     72     70
     70     70     63     67     70
     66     67     63     68     63
     66     67     63     68     63
     67     65     74     67     67

     64     58     73     73     70
     70     70     59     64     70
     64     66     61     65     61
     64     66     61     65     61
     64     67     72     67     65

     58     54     69     69     67
     65     65     57     61     64
     58     60     57     62     57
     58     60     57     62     57
     60     63     69     61     61

     57     51     66     67     64
     65     65     55     57     60
     56     60     54     59     56
     56     60     54     59     56
     60     61     63     61     57

     44     40     53     53     52
     50     50     44     46     50
     44     46     43     48     42
     44     46     43     48     42
     47     46     52     46     46

     38     36     47     46     43
     44     44     37     39     46
     38     39     37     39     36
     38     39     37     39     36
     41     40     45     41     40

     36     32     42     41     38
     41     41     33     35     39
     37     38     34     35     33
     37     38     34     35     33
     36     37     41     36     37

     32     28     40     37     38
     35     35     30     30     35
     31     31     31     33     31
     31     31     31     33     31
     32     33     37     32     32

     21     19     26     25     24
     23     23     21     22     23
     21     21     21     22     18
     21     21     21     22     18
     23     21     26     22     23

     15     15     18     16     19
     16     16     15     16     18
     16     14     15     16     15
     16     14     15     16     15
     16     15     17     15     16

     15     15     21     18     19
     18     18     15     16     17
     16     15     15     17     16
     16     15     15     17     16
     16     17     20     18     17

     24     23     33     31     31
     29     29     25     27     30
     25     26     24     28     24
     25     26     24     28     24
     27     27     30     27     25

     28     26     37     35     36
     34     34     26     29     33
     30     31     28     30     28
     30     31     28     30     28
     30     30     34     31     31

     33     29     41     41     41
     39     39     32     33     38
     34     36     32     36     33
     34     36     32     36     33
     35     35     42     37     35

     36     31     45     44     40
     42     42     34     36     40
     36     38     33     37     35
     36     38     33     37     35
     37     38     45     37     37

     33     29     45     43     42
     42     42     32     35     37
     34     38     33     37     33
     34     38     33     37     33
     35     38     44     37     37

     33     28     42     40     40
     41     41     30     33     38
     35     35     32     35     33
     35     35     32     35     33
     35     36     44     36     36

     34     29     43     41     40
     40     40     31     34     38
     34     36     32     36     33
     34     36     32     36     33
     35     35     41     35     37

     28     26     38     36     36
     37     37     28     31     35
     30     32     29     32     29
     30     32     29     32     29
     31     32     38     32     32

     30     26     38     38     37
     36     36     28     30     36
     30     31     28     32     28
     30     31     28     32     28
     32     33     39     33     32

     28     23     37     35     35
     36     36     27     29     32
     29     30     27     30     26
     29     30     27     30     26
     30     30     36     30     29

     27     22     35     36     34
     34     34     26     28     31
     28     30     25     29     25
     28     30     25     29     25
     29     29     34     29     30

     26     20     33     32     29
     31     31     22     25     29
     24     27     22     27     23
     24     27     22     27     23
     25     28     33     28     26

     24     19     31     29     28
     29     29     21     23     26
     23     24     20     25     22
     23     24     20     25     22
     23     25     30     25     24

     22     17     28     26     26
     27     27     19     21     24
     21     22     18     22     20
     21     22     18     22     20
     22     23     27     23     22

     16     13     22     22     20
     20     20     14     18     19
     17     17     15     17     14
     17     17     15     17     14
     17     17     21     18     18

     10      9     15     13     12
     13     13     10      9     12
      9     10      9     11      9
      9     10      9     11      9
     10     11     13     11     12

      4      4      6      7      5
      5      5      4      5      5
      4      4      4      4      4
      4      4      4      4      4
      5      5      5      4      6

      2      3      6      5      5
      4      4      4      4      3
      3      4      3      4      3
      3      4      3      4      3
      4      3      5      3      4

      5      4      6      7      7
      6      6      4      4      7
      5      4      5      5      3
      5      4      5      5      3
      6      5      6      4      6

      4      4      6      6      6
      6      6      4      5      5
      4      4      4      5      4
      4      4      4      5      4
      5      6      5      5      6

      7      5      8      9      9
      9      9      5      6      8
      6      6      6      7      5
      6      6      6      7      5
      7      6      8      6      6

     11      8     15     14     14
     14     14      9     10     12
     11     12     10     12     10
     11     12     10     12     10
     10     12     14     11     12

     13     11     18     17     16
     15     15     12     12     16
     13     13     11     13     11
     13     13     11     13     11
     13     14     19     14     14

     11     10     15     16     15
     14     14     11     11     15
     11     13     11     13     10
     11     13     11     13     10
     11     13     16     11     12

     11     10     16     17     15
     16     16     11     12     15
     12     12     10     13     11
     12     12     10     13     11
     14     14     17     14     13

     10      7     15     12     13
     13     13      9     10     12
     10     10      9     11     10
     10     10      9     11     10
     11     11     15     12     11

     11     10     16     16     15
     15     15     10     11     14
     11     12     11     13     11
     11     12     11     13     11
     13     14     16     13     12

     12      9     17     17     16
     15     15     10     11     16
     12     13     12     13     10
     12     13     12     13     10
     14     13     17     13     12

     13     11     21     17     16
     18     18     12     13     17
     14     14     12     14     12
     14     14     12     14     12
     14     14     18     14     14

     13     10     17     18     17
     18     18     11     14     16
     12     14     11     14     11
     12     14     11     14     11
     15     15     18     14     15

     12     10     18     18     16
     15     15     10     12     15
     12     12     11     13     11
     12     12     11     13     11
     13     14     16     13     13

     11      8     15     15     15
     13     13      9     11     14
     11     12     10     12      9
     11     12     10     12      9
     12     12     17     11     11

     12     10     18     18     16
     15     15     10     12     15
     12     12     11     13     11
     12     12     11     13     11
     13     14     16     13     13

     14     14     11     15     14
     13     13     10      9     14
      7     16     16     13     13
      7     16     16     13     13
     12     11     14     11     13

     12     11     16     13     14
     13     13     11     14     13
      9     10     11     13     16
      9     10     11     13     16
     13     12     12     12     11

     15     10     13     15     13
     13     13     12     14     13
     13     12     12     14     11
     13     12     12     14     11
     12     13     12     10     15

     10     10     13     14     12
     15     15     13     11     14
     13      8     11     13     10
     13      8     11     13     10
     14     15     10     13     12

      9      9      7      9      9
     14     14      7      9     12
     11      7     12      9      8
     11      7     12      9      8
     12     10     11     11     10

     10      9      7      7      8
     10     10      9      8      8
      6      9      6      7      9
      6      9      6      7      9
      9     10      8      8      6

     19     25     19     24     22
     27     27     24     24     22
     20      8      6     26     25
     20      8      6     26     25
     29     28     24     27     26

      4      6      4      4      4
      5      5      3      3      4
      2      5      2      4      3
      2      5      2      4      3
      4      6      4      4      5

      2      5      4      3      0
      5      5      3      2      4
      5      3      3      1      1
      5      3      3      1      1
      3      3      2      2      3

      0      2      0      0      1
      2      2      0      0      1
      1      0      0      0      0
      1      0      0      0      0
     -1      2      0      0      0

     -1      0     -1      0      0
      0      0      0     -1      0
      1      0      0     -1     -1
      1      0      0     -1     -1
      0      1      2      1      1

      0      0     -1      0     -2
      0      0      0      0      1
     -1      0      1     -1      0
     -1      0      1     -1      0
      0      2      0      0      2

     -1      0      0     -1      0
      1      1      0      0      1
      0      0      0     -1      0
      0      0      0     -1      0
      0      0      0      0      0

      1     -2     -1     -2      1
     -1     -1     -1     -3      3
      0      3     -1     -3     -5
      0      3     -1     -3     -5
     -4      0      2      0      1

      3      0      1      1      0
      3      3     -1     -5      3
      0     -2      0     -2     -3
      0     -2      0     -2     -3
      2      2     -1      1      0

      0      0      2      2      0
      0      0      0     -1      0
      1      1     -1      0     -1
      1      1     -1      0     -1
      0      0      0      0      2

      1      1      1      3      0
      2      2      0     -1      2
      0      0      0      1      2
      0      0      0      1      2
      1      3      1      0      0

      0      1      0      0      3
      2      2     -1      1      4
      2     -1      0      4      1
      2     -1      0      4      1
      0      0      1      0      0

      2      1      0      2      1
      1      1      1      0      0
      2      3      1      0      2
      2      3      1      0      2
      4      3      1      2      0

      3      2      1      1      5
      4      4      1      0      4
      4      0      1      6      1
      4      0      1      6      1
      2      2      2      4      1

      3      2      3      4      3
      4      4      3      2      7
      2      1      3      2      1
      2      1      3      2      1
      4      7      3      4      5

      1      1      2      5      2
      4      4      3      0      4
      5      0      2      3      2
      5      0      2      3      2
      3      4      2      1      3

      0      3      2      5      5
      3      3      4      3      4
      3      2      3      4      4
      3      2      3      4      4
      4      5      6      3      3

      5      7      7      9      5
      7      7      7      5      9
      8      4      5      5      7
      8      4      5      5      7
      8      8      7      7      6

      9     10      8      9     11
      9      9      9      7      8
      7      8      4     11      8
      7      8      4     11      8
      7     10     10      7     10

      9      9      9     11     11
     11     11     12     11     12
     10      9      8      8      8
     10      9      8      8      8
      8      9      9     10     10

     10     10     11     12     10
     12     12      9     10     12
     12      9      9     11     10
     12      9      9     11     10
     10     10     10      8     12

     10     11     13     10     11
     11     11      9     10     12
      9     10     10     13      9
      9     10     10     13      9
      9     13     11     10      9

      8      6     11     15      8
     15     15     15     10     12
     13      8     11     10     13
     13      8     11     10     13
      9     10     13     13     11

     13     12     14     13     11
     13     13     10     11     13
     11     12     11     12     11
     11     12     11     12     11
     11     12     12     11     11

     10     10     11     11     10
     11     11     10      7     13
     10     11      9     11     10
     10     11      9     11     10
      9     13     11      9     10

     10     10     11     10      9
     10     10     10      5     10
     10      9      9     11      6
     10      9      9     11      6
      8      9      9     11     10

     10      9      9     11      8
     11     11      7     10      9
     11     10      8      9      8
     11     10      8      9      8
      9      8     10     10     10

     10      9      9     12      9
      9      9      9     10     11
      9     10      9     10      8
      9     10      9     10      8
     10      9     10      7     12

      8     11      8      8      9
     10     10     11      9     10
     10      9      8     10      8
     10      9      8     10      8
      7     10      9      9     10

      8      9      8      9      9
      7      7     10      8      9
     10      7      8      9      8
     10      7      8      9      8
      8     12      8      9      9

     10      9     10      9      8
     11     11     10      8      8
     10      9      9      8      7
     10      9      9      8      7
      7     11      8      9      8

      9      8      8     10      7
     11     11      8      7     11
     10      9      8      8      8
     10      9      8      8      8
      9      9      8      8     10

      8      8      8      9      9
      8      8      7      8      9
      9      8      9      7      8
      9      8      9      7      8
      9      9      8      9      9

      9      8      9      8      8
      6      6      7      7      8
      9      7      7      7      8
      9      7      7      7      8
      7      9      6      7     10

      7      7      6      8      6
      8      8      7      8      9
      7      7      6      8      6
      7      7      6      8      6
      8      7      9      7      9

      8      7      6      8      6
      6      6      8     10      8
      8      7      5      6      8
      8      7      5      6      8
      6      6      8      7      8

      8      7      7      9      7
      9      9      8      8      7
      9      6      7      7      7
      9      6      7      7      7
      7      7      7      7      8

      6      8      7      6      7
      6      6      5      6      6
      8      5      5      6      7
      8      5      5      6      7
      7      8      7      8      7

      6      7      6      7      6
      6      6      6      7      6
      4      5      7      7      5
      4      5      7      7      5
      6      9      6      6      5

      4      8      7      8      5
      7      7      6      4      7
      6      4      7      6      7
      6      4      7      6      7
      4      7      9      7      6

      5      7      6      6      5
      7      7      6      4      8
      4      2      6      5      3
      4      2      6      5      3
      5      6      5      6      5

      4      6      3      7      5
      7      7      3      4      5
      6      4      5      3      1
      6      4      5      3      1
      4      7      5      3      6

      6      8      9      8      6
      3      3      5      3      3
      4      2      7      5      6
      4      2      7      5      6
      5      7      6      6      6

      4      6      3      5      5
      5      5      5      4      4
      5      5      3      4      2
      5      5      3      4      2
      4      4      4      5      4

      2      5      2      5      3
      4      4      4      3      4
      4      4      3      3      3
      4      4      3      3      3
      4      5      5      3      5

      4      4      4      1      3
      3      3      1      2      3
      2      3      3      2      3
      2      3      3      2      3
      4      3      3      2      3

      2      2      2      2      2
      2      2      0      3      2
      4      0      0      3      4
      4      0      0      3      4
      2      3      2      2      1

      2      0      0      1      0
      1      1      0      1      3
      0      0      0      2      2
      0      0      0      2      2
      1      3      0      0      2

      0      1      1      1      0
      3      3      1      0      1
      0      0      0      2     -1
      0      0      0      2     -1
      1      2      1      2      0

     -2      0      1      1     -1
      0      0      0     -1      0
      0     -1      0      0     -1
      0     -1      0      0     -1
     -1      0      0      0      1

      0      0      1      0     -1
      2      2     -1      0      1
      0     -1      0      0      0
      0     -1      0      0      0
      0      0      1      0      0

      0      0     -1      2      0
      0      0     -1      0      0
      0      0      0      0      0
      0      0      0      0      0
      0      1      2      0      2

     -1      1     -2      0     -2
      0      0      0     -1      1
      2      0     -1      0      0
      2      0     -1      0      0
      0      0     -1     -1      0

     -2      0      0      1     -1
      0      0      1      1      0
      0     -1      0      0      0
      0     -1      0      0      0
      0      0     -1      0      1

      0      0     -1      0     -1
      2      2     -1      0      0
      0     -1      0      2      1
      0     -1      0      2      1
      0      2      2     -1      0

     -2      0      0      2      0
      3      3      1      0      0
     -1      0      1      0     -2
     -1      0      1      0     -2
     -1      0     -1      0      0

      2      0      0      0     -1
      0      0     -1     -1      3
      1     -2      1      0     -1
      1     -2      1      0     -1
      0      0      0     -1      1

      0      0      0      1     -1
      1      1      0      0      0
      0      0     -1      1      0
      0      0     -1      1      0
      1      0      0      0      0

      0      0     -1      0      0
      0      0      0      0      1
      0      0      0      0      0
      0      0      0      0      0
      0      0      1      1     -3

      0      0      0      1      1
      1      1      0      0      1
      1     -1      0      0      0
      1     -1      0      0      0
      0      1      1     -1      0

      0      0      0      0      0
      0      0      0      0      1
      0      0      0      0      0
      0      0      0      0      0
      1      2      0      0      0

      1      1      0      1      1
      1      1      0      0      0
      1      0      0      2      0
      1      0      0      2      0
      1      0      0      1      0

      0      0      0      0      1
      0      0      0      0      0
      0      0      0      0     -1
      0      0      0      0     -1
      0      0      0      0     -1

      0      1     -1      0      0
      1      1      0      0      1
      1     -1     -1      1     -1
      1     -1     -1      1     -1
      0      1      1      0      1

      0      1      0      0      0
      0      0      0      1      0
      0      0      0      0      0
      0      0      0      0      0
     -1      0      1      0      0

      0      0      0      0      0
      0      0      0      0      1
      0      0      0      0      0
      0      0      0      0      0
      0      1      2      1      0

      1      1      0      3      0
      0      0      0      0      1
      1      0      0      2      0
      1      0      0      2      0
      0      0      1      2      0

      1      1      0      1      1
      2      2      1      1      3
      3      1      2      2      1
      3      1      2      2      1
      0      1      3      1      3

      2      1      2      3      1
      2      2      2      3      3
      3      0      1      2      2
      3      0      1      2      2
      1      3      3      2      2

      2      3      4      2      1
      3      3      3      1      3
      2      1      3      2      2
      2      1      3      2      2
      3      2      3      2      2

      2      2      2      5      1
      0      0      1      1      2
      2      1      0      3      2
      2      1      0      3      2
      3      3      3      3      2

      0      1      1      0      0
      2      2      0      1      1
      1      1      1      1      2
      1      1      1      1      2
      0      1      1      1      1

      2      1      0      1      1
      2      2      1      2      2
      2      1      1      1      2
      2      1      1      1      2
      0      1      3      0      1

      3      3      3      3      1
      2      2      1      3      4
      2      2      3      3      1
      2      2      3      3      1
      2      2      2      2      2

      4      3      2      4      3
      4      4      3      4      5
      3      3      4      4      4
      3      3      4      4      4
      3      3      5      4      5

      3      4      3      4      4
      4      4      2      3      3
      3      3      4      5      3
      3      3      4      5      3
      2      4      3      3      3

      2      2      1      2      3
      3      3      2      1      1
      2      2      3      3      2
      2      2      3      3      2
      2      2      3      3      4

      0      3      2      2      1
      2      2      2      2      2
      3      2      2      4      2
      3      2      2      4      2
      1      3      2      1      2

      3      3      3      4      3
      5      5      3      3      4
      2      2      4      5      3
      2      2      4      5      3
      2      4      4      3      3

      3      3      3      4      5
      4      4      4      3      5
      4      4      4      4      3
      4      4      4      4      3
      3      5      3      4      3

      3      2      1      4      3
      4      4      5      3      3
      3      2      4      5      3
      3      2      4      5      3
      4      4      3      5      4

      3      4      3      5      4
      5      5      3      3      3
      3      3      2      4      3
      3      3      2      4      3
      3      4      5      4      4

      3      4      3      3      1
      4      4      4      3      3
      3      3      3      5      2
      3      3      3      5      2
      4      4      4      5      4

      3      3      3      4      3
      4      4      4      4      4
      3      3      4      5      2
      3      3      4      5      2
      2      5      4      3      3

      4      2      4      4      3
      4      4      4      3      4
      5      1      4      5      3
      5      1      4      5      3
      3      4      6      4      3

      3      3      3      4      3
      4      4      2      3      3
      2      3      3      4      2
      2      3      3      4      2
      3      2      4      4      3

      2      2      3      4      3
      3      3      3      2      4
      5      1      2      4      3
      5      1      2      4      3
      1      5      5      3      2

      1      3      3      3      3
      3      3      3      3      3
      4      3      3      4      3
      4      3      3      4      3
      3      3      5      4      3

      2      2      2      1      2
      3      3      2      3      4
      4      2      2      3      2
      4      2      2      3      2
      2      4      5      3      3

      2      3      3      3      2
      4      4      4      3      3
      2      3      4      5      1
      2      3      4      5      1
      2      3      4      1      2

      2      3      0      2      2
      2      2      3      3      4
      3      2      5      4      2
      3      2      5      4      2
      0      1      2      4      3

      4      2      3      3      1
      5      5      3      2      4
      4      3      2      2      2
      4      3      2      2      2
      2      3      3      2      3

      3      2      1      4      1
      3      3      1      3      4
      1      2      2      2      2
      1      2      2      2      2
      4      3      4      2      3

      3      2      3      3      3
      3      3      3      3      5
      3      3      3      2      3
      3      3      3      2      3
      1      3      2      3      3

      2      3      2      3      2
      3      3      1      2      5
      3      1      2      3      3
      3      1      2      3      3
      3      5      5      1      3

      2      0      1      4      5
      2      2      1      3      3
      3      4      2      3      1
      3      4      2      3      1
      3      2      3      1      2

      1      1      3      2      2
      2      2      2      2      2
      4      3      1      2      1
      4      3      1      2      1
      2      2      4      1      2

      2      1      1      3      1
      1      1      1      1      5
      3      2      4      3      1
      3      2      4      3      1
      2      0      2      3      1

      1      2      1      2      3
      2      2      1      0      2
      3      2      2      4      3
      3      2      2      4      3
      0      3      4      3      5

      2      2      3      2      2
      3      3      1      2      2
      3      1      3      3      1
      3      1      3      3      1
      1      1      4      2      2

      2      1      3      1      2
      2      2      4      2      4
      2      2      1      1      1
      2      2      1      1      1
      0      1      3      1      2

      3      2      3      3      3
      2      2      1      2      3
      3      0      2      2      0
      3      0      2      2      0
      0      2      2      2      2

      2      0      1      3      1
      2      2      2      1      1
      2      3      0      2      2
      2      3      0      2      2
      1      1      4      0      2

      2      1      1      1      2
      3      3      2      1      4
      2      2      1      1      3
      2      2      1      1      3
      1      0      3      1      2

      2      3      1      0      2
      2      2      1      2      2
      1      0      0      4      1
      1      0      0      4      1
      2      3      2      2      2

     -3      1      1      2      1
      2      2      1      0      2
      0      0      4      3      1
      0      0      4      3      1
      1      2      3      1      2

     -1      1      0      2      0
      2      2      0      2      3
      3      1      4      1      0
      3      1      4      1      0
      1      1      1      2      1

      1      0      1      0      2
      1      1      0      0      1
      1      1      1      0      0
      1      1      1      0      0
      2      2      2      2      3

      0      2      0      2      2
      1      1      1      1      3
      3     -1      0      1      0
      3     -1      0      1      0
      1      1      0      2      1

      0      0      0      2     -1
      1      1      0     -1      1
      1      0      0      2      1
      1      0      0      2      1
     -1      0      1      1      0

      2      0     -2      3      1
      0      0      0      1      1
      3      0      0      1      2
      3      0      0      1      2
      1      1      2      0      2

      2      1      0      0      1
      0      0      0      0      0
      0      0      0      2      1
      0      0      0      2      1
      0      0      0     -1      0

      2      0     -1     -1      2
      0      0      2      1      2
      0      1      0      2      0
      0      1      0      2      0
      0      1      3      1      0

      0      0      0      0      0
      0      0      3      1      0
      0     -2      0      0      0
      0     -2      0      0      0
      0     -2      3      1      0

      0      0     -1      1      1
     -1     -1     -1      0      2
      2      1      3      1      0
      2      1      3      1      0
      0      1      1      0      5

      0      1     -1      1      0
      0      0      0      0      0
      0      0      0      2      1
      0      0      0      2      1
      1      2      1      0     -1

     -2      2     -1      1      0
      2      2      1      0      0
      0      1      0      0      1
      0      1      0      0      1
     -1      2     -1      0      0

      0     -1      0      1      0
      0      0      3      0      2
      0      0      3      2      1
      0      0      3      2      1
      0      0      0      0      0

      2      0      0      1     -1
      0      0     -1     -3      2
      2      0      1      1      0
      2      0      1      1      0
      0      1      0      0     -2

     -1     -1      0     -2      1
     -1     -1      0      0      2
      0      1      0      1      1
      0      1      0      1      1
     -1      0      1      0      0

     -1     -2     -2     -1      0
      2      2      0      0      0
      0      0     -2      2      0
      0      0     -2      2      0
      0     -3      0      0      1

