;
; ENVI ASCII Output of file: E:\Imaging\ROI_AVIRIS\5_0_8.img [Fri Nov 17 11:53:13 2017]
; File Dimensions: 5 samples x 5 lines x 224 bands
; Line Format    : (5i7)
;
    540    532    544    543    552
    543    543    532    545    532
    533    543    552    545    532
    518    528    530    535    525
    532    540    533    529    556

    628    638    635    637    630
    639    639    625    640    644
    627    611    638    652    633
    629    619    620    633    614
    643    642    629    630    631

    677    665    674    677    673
    667    667    683    684    695
    673    684    690    672    682
    653    689    662    667    663
    687    674    674    674    674

    855    845    859    866    853
    847    847    843    853    855
    851    853    855    857    855
    830    854    859    852    853
    860    859    837    843    849

   1247   1252   1241   1252   1238
   1254   1254   1243   1245   1245
   1232   1238   1252   1253   1241
   1246   1246   1231   1258   1242
   1244   1247   1248   1243   1252

   1296   1301   1299   1303   1296
   1300   1300   1304   1294   1297
   1296   1307   1304   1298   1302
   1299   1294   1287   1310   1312
   1297   1316   1302   1302   1303

   1226   1232   1223   1231   1210
   1219   1219   1224   1221   1214
   1217   1217   1223   1210   1218
   1220   1224   1219   1225   1223
   1219   1224   1221   1211   1221

   1135   1130   1116   1120   1118
   1128   1128   1116   1117   1118
   1118   1113   1127   1121   1117
   1111   1111   1124   1123   1131
   1111   1118   1120   1121   1125

   1208   1202   1195   1205   1203
   1205   1205   1201   1195   1204
   1204   1201   1209   1208   1199
   1200   1200   1196   1199   1207
   1202   1208   1192   1208   1205

   1207   1211   1213   1209   1210
   1215   1215   1218   1204   1206
   1207   1214   1218   1217   1203
   1207   1215   1208   1216   1216
   1208   1204   1213   1215   1216

   1173   1169   1168   1170   1171
   1169   1169   1168   1171   1170
   1164   1174   1189   1177   1174
   1166   1172   1169   1168   1180
   1171   1170   1163   1174   1174

   1105   1099   1091   1086   1089
   1103   1103   1089   1090   1096
   1091   1097   1099   1097   1089
   1094   1089   1091   1099   1098
   1088   1095   1102   1092   1099

   1032   1019   1020   1024   1024
   1031   1031   1028   1028   1025
   1022   1032   1031   1024   1022
   1021   1024   1027   1022   1027
   1025   1028   1029   1025   1032

    918    923    924    917    917
    922    922    921    919    918
    922    919    926    930    917
    924    920    918    920    927
    917    917    918    923    926

    831    830    824    823    826
    831    831    820    828    823
    823    831    837    830    829
    826    823    823    831    829
    826    836    828    829    832

    730    728    721    724    725
    727    727    726    720    725
    719    725    738    727    728
    724    723    723    731    737
    729    722    725    731    731

    633    636    632    632    637
    638    638    639    639    630
    638    640    637    630    632
    627    637    631    638    642
    635    633    636    635    634

    600    599    597    599    603
    604    604    602    607    598
    602    605    605    599    599
    598    601    598    601    608
    598    597    603    601    604

    566    562    560    566    567
    568    568    564    574    566
    566    569    572    566    565
    567    564    564    563    572
    561    559    569    565    572

    528    523    524    525    526
    528    528    520    522    528
    522    526    535    526    523
    521    527    523    529    533
    523    523    524    529    526

    479    480    477    479    475
    476    476    478    475    476
    478    489    491    480    480
    468    476    477    478    484
    482    480    480    480    475

    440    434    439    438    435
    437    437    436    436    435
    440    443    442    439    434
    428    432    437    441    444
    436    436    437    440    443

    407    406    406    401    400
    402    402    403    403    406
    403    407    408    406    406
    404    401    403    408    409
    402    403    405    406    408

    355    358    358    358    353
    358    358    355    356    356
    357    357    359    355    358
    352    354    354    357    360
    356    358    356    359    357

    332    331    329    328    324
    328    328    328    329    334
    329    333    337    333    336
    329    327    333    334    334
    327    331    327    328    332

    317    317    316    317    315
    315    315    318    321    315
    313    319    320    319    321
    315    318    317    323    317
    312    319    313    317    319

    291    297    293    297    296
    294    294    298    299    298
    293    294    299    300    293
    292    294    295    298    298
    293    293    292    296    296

    274    271    273    271    270
    275    275    266    275    271
    271    272    272    277    271
    266    271    272    273    271
    269    270    271    273    271

    261    260    257    260    260
    263    263    260    263    258
    262    263    264    259    262
    252    257    258    263    259
    259    259    259    260    265

    242    240    238    241    242
    239    239    240    239    241
    241    238    243    241    239
    238    240    240    244    242
    236    241    239    240    240

    224    226    227    225    226
    227    227    223    227    226
    228    229    228    231    229
    223    227    227    229    232
    224    230    225    227    227

    222    221    222    223    220
    219    219    220    219    220
    221    222    224    222    220
    220    219    223    227    222
    220    222    222    222    222

    224    222    221    226    216
    218    218    219    216    219
    220    224    223    221    220
    222    217    223    224    218
    222    222    217    223    219

    223    222    223    221    220
    219    219    220    218    220
    220    222    223    222    220
    219    219    223    228    221
    221    220    222    222    222

    203    208    210    205    204
    202    202    204    198    202
    205    207    207    206    203
    205    200    208    211    204
    204    204    207    208    201

    184    183    187    182    180
    179    179    179    174    179
    184    184    182    183    183
    175    175    184    185    182
    183    178    184    187    179

    161    163    161    153    163
    157    157    157    156    157
    158    163    161    161    159
    156    158    162    166    159
    158    156    158    164    157

    152    156    157    149    153
    154    154    152    148    149
    151    157    152    153    155
    149    151    156    158    151
    151    147    152    157    148

    140    144    145    134    138
    137    137    141    131    135
    141    144    139    138    135
    135    139    141    143    138
    138    136    138    143    135

    109    114    110    106    109
    106    106    107    105    107
    105    111    106    110    106
    102    105    109    113    108
    113    104    105    111    106

    114    119    120    111    113
    115    115    114    110    115
    115    118    112    115    114
    110    117    116    118    113
    117    110    114    119    111

    126    131    131    117    126
    123    123    125    118    122
    126    131    121    125    124
    120    124    127    129    124
    129    118    124    130    123

    126    132    129    117    127
    125    125    124    118    122
    126    133    122    126    124
    121    124    128    130    125
    127    118    123    128    123

     76     79     79     70     76
     73     73     76     73     73
     75     79     73     74     74
     71     77     77     78     75
     76     70     74     77     74

     99    101    100     90     97
     97     97    100     93     94
     96    101     94     98     95
     94     97     96    100     95
     97     92     98    102     96

    105    108    110     94    104
    103    103    105     96     99
    101    107     98    102    100
     97    103    103    104    101
    107     94    102    107    100

     95     99     99     82     94
     93     93     96     88     91
     94    100     88     93     90
     88     94     93     97     92
     97     87     92     97     92

     89     96     92     77     89
     87     87     88     81     82
     87     92     84     86     85
     82     89     86     89     85
     89     79     85     90     83

     82     87     84     70     82
     81     81     82     72     76
     79     84     76     80     78
     73     81     80     86     78
     81     73     79     84     78

     65     71     71     57     65
     63     63     67     60     61
     61     70     60     65     62
     59     65     65     67     62
     66     56     61     66     61

     65     73     70     57     66
     66     66     67     60     63
     63     71     61     62     64
     61     65     65     68     63
     66     57     64     68     61

     68     74     72     58     69
     67     67     69     61     62
     66     72     66     65     65
     61     68     67     72     66
     70     59     65     71     65

     71     76     78     60     73
     72     72     74     68     69
     72     78     68     71     71
     66     74     71     75     69
     75     63     71     76     67

     68     75     72     58     68
     68     68     67     62     64
     66     72     63     67     64
     62     65     67     70     64
     70     59     66     71     64

     68     73     70     56     69
     65     65     67     62     62
     64     70     62     65     64
     59     66     66     71     63
     68     56     64     70     63

     62     67     68     51     62
     63     63     63     57     58
     61     65     56     59     59
     56     65     63     65     59
     63     52     59     66     60

     61     68     64     48     60
     60     60     61     53     54
     57     65     53     58     59
     52     60     59     63     55
     61     50     58     64     56

     46     53     49     38     47
     46     46     46     44     42
     46     52     43     44     44
     40     46     47     49     43
     49     38     44     49     44

     40     46     43     30     39
     40     40     42     37     37
     39     42     37     39     36
     35     42     40     43     37
     39     33     39     43     37

     35     42     39     28     38
     37     37     36     34     34
     36     39     32     36     35
     32     37     37     39     33
     39     29     36     40     34

     35     39     37     24     33
     34     34     32     30     31
     32     35     30     31     30
     27     36     33     36     31
     36     27     33     35     34

     21     23     26     16     25
     21     21     25     20     22
     21     24     20     21     22
     17     26     25     25     22
     23     20     19     24     21

     15     18     19     12     17
     16     16     15     14     14
     16     18     14     16     15
     15     16     15     16     14
     19     13     16     17     15

     16     20     18     12     17
     18     18     16     15     15
     15     19     14     17     16
     15     16     16     17     15
     17     13     15     18     15

     26     31     31     21     28
     27     27     28     23     24
     27     31     23     26     25
     23     28     27     29     25
     30     20     25     27     25

     30     37     35     23     33
     31     31     32     28     29
     30     32     26     30     29
     25     32     31     32     28
     34     24     30     34     28

     35     42     40     27     37
     35     35     37     32     31
     35     41     31     34     34
     29     36     34     39     32
     36     27     35     39     32

     37     44     42     27     38
     37     37     38     33     35
     37     43     32     37     36
     31     38     36     40     35
     39     28     34     40     33

     37     41     40     26     37
     38     38     37     31     32
     34     39     32     35     34
     30     38     35     40     33
     39     26     36     39     33

     36     44     40     25     36
     37     37     38     33     31
     35     42     30     35     33
     29     35     35     39     32
     38     26     33     38     32

     35     43     41     26     37
     36     36     37     30     31
     35     40     30     34     31
     28     36     34     39     33
     37     26     32     39     31

     32     38     35     22     34
     32     32     33     28     28
     32     36     27     32     29
     26     33     31     35     29
     34     23     29     35     29

     33     38     37     21     33
     33     33     33     27     28
     29     35     27     31     29
     26     32     31     35     29
     34     22     31     35     28

     31     37     34     20     31
     30     30     32     27     25
     28     33     25     29     27
     24     30     29     32     27
     31     21     27     32     27

     29     36     34     20     30
     30     30     30     26     25
     28     31     24     28     27
     23     30     27     31     26
     33     20     26     32     27

     26     33     30     17     28
     27     27     27     23     23
     25     30     21     25     23
     21     26     25     29     23
     29     18     24     27     23

     24     30     28     15     25
     24     24     25     20     21
     23     28     20     24     22
     19     24     24     26     21
     27     16     22     26     22

     22     28     26     13     23
     22     22     23     18     18
     21     25     19     22     20
     17     23     23     24     19
     24     14     21     24     20

     17     20     20     10     18
     17     17     18     15     16
     17     19     14     17     16
     14     19     16     19     15
     19     12     16     19     16

     10     14     12      6     11
     11     11     10     10      8
      9     13      9     10     10
      7     12      9     10      9
     12      7     11     12      9

      4      5      6      3      6
      5      5      5      4      4
      4      4      4      4      5
      4      5      4      4      5
      4      3      5      5      4

      3      5      4      2      4
      3      3      4      4      3
      3      4      3      3      3
      2      4      3      4      3
      4      2      3      3      3

      5      7      5      3      5
      6      6      6      4      3
      5      7      4      5      4
      3      6      5      4      5
      6      3      5      5      4

      4      5      6      2      4
      5      5      4      3      4
      5      5      4      3      4
      3      5      7      5      3
      4      3      5      5      4

      6      8      8      4      7
      7      7      6      5      6
      6      7      5      6      6
      5      7      5      6      6
      9      5      7      8      6

     11     14     13      7     12
     11     11     11     10     10
     10     13      8     12     11
      9     13     11     12     10
     13      7     11     13     10

     13     16     16      8     15
     14     14     13     11     12
     13     14     11     12     12
     10     14     12     14     11
     15      8     12     15     12

     10     15     15      7     13
     13     13     12     11     10
     11     14      9     11     11
      9     13     12     14     10
     14      7     11     13     11

     11     15     15      7     14
     13     13     14     10     11
     12     15     10     12     11
      9     14     12     13     10
     15      7     11     15     11

     10     15     13      6     11
     11     11     11      8      8
     10     12      8     10     10
      8     11     10     11      9
     12      6     10     13     10

     12     15     15      7     13
     12     12     12     10     10
     10     15     10     11     11
      8     13     12     15     10
     15      7     11     14     11

     12     17     15      7     14
     13     13     12     10     10
     11     15      9     12     10
      9     12     12     14     10
     15      7     11     14     12

     14     19     17      8     14
     14     14     15     11     10
     13     16     10     12     13
      9     15     13     15     12
     16      8     12     14     12

     13     18     16      7     14
     16     16     13     11     12
     13     16     10     14     12
      9     15     13     15     11
     15      8     14     16     12

     12     16     15      6     15
     13     13     12     11     11
     13     14     10     12     11
      8     12     12     14     11
     14      7     12     15     12

     11     16     14      6     12
     12     12     12      9      9
     12     13      8     10     10
      8     11     10     13      9
     13      6     11     13     10

     12     16     15      6     15
     13     13     12     11     11
     13     14     10     12     11
      8     12     12     14     11
     14      7     12     15     12

     14     10     16     10     13
     16     16     11     12     11
     10      7     13     10     11
     14      8      9     14     11
     11     13     12      9     11

     15     13     13      9     15
     11     11      6      6     13
     12      8     11     10      9
     11      3      8     13     11
     10     14     13      9     13

     11     11     10     11     15
      9      9     13     12     11
      8      9      9     11     10
     11     11     11     11     11
      8     11     11      8     12

     13     11     11      9     14
     14     14     14     11     10
     13      7     13      9     12
      8     11     10      9     10
      9     10     13     15      8

     11     10     11     10      8
      8      8      6     10      9
     11      4     12     10      8
      9     10      6     12     11
     11     10     11      9      8

      9     10      9      8      7
      8      8      8      9      7
      8      2      9      8     10
      6      6      6      9      6
      9      7     10      7      8

      9     12      4      0     -3
     29     29     29     18      2
     10     20     34     28     14
      0     22     26      8    -11
     18     32     61     53     66

      5      4      3      5      5
      3      3      4      5      2
      4      1      3      4      3
      5      3      3      4      3
      1      4      4      5      3

      2      0      4      2      1
      3      3      2      3      3
      2      0      3      2      2
      3      3      0      3      2
      2      1      2      1      1

      0     -1      0      1      0
     -2     -2      0      0      0
      1     -1      0     -1      0
      0      1      0      1      0
      0      0      0      3      0

      2      0      0     -2     -1
     -1     -1      0      0      0
      0     -2      1     -1      0
     -1     -1     -2      0     -1
     -3      0      0     -2      0

      0      0      0      0      1
     -2     -2      0      0      2
     -2     -2      2      0      0
      0     -1     -2      0     -2
     -2     -1      0     -1     -3

      0      0      0      0      0
      0      0      1      0      1
      0      0      2     -1      0
      0      0     -1      0     -1
      0      1      0      0     -1

     -3      0      5      3      5
     -1     -1      0     -2      0
     -7     -7      0     -2      2
      0     -1     -7      1     -3
      0      1     -2      0     -2

      1      2      1     -2      1
     -2     -2      0      1      0
      0     -2      3     -3      2
     -1      0      0      0      0
      1      0     -2     -2      0

      1      0      2      0     -1
      0      0      1     -1      0
      0     -2      2     -1      3
      0      0      0      0      0
      0      0     -2      0      1

      1      0      2      2      1
      0      0      1      0      0
      0      0      0      0     -1
      2      0     -1      2      0
      1      1      2     -1      0

      0      3      0      0      0
      0      0      0      1      0
      0     -1      2      2      1
      1      3     -3      3     -1
     -1      3      1      0     -1

      0      1      1      1      2
      2      2      2     -1      1
      2     -2      0      1      0
      4      2      0      0      0
      0      4      1      1      1

      2      1      0      2      3
      2      2      1      0      3
      2      0      3      0      0
      1      3      0      2      0
      2      0      2      2      0

      4      3      2      5      2
      3      3      2      2      4
      4      0      4      3      2
      5      3      2      3      5
      5      3      2      2      2

      4      0      0      3      3
      1      1      1      3      3
      0      0      6      1      1
      1      0      0      2      3
      3      2      3      1      2

      4      4      1      5      2
      2      2      3      2      3
      4      1      4      6      1
      3      4      1      5      4
      2      4      6      3      1

      6      5      7      8      7
      5      5      5      6      5
      6      2      7      8      6
      8      5      4      8      4
      6      7      7      6      7

      9     10      7      8      8
      8      8      7      6      8
      6      6      8      7      8
      7      7      6     10      7
     10      7      8      5      8

     11     11      8     10      9
      9      9      9      9      9
      8     10     11     10      9
     11      8      8     11      8
      7      9     11      9     12

     11     11     10     10     11
      8      8      9      8      9
      8      9     11     11      9
      9      9      7     11      9
      9     10     10     10      9

     12      8     10     10     11
     11     11     10     10     10
     12      8     10     10      8
     10     10     11     11      7
     10     12     11      8      8

     10     13     10     12     10
     12     12     10     10      9
     11      4      8     10     10
     14     15      9     15     12
     11     13     11     11      6

     10     11     10     10     10
     10     10     11     10     11
     10      9     11     13     10
      8      8      9     11      9
     11     12     11     10     11

      9     10     11     12     10
     10     10     10      7      9
      8      7     10     11     11
     10     11      8     11      9
     10     11     11      9      9

      7      8      9     10     10
     10     10     11      8      9
      8      7      7      8      9
      9      8      9     10      9
      9      9      9      6      7

      9      8      8      8     10
     10     10     11      8      9
      9      8      9      9      8
      9     10      6      9     11
      8      7     10      8     10

      8      9      9      8      9
      9      9      9      8     10
      8      8      9      9      9
     10     10      7     10      9
      7      9     10     10      8

      8      8      9      8      5
      7      7      9      8      7
     10      8     11      8      6
      7      7      7      9      7
      9      8      9      9      9

      8      8      9      5     10
      9      9      7      7      8
      8      7      8      8      9
      7      8      5      8      8
      8      7      9     11      9

      7      8     10      9      9
      9      9      8      9      8
      9      7      8      9      8
      9      8      8      8      8
      9      9      8      9      9

      8      7      8      7      9
      8      8      7      9     10
      7      7     10      8      8
      8      8      7      8      8
      8      8      8     10      8

      8      7      6      7      7
      6      6      8      8      8
      6      8      7      8      8
      8      7      6      9      8
      6      6      8      7      8

      8      8      9      8      7
      8      8      8      8      6
      7      6      8      6      8
      7      8      6      8      8
      7      8      8      7      6

      8      7      6      7      7
      7      7      7      6      8
      7      6      8      7      5
      8      8      6      9      7
      6      8      6      7      7

      7      7      7      6      7
      8      8      8      8      8
      5      6      7      6      6
      7      4      4      8      6
      7      7      7      6      7

      7      6      6      7      6
      7      7      6      7      8
      7      5      8      7      6
      9      6      7      7      5
      6      7      7      7      8

      7      5      7      5      6
      5      5      7      6      5
      3      4      8      7      6
      6      5      4      7      7
      6      5      6      6      5

      7      6      4      5      6
      5      5      5      6      5
      6      3      6      6      6
      7      6      5      8      6
      4      7      7      7      6

      8      5      5      6      6
      6      6      5      4      5
      7      5      7      5      5
      5      5      5      7      6
      6      4      6      4      6

      5      3      4      6      6
      5      5      7      5      4
      6      5      7      5      5
      5      7      3      6      6
      5      7      6      6      7

      5      5      4      4      5
      5      5      5      3      5
      6      3      6      4      4
      5      5      5      7      4
      3      3      6      3      4

      5      5      4      5      6
      5      5      5      3      3
      4      5      5      4      5
      5      3      3      5      4
      4      5      4      6      7

      4      4      4      2      5
      2      2      4      2      4
      5      2      5      2      4
      4      3      4      6      3
      2      4      4      3      6

      3      4      3      5      5
      3      3      3      2      5
      5      3      4      5      3
      3      2      3      3      5
      5      3      5      4      4

      2      3      2      1      4
      2      2      3      3      4
      0      2      4      2      2
      4      3      2      4      3
      2      3      4      2      3

      3      1      2      2      2
      1      1      2      2      3
      2      0      1      1      2
      1      1      1      2      1
      3      1      2      1      1

      1      0      0      2      0
      1      1      2      2      0
      0     -1      1      2      1
      2      2      0      2      0
      0      1      1      0      2

      0      1      0      1      0
      0      0      0      1      0
      1      0      0      0      0
      0      2      0      1      0
     -1      1      1      0      1

      0     -1      0      0      0
      0      0      1      0     -2
      0     -2      0      0      1
      1      0     -1      0      0
     -1      0      0      0      0

      0      1      0      0      1
      0      0      1     -3     -1
      0     -1      1      0      0
      0      0      0      1      0
      1     -1      0      1      0

      0      0     -1      0      1
      2      2      1      0      0
      2      0     -2      0      0
      0      0      0      0      0
     -1     -1      2     -1      1

      0     -1     -1     -2      0
      0      0      0      0     -1
      0     -2      0     -3      0
      0      0      0      0     -1
      0      0      0      0     -1

      0      0      0     -2     -1
      2      2      0     -1      0
      0      0      0      0      0
      0      0     -3      2     -2
      0      0      0      0     -1

      0     -3      0      0      0
      0      0      0     -1     -1
     -1     -2      0      1      2
      2     -1      0      1      1
      1      0      0      0      0

      0     -3      0      1      0
      0      0      0      0      0
      0     -3      2      0      0
     -1      0     -1      3     -3
      0      0      0     -2      0

      0      1      1      0      0
     -1     -1      2      0      0
     -2     -1      2      0      0
      0     -3      0      2      0
      0      3      0      0     -1

      0      0      0     -1     -1
      0      0      1     -3      1
     -1      0      1     -1      0
      0      0      0      0      0
      0      0      0     -1      0

      0      0      0      0     -2
     -1     -1      1     -1      0
      0      0      1      0     -1
      0     -2      0      0      1
      0     -1     -1      0      0

      1      0     -1     -2      0
     -2     -2     -1     -2      1
      0      0      2      0      0
      0      0      0      0      0
      0      0     -3      0      0

      1      0      0      0      0
      0      0      1     -1      0
      0      0      0      0      0
      0     -1      2      0      0
      0      0      0      0      0

      1      0      0      0      0
      0      0      0      0      0
      0      0      0      0     -1
      0      0     -1     -1      0
      0      0     -2      1      0

      1     -2      0     -1      1
     -1     -1      1      0     -1
      1      0      1      0      0
      0      0      0      0      0
      0      2      0      0      0

      0      0     -1     -1      0
      0      0      0     -1      1
      1      0      1      0     -1
      0      1      0      1      0
      0      1      0      0     -2

      0      0      0     -2      0
     -1     -1      1      0     -1
      0      0      0      0      0
     -1      0      0      0     -2
      0      0      0     -1      0

      1     -1      0     -1      0
      1      1      0     -1      2
      1      0      1      0      1
      0      0      1      0      0
      0      0      0     -1      0

      0      0      0      0      1
      0      0      0     -1      1
      1      0      2      0      0
      0      0      0      0      0
     -1      2      0      0      0

      1      1      2      0      1
      1      1      1      0      2
      0      0      1      0      2
      0      0      1      1      0
      1      3      0      0      0

      3      3      1      0      2
      0      0      4      0      2
      3      0      3      1      1
      1      1      2      2      2
      1      2      1      2      0

      3      2      3      0      2
      1      1      3      0      2
      4      2      3      2      3
      1      3      0      2      1
      2      2      1      1      0

      2      2      0      0      1
      3      3      2      0      1
      2      0      1      1      1
      1      0      2      1      2
      0      1      1      2      2

      1      0      1      0      2
      0      0      0      0      0
      0      0      1      1      0
      0     -1      1      0      0
      0      0      0      0      0

      2      1      1      0      0
      2      2      3      0      1
      1      1      2      1      0
      1      0      0      0      1
      2      2      0      2      2

      2      2      2      2      4
      3      3      2      1      2
      2      3      4      4      3
      3      2      2      3      2
      3      3      1      2      2

      3      3      2      2      5
      3      3      4      2      4
      4      3      4      6      3
      4      3      3      4      5
      4      3      2      4      3

      3      4      4      1      3
      2      2      3      2      1
      3      2      4      3      2
      3      2      4      2      2
      3      4      2      4      3

      0      3      3      0      3
      2      2      1      1      3
      1      0      2      2      2
      1      2      3      1      2
      2      3      0      2      2

      2      3      2      2      2
      3      3      3      2      3
      3      1      2      1      3
      3      2      2      1      2
      2      2      1      2      2

      2      3      3      2      2
      1      1      3      2      4
      3      3      4      3      3
      3      2      4      2      3
      2      3      3      2      3

      4      2      4      2      1
      2      2      3      2      3
      2      3      4      4      2
      4      2      3      1      4
      5      3      2      2      4

      3      2      4      1      3
      3      3      4      3      3
      3      2      5      4      4
      3      3      3      2      2
      3      4      3      3      3

      3      2      1      3      3
      3      3      4      2      3
      3      4      4      3      2
      3      3      3      3      3
      4      3      3      3      3

      3      3      3      2      4
      3      3      3      4      5
      4      2      4      3      4
      4      1      4      3      3
      2      5      1      2      3

      4      3      3      2      3
      2      2      5      2      4
      4      4      4      3      4
      3      2      2      3      4
      2      3      2      3      3

      3      2      1      3      5
      3      3      3      2      4
      4      3      3      4      4
      3      3      3      3      2
      4      3      2      3      3

      3      3      2      2      4
      2      2      4      1      4
      4      2      4      2      3
      1      1      3      3      3
      2      3      3      2      3

      3      2      4      2      2
      2      2      2      2      2
      4      2      3      2      2
      2      2      3      3      2
      2      2      2      2      2

      3      2      2      2      2
      1      1      3      1      2
      4      2      4      2      5
      2      3      3      2      1
      3      3      1      2      1

      2      3      2      3      2
      3      3      4      1      3
      3      2      3      3      2
      2      2      3      3      2
      3      3      2      2      3

      2      2      2      1      2
      1      1      1      1      3
      3      1      3      1      2
      2      2      4      2      2
      4      3      1      2      2

      2      2      3      3      2
      2      2      2      1      2
      2      2      2      2      3
      3      3      3      2      3
      2      2      2      3      2

      2      2      2      2      3
      3      3      2      1      2
      3      2      3      4      5
      2      1      3      2      3
      1      3      0      0      1

      2      2      2      1      3
      2      2      3      2      2
      3      3      4      2      2
      2      1      4      3      2
      3      3      1      3      3

      3      2      2      1      4
      1      1      1      2      2
      3      0      3      2      3
      3      1      3      2      3
      1      2      1      3      2

      2      3      2      2      3
      1      1      3      2      1
      4      2      4      2      2
      3      1      3      2      2
      1      0      0      3      1

      3      3      1      3      3
      1      1      2      1      3
      2      1      3      3      2
      2      2      3      2      1
      3      1      1      2      3

      3      3      1      1      3
      2      2      1      1      1
      3      1      3      2      2
      3      1      2      1      3
      2      1      1      1      2

      4      2      1      2      2
      3      3      1      2      2
      3      1      3      3      2
      0      1      3      2      1
      3      1      1      3      2

      2      3      1      0      3
      3      3      2      3      1
      4      3      3      2      3
      2      0      1      2      2
      1      2      0      1      2

      2      1      0      2      2
      1      1      3      0      2
      1      2      3      2      1
      1      1      3      1      2
      2      1      0      1      2

      3      1      1      1      2
      2      2      0      0      0
      3      1      2      1      0
      0      3      3      1      2
      1      1      0      1      2

      0      0      3      2      2
      1      1      3      2      1
      2      2      2      1      1
      1      2      2      3      2
      1      3      0      1      0

      1      0     -1      0      3
      0      0      0      0      1
      0      1      1      2      2
      1      1      1      0      2
      0      2      0      2      1

      1      0      1      0      3
      0      0      0      0      3
      2      0      1      0      2
      1      0      2      1      2
      0      2      0      1      0

      1      2      1      1      1
      0      0      1      1      3
      2      2      2      0      0
      0      1      2      0      0
      0      1      0      1      0

      1      0     -2      0      2
      2      2      0     -3      0
      2      0      1      1      2
      1     -1      2      1      0
      0      0      0      0      0

      0      0      3      2      2
      2      2      1      0      0
      0      2      3      0      3
      2      2      0      0      0
      2      1      0      0      0

      1      0     -1      0      0
      0      0      0     -1      2
      3      0      0      1      0
     -1      0      3      0      1
      1      2      2      0      0

      1      0      0      1      1
     -1     -1      0      0      1
      0     -1      2      0      0
      0      0      2      0      0
      1      1     -1      0      0

      1      0      0      0      0
      1      1      0     -1      0
      2      0      2      0      1
      0      0      2      0      0
      5      0      1      0      0

      1     -1      1     -1      0
      0      0      2     -2      1
      2      1      3      1      0
      0      2      2      0     -1
      0      0      0      0      0

      0      0     -1     -1      0
      0      0      0     -1      2
      0      1      3      0      0
      1      0      1      0      0
      0      0      0     -1      1

      3      1      0      0      0
      0      0      0      0      0
      0      0      2     -1      2
      0      1      1      0      0
      0      0      0     -2      0

      2      0     -1      1      1
      1      1      0     -1      1
      5      0      3      0      0
      1      0      0      1      2
      1      2      0      1      1

     -1      0      0      0      0
      1      1      1     -1     -2
      0      0      2     -2      1
      0      1      2      0      0
      1      0      0     -1     -2

      0      0      0      0      0
      0      0      0      0      4
      0     -1      0      1      1
      0      0      0      0      0
     -1      1     -1      0      0

      0      3      0      1      0
     -2     -2      0      0      0
      0      0      1      2      3
      0      0      1      1      0
      0      0      1      0      0

      1      1     -1     -3     -1
      0      0      0      0      1
      0     -1      1      1      1
      0      0     -1     -1      1
      0      0     -1      0      1

     -2      0      0     -1      1
     -1     -1     -2     -1      0
      1      0      4      0     -1
      0     -2      2     -1     -2
      0      0      0      0      0

      1     -2      0     -3      0
      0      0      0     -3      2
     -1     -2      2      1      0
     -3     -1     -1     -2      0
      0      2     -1      1      0

      0     -1     -1     -1      2
      0      0      0     -3      2
      1     -3      4     -1      1
      0      1     -1      0      2
     -2      1      0     -2      0

