;
; ENVI ASCII Output of file: E:\Imaging\ROI_AVIRIS\5_0_13.img [Fri Nov 17 11:53:57 2017]
; File Dimensions: 5 samples x 5 lines x 224 bands
; Line Format    : (5i7)
;
    539    531    506    520    519
    527    516    515    522    522
    509    512    515    520    509
    535    511    519    520    509
    517    542    511    521    518

    616    632    628    616    615
    633    594    615    627    627
    628    611    615    593    634
    631    615    634    593    634
    623    635    635    631    626

    669    669    665    677    668
    674    657    681    659    659
    681    687    681    660    646
    670    668    678    660    646
    661    679    666    677    656

    834    847    843    838    846
    849    846    851    843    843
    843    835    851    845    847
    847    838    846    845    847
    839    856    839    835    844

   1230   1234   1223   1217   1218
   1225   1228   1222   1233   1233
   1220   1227   1222   1217   1223
   1229   1235   1239   1217   1223
   1216   1244   1227   1230   1223

   1276   1279   1280   1280   1284
   1284   1288   1276   1290   1290
   1272   1284   1276   1281   1278
   1277   1277   1276   1281   1278
   1265   1268   1268   1284   1273

   1190   1201   1199   1193   1191
   1210   1201   1192   1198   1198
   1187   1206   1192   1196   1198
   1201   1189   1198   1196   1198
   1193   1199   1199   1202   1191

   1097   1105   1094   1099   1102
   1099   1099   1097   1098   1098
   1097   1102   1097   1094   1088
   1097   1098   1093   1094   1088
   1092   1097   1092   1112   1101

   1177   1190   1185   1190   1180
   1180   1174   1182   1180   1180
   1178   1188   1182   1175   1182
   1180   1184   1176   1175   1182
   1171   1183   1178   1183   1186

   1187   1202   1187   1191   1187
   1181   1188   1184   1197   1197
   1188   1188   1184   1184   1190
   1196   1189   1192   1184   1190
   1189   1187   1189   1190   1189

   1149   1159   1146   1145   1149
   1154   1153   1149   1153   1153
   1141   1150   1149   1147   1149
   1150   1146   1145   1147   1149
   1137   1150   1153   1150   1146

   1077   1072   1082   1077   1067
   1083   1078   1074   1070   1070
   1069   1072   1074   1079   1069
   1065   1076   1078   1079   1069
   1065   1069   1073   1081   1080

   1002   1007   1006   1002   1005
   1004   1001   1010   1006   1006
   1003   1004   1010   1003   1004
   1003   1004   1004   1003   1004
   1001   1004   1004   1008   1007

    891    900    893    899    898
    895    899    896    895    895
    896    901    896    892    893
    897    900    898    892    893
    888    898    901    898    895

    802    812    804    802    801
    804    799    802    807    807
    796    797    802    799    803
    804    808    795    799    803
    800    805    796    807    803

    696    692    699    697    692
    694    698    698    698    698
    694    699    698    683    694
    699    698    703    683    694
    692    696    694    700    696

    603    606    603    609    604
    603    610    605    609    609
    607    610    605    603    600
    607    609    607    603    600
    601    606    607    609    604

    568    574    572    575    572
    571    573    573    574    574
    575    576    573    571    570
    574    575    573    571    570
    567    570    573    576    572

    533    540    541    541    538
    538    535    541    538    538
    542    541    541    539    540
    540    539    538    539    540
    533    532    537    541    538

    498    501    498    500    500
    500    500    503    496    496
    498    501    503    495    493
    505    502    499    495    493
    493    495    497    497    499

    451    456    454    453    449
    455    451    454    451    451
    453    451    454    450    450
    459    452    456    450    450
    453    450    452    452    451

    411    418    412    409    413
    416    414    417    411    411
    413    415    417    417    412
    416    417    411    417    412
    410    414    416    411    408

    379    385    382    377    379
    381    385    380    379    379
    383    382    380    379    377
    385    381    383    379    377
    377    378    379    377    383

    333    337    337    331    332
    339    334    340    334    334
    337    330    340    333    333
    334    333    338    333    333
    336    333    335    333    338

    312    314    315    310    310
    311    307    308    309    309
    310    311    308    307    308
    312    311    308    307    308
    309    309    307    315    306

    298    299    299    296    296
    298    294    297    293    293
    298    301    297    293    296
    297    298    296    293    296
    297    292    294    300    295

    276    280    277    276    274
    278    276    278    274    274
    275    275    278    272    273
    275    278    275    272    273
    273    275    274    276    273

    255    256    258    253    254
    255    251    250    253    253
    253    257    250    253    248
    254    254    258    253    248
    252    255    253    256    253

    246    244    242    241    241
    241    244    240    244    244
    244    247    240    241    242
    243    241    241    241    242
    240    242    244    241    240

    224    230    224    223    223
    225    220    222    227    227
    223    228    222    223    222
    225    227    224    223    222
    222    223    224    225    224

    213    214    217    215    210
    212    213    215    210    210
    215    215    215    208    206
    215    215    212    208    206
    209    209    210    212    210

    206    208    207    207    209
    207    204    208    206    206
    209    210    208    205    206
    208    209    207    205    206
    206    206    206    207    208

    208    212    206    205    210
    205    206    206    207    207
    208    216    206    201    206
    207    210    203    201    206
    205    207    206    209    203

    206    208    207    207    208
    207    204    207    205    205
    209    211    207    205    205
    208    208    209    205    205
    207    206    206    207    208

    194    196    194    193    192
    192    191    193    190    190
    194    198    193    188    189
    194    194    193    188    189
    191    192    188    191    190

    172    172    167    173    169
    170    167    169    167    167
    170    176    169    163    166
    172    171    175    163    166
    167    170    167    170    166

    149    156    149    152    149
    150    149    150    147    147
    154    159    150    146    147
    149    153    153    146    147
    148    150    148    149    150

    144    145    144    145    139
    143    138    138    139    139
    145    153    138    141    140
    141    144    150    141    140
    144    143    145    141    141

    132    134    129    128    131
    131    128    129    128    128
    133    137    129    129    130
    129    132    141    129    130
    134    132    131    130    133

    104    109    102    105    101
    101     99    101     98     98
    104    110    101    100     99
    103    104    109    100     99
    104    102    102    101    103

    109    115    107    111    107
    108    108    106    105    105
    108    116    106    106    104
    104    109    115    106    104
    112    110    108    106    107

    120    121    114    121    116
    119    115    116    112    112
    120    127    116    115    113
    115    119    127    115    113
    123    117    117    113    121

    120    124    115    121    115
    117    115    114    111    111
    122    127    114    113    114
    117    117    130    113    114
    122    120    118    115    120

     73     71     71     72     69
     71     68     68     68     68
     72     76     68     70     63
     69     72     77     70     63
     74     70     71     67     73

     93     95     90     93     88
     92     89     89     86     86
     94     99     89     90     86
     89     92     99     90     86
     97     92     94     87     92

     97    100     94     99     90
     97     95     95     87     87
     98    105     95     93     91
     94     93    106     93     91
    101     96     96     90     98

     92     95     88     90     85
     89     88     85     83     83
     91     96     85     86     85
     88     89     98     86     85
     95     91     90     85     90

     86     88     81     84     76
     83     80     79     75     75
     86     90     79     81     76
     82     83     94     81     76
     87     82     81     76     83

     79     78     75     77     71
     74     74     72     70     70
     78     84     72     75     71
     74     77     86     75     71
     81     76     76     71     78

     63     65     61     62     57
     61     59     58     55     55
     65     67     58     60     57
     60     62     73     60     57
     68     62     63     56     63

     65     65     63     65     58
     61     60     59     56     56
     64     69     59     61     58
     60     61     74     61     58
     68     62     63     59     63

     66     69     62     66     62
     63     62     63     58     58
     66     73     63     64     59
     62     63     76     64     59
     70     65     65     60     67

     70     74     70     71     63
     69     67     66     61     61
     72     77     66     66     62
     66     67     81     66     62
     77     69     70     64     72

     66     69     62     67     59
     62     63     61     57     57
     70     73     61     64     59
     60     63     77     64     59
     69     64     65     60     67

     64     65     64     65     58
     62     60     58     55     55
     67     71     58     62     56
     59     62     76     62     56
     70     62     63     57     66

     60     62     58     63     54
     57     58     54     51     51
     64     69     54     59     54
     58     60     72     59     54
     64     58     60     53     60

     61     62     54     59     52
     57     56     53     49     49
     62     64     53     54     51
     53     55     71     54     51
     63     55     59     52     58

     46     46     43     47     40
     41     43     41     37     37
     48     54     41     44     40
     42     43     53     44     40
     48     46     45     40     46

     38     40     38     40     35
     38     38     37     33     33
     42     43     37     38     34
     38     37     48     38     34
     42     38     39     35     41

     38     37     35     38     30
     34     33     32     29     29
     39     40     32     35     32
     34     34     42     35     32
     40     33     36     33     37

     34     31     30     33     31
     31     30     30     26     26
     35     38     30     31     28
     32     31     38     31     28
     34     33     31     28     34

     26     18     20     24     19
     20     21     19     18     18
     22     22     19     21     16
     21     21     23     21     16
     22     21     23     19     23

     16     16     15     16     13
     15     15     14     15     15
     15     17     14     15     13
     15     14     18     15     13
     18     15     18     13     16

     17     16     16     17     13
     15     15     15     15     15
     17     20     15     16     14
     14     16     20     16     14
     19     15     15     15     16

     28     26     25     28     22
     25     23     26     21     21
     28     29     26     25     22
     23     24     32     25     22
     29     27     26     22     27

     32     31     29     31     25
     30     28     26     24     24
     32     35     26     30     25
     27     28     37     30     25
     35     30     30     26     29

     36     34     33     34     29
     32     32     30     27     27
     35     40     30     33     30
     31     31     42     33     30
     39     34     35     31     36

     39     38     35     36     29
     35     35     33     27     27
     38     43     33     37     32
     34     32     45     37     32
     42     38     36     32     38

     37     38     34     39     30
     33     33     29     27     27
     37     42     29     34     28
     31     33     44     34     28
     38     34     34     28     37

     37     36     33     36     29
     32     31     29     26     26
     37     40     29     34     29
     31     32     46     34     29
     41     34     36     29     35

     35     36     33     37     28
     33     33     29     26     26
     37     39     29     34     29
     31     31     45     34     29
     39     34     34     28     34

     33     32     29     32     26
     30     29     27     24     24
     34     37     27     30     25
     27     28     42     30     25
     35     31     33     26     31

     32     33     30     32     27
     30     30     26     23     23
     33     37     26     30     25
     28     30     41     30     25
     35     32     31     25     34

     31     30     28     30     24
     28     27     26     22     22
     32     34     26     27     23
     25     26     39     27     23
     33     29     29     24     31

     29     30     26     29     23
     26     27     24     21     21
     30     33     24     27     23
     24     26     39     27     23
     34     27     29     23     31

     27     27     24     27     21
     23     25     22     18     18
     26     30     22     25     21
     23     24     34     25     21
     29     25     26     20     27

     25     25     22     25     20
     22     23     20     17     17
     25     28     20     23     19
     21     22     31     23     19
     27     23     24     19     25

     23     23     20     23     19
     20     22     19     16     16
     24     26     19     21     17
     20     19     28     21     17
     25     21     23     18     24

     19     19     16     17     14
     16     17     13     13     13
     18     21     13     16     14
     16     16     23     16     14
     20     16     17     14     18

     11     10     10     11      9
      8     10      9      8      8
     11     12      9     11      8
      9     10     15     11      8
     12     11      9      8     12

      5      5      3      4      4
      3      3      4      4      4
      5      6      4      4      3
      4      4      5      4      3
      6      5      4      3      5

      5      2      3      4      2
      3      3      3      2      2
      3      4      3      3      3
      4      4      3      3      3
      4      4      5      4      5

      7      4      5      5      5
      4      5      4      4      4
      5      5      4      5      4
      4      4      6      5      4
      6      5      6      4      6

      5      4      4      6      3
      4      4      3      4      4
      6      7      3      4      4
      4      4      6      4      4
      7      4      5      3      5

      7      6      7      7      6
      5      6      6      5      5
      7      7      6      7      6
      5      6     10      7      6
      8      6      7      5      8

     11     10     11     13      8
     10     10      8      8      8
     12     13      8     12      8
     10     10     17     12      8
     14     11     11      9     12

     14     12     11     14     10
     12     12     11      9      9
     15     17     11     12     10
     11     12     19     12     10
     16     13     13     10     14

     13     13     12     13      8
     10     11      9      9      9
     14     15      9     12      9
     10     10     16     12      9
     15     11     11      9     13

     13     13     12     13      9
     12     11     10      8      8
     14     15     10     11     10
     11     12     18     11     10
     15     13     12     10     14

     11     12     10     12      8
      9      9      9      7      7
     11     14      9     10      8
      8      9     16     10      8
     13     11     10      8     12

     13     12     12     13      9
     12     12      9      8      8
     14     15      9     12      8
     10     11     20     12      8
     14     13     13      9     13

     13     13     11     13      9
     11     10      9      8      8
     14     16      9     13      9
     11     10     18     13      9
     15     12     13     10     14

     14     14     13     15     10
     12     13     11      9      9
     16     16     11     13     10
     11     12     20     13     10
     16     13     15      9     15

     14     14     11     16     10
     12     11     11      8      8
     15     18     11     14     10
     12     13     19     14     10
     18     13     15     10     14

     15     12     12     13      9
     13     11     11      8      8
     14     16     11     13     10
     10     11     17     13     10
     15     12     13      9     13

     13     11      9     14      9
     10     11      9      7      7
     13     14      9     11      9
      9     11     17     11      9
     14     12     11      8     13

     15     12     12     13      8
     13     11     11      8      8
     14     16     11     13     10
     10     11     17     13     10
     15     12     13      8     13

     11     16      7     12      8
     11     16     11     10     10
     11     12     11     10      9
      5     10     11     10      9
     12     12      8     12     11

     11     14     13     14     10
     11     11     12     10     10
     13     10     12     11     13
      7     15     14     11     13
     11     11     16     11     11

      9     14     11     11      9
     11     15     12      9      9
     12      9     12     13     10
     10     13     11     13     10
     14     11     14     11     13

     11     16      9     10     11
      9     11     11      8      8
      9     14     11     10     11
      9     15     11     10     11
     13     10     12     12     10

     12     13     10     11     11
      7      9      9     12     12
     15     11      9     10      8
      8     12     12     10      8
     11     10      8     12      9

      8      8      8      6      7
      6     10      8      8      8
     11      9      8      7      6
      6      9     12      7      6
      6     10      8      8      8

    -18    -28    -18    -11     -6
    -16    -15      5      7      7
     10     12      5     -2     -3
      7     15     18     -2     -3
     59     40     46     50     51

      6      4      4      5      5
      3      6      4      3      3
      1      6      4      2      3
      3      5      6      2      3
      6      4      4      6      5

      2      3      2      3      1
      0      4      2      2      2
      1      2      2      2      4
      0      3      2      2      4
      2      2      2      3      3

      0      1      0      1      0
      0      0      0      0      0
      0      2      0      2      2
     -2      0      0      2      2
      0      1      1      0      0

      0      0      0      1      0
     -2      1      0     -2     -2
      0      1      0      1      0
     -1     -1      0      1      0
      0      0     -2      0      1

      2      0     -1      0     -3
      1      2      1      0      0
      0      0      1     -1      0
      0      1      2     -1      0
      1      0      0      1      3

      0      0     -1      1      2
      0      1      0      0      0
      0      0      0      1      1
     -1      0      0      1      1
      0      0      0      0      0

     -4      0     -5     -3     -6
     -5     -3     -5     -7     -7
     -2     -2     -5      3      3
     -5      4      0      3      3
      5     -4     -2     -1      0

      1      1      4      1     -3
      0      0     -3     -3     -3
      0      1     -3      1      1
      0      2      0      1      1
      2      0      4      1      0

      0      0      0      1      0
     -2      1      0     -2     -2
      3      0      0      0      1
     -2      1      0      0      1
      0      1      1      1      2

      0      3      0      0      0
     -1      0     -2      0      0
      2      2     -2      1      2
     -1      1      1      1      2
      3     -1      5      5      1

      0      0      2      1      0
     -1      3      0      1      1
      4      0      0      0      2
      2      1      0      0      2
      0      0      1      3      0

      0      0      3      0      1
      0      1      1      0      0
      0      3      1      0      3
      0      1      1      0      3
      1      1      2      1      4

      2      5      3      3      0
      1      4      2      0      0
      1      3      2      3      0
      0      4      2      3      0
      4      3      3      1      3

      2      4      3      5      3
      2      6      1      2      2
      8      0      1      5      4
      1      5      0      5      4
      3      2      0      5      3

      2      3      2      3      1
      0      3      0      0      0
      1      2      0      4      4
      0      3      2      4      4
      5      3      4      1      4

      2      2      4      2      3
      3      5      3      3      3
      3      4      3      3      4
      3      7      5      3      4
      1      4      5      2      4

      4      6      7      7      4
      5      8      5      4      4
      5      3      5      6      6
      5      5      8      6      6
      7      3      6      6      7

      7     10      8     10      7
      5     10      7      7      7
      9      9      7      7      9
      7     10      8      7      9
      9      5     10      9     11

      8     11     10      9     10
      8      9     10      7      7
     11     10     10     11     10
      9     11      8     11     10
     12     12     12     11     14

      8     11     11     11      8
     10     10     10      9      9
     12     11     10     10      9
      9     13     12     10      9
     10     10     11     10      9

      9     12     12     11     11
      8      9      9      9      9
     10     11      9     12     12
      9     12      9     12     12
     11     11     11     10     10

     10      9     10      9      6
      8      8     15     11     11
     15     13     15     14     11
      9     15     13     14     11
      7     13     10      9     10

     11     13     11     13     10
     10     11     11     12     12
     11     10     11     11     13
     10     14     10     11     13
     12     11     11     12     12

      7     10     11     12      8
      9     11     10      8      8
     11      9     10     10     12
      9      9      9     10     12
     10     11     12     11     10

     10     10     10     11      7
      7     10      7      9      9
      9     10      7     11     10
      7     10      9     11     10
     11     10     11      9      9

      8     10      8      9     10
     10     10      8     10     10
     10     10      8     10     10
      8     10     11     10     10
     10      9      9     11     10

      9     11     11     10     11
      9     10      7      9      9
      9      8      7      9     10
      9     10     10      9     10
     11     10      8     10      9

      9     11      8      9     10
      7      9      9      8      8
      9      9      9      8      8
      8     10     11      8      8
     10     10      9      8      8

      7     11      9      9      9
      7      8      7      7      7
      7      8      7      9      6
      7      9      7      9      6
      8     10     10      9      9

     10      9     10      9     10
      8     10      9      8      8
      9      7      9      9      9
      8     10      9      9      9
     10      7     10      8      9

      7      9      5     11      9
      7      7      9      6      6
      9      7      9     10      9
      8      9      8     10      9
      8      7      8      9     10

      6      9      7      8      8
      7      8      7      8      8
      7      7      7      9      6
      6     10      7      9      6
      7      8      9      8      8

      9      8      8      7      8
      7      6      8      7      7
      9      5      8      7      7
      7     10      8      7      7
      8      8      6      8      8

      6      9      8      9      8
      7      7      7      6      6
      7      6      7      9      9
      7      7      7      9      9
      7      7      7      8      9

      8      9      6      8      6
      7      7      7      4      4
      8      6      7      8      9
      5      8     10      8      9
      9      8      7      8      8

      7      8      7      9      6
      5      7      6      6      6
      9      5      6      7      8
      6      8      8      7      8
      8      8      9      9      6

      7      8      7      6      5
      5      7      6      6      6
      7      7      6      6      7
      6      7      7      6      7
      6      7      6      9      7

      7      7      7      7      4
      5      6      6      6      6
      7      6      6      6      6
      7      7      7      6      6
      8      5      6      7      7

      6      6      4      6      6
      4      6      8      6      6
      5      4      8      6      7
      5      7      5      6      7
      5      6      3      6      8

      6      6      6      5      6
      4      7      6      2      2
      5      3      6      5      6
      5      5      7      5      6
      6      7      5      7      6

      6      4      6      6      6
      3      5      5      4      4
      6      6      5      4      5
      3      6      5      4      5
      4      4      5      6      6

      3      7      4      5      2
      3      4      3      2      2
      2      4      3      4      3
      3      3      5      4      3
      4      5      4      6      4

      5      3      6      6      4
      4      4      3      3      3
      5      4      3      4      4
      3      5      6      4      4
      4      4      5      4      4

      5      4      4      3      3
      1      4      3      3      3
      4      4      3      4      3
      3      6      5      4      3
      5      5      4      4      4

      2      2      3      5      3
      2      4      0      2      2
      5      2      0      3      3
      1      4      4      3      3
      4      3      3      1      5

      1      1      2      3      3
      2      3      2      1      1
      2      2      2      2      2
      2      1      4      2      2
      1      1      2      2      3

      3      3      2      2      1
      0      3      1      1      1
      1      2      1      2      0
     -1      2      2      2      0
      1      1      0      3      3

      2      0      0      1      0
      0      2      0      1      1
      0      0      0      0      0
     -1      1      0      0      0
      2      0      2      0      0

     -1      0     -1      0      0
     -2      0      0     -1     -1
     -1      0      0     -1      0
     -1      0      2     -1      0
      0      1      0      0      0

      1      0      0      0      1
     -2      0      0     -1     -1
      0      1      0      1      0
      0      0     -1      1      0
      0      1      1      2      1

      1      1      1      1      0
     -2      0      0     -1     -1
      1      0      0      0      1
     -2      2      0      0      1
      1      0      0      0      2

      1      1     -3      1      0
     -3      1      0     -2     -2
      1      0      0      0      1
      0      1      1      0      1
      0      0     -1      1     -1

      0      0      1      0      0
     -2      0      0      0      0
      1      0      0      1      0
      0      1      1      1      0
     -1      0      1      0      0

      0      0     -1      0     -1
     -1      1      0      0      0
      1      1      0      0      1
     -1      1      1      0      1
      0     -1      0      0      0

      0      1      0      2     -1
     -1      3     -1      1      1
      0      0     -1      0      0
      0      1      0      0      0
     -1      0      0      0      1

     -1      0     -1     -1     -1
     -1      0      0     -1     -1
      1      0      0      0      2
      0      1      0      0      2
      0      0      0      0      1

      0     -1      0      0     -1
      0      0      0      0      0
      0     -1      0      0      0
      2      0      0      0      0
      1      0      1     -1      1

      1      0      2      0      0
      1      1      1      0      0
      0     -1      1      0      0
      0     -2      2      0      0
      1      0      1     -1     -2

      0     -1      0     -2      0
     -1      0      1     -2     -2
      0      1      1      0      1
      0      0      0      0      1
      1      0      1      0      0

      0      0      0     -2      0
      0      1      1      0      0
      0      1      1      1      0
      0     -1      0      1      0
      1     -1      1      0      0

      0     -1      0      0     -1
      0      1      4      0      0
      1      1      4     -1      1
      0      0      2     -1      1
      1      0      0      0     -1

     -1      0      0      0      0
      0      0      1      0      0
      0      0      1     -1      1
      0      0      2     -1      1
      1     -1      0      0      0

      0      0      0      0      0
      0      0      0      0      0
      0      0      0      0      0
      0      0      0      0      0
      0      0      1      0      0

      1      0      0      0     -1
     -1      1      1      0      0
      0      0      1      2      0
     -1      0      0      2      0
      0     -1      0     -1     -2

      0      0      0      0      0
      0      1      1      0      0
      0      0      1      0      0
      0      0      1      0      0
      1     -1      0     -1      0

      0      0      0      0      0
      0      0      1      0      0
      0      0      1      0      0
      0      0      1      0      0
      2      0      0     -1      1

      0      2      3      0      0
      2      1      2      1      1
      2      0      2      2      0
      1      0      1      2      0
      2      0      0      2      1

      2      2      3      0      2
      1      2      3      2      2
      1      1      3      2      3
      2      1      2      2      3
      4      0      3      0      1

      2      2      4      2      3
      1      4      3      1      1
      3      3      3      3      2
      3      2      5      3      2
      5      2      2      2      2

      0      1      1      0      1
      0      3      3      2      2
      0      0      3      1      1
      2      1      3      1      1
      4      0      3      1      0

      1      0      2      0      0
      0      1      1      0      0
      0      0      1      0      1
      0      1      2      0      1
      2      0      1      0      1

      1      1      1      0      1
      0      2      2      1      1
      1      0      2      0      1
      1      0      2      0      1
      3      0      3      0      1

      3      3      4      2      3
      1      3      3      1      1
      3      2      3      2      3
      3      3      4      2      3
      5      2      2      2      3

      6      4      4      3      3
      3      3      6      4      4
      3      4      6      4      3
      5      3      5      4      3
      4      4      4      3      3

      3      2      1      2      3
      1      4      4      3      3
      3      3      4      2      2
      4      3      4      2      2
      5      3      3      1      2

      1      3      3      2      1
      1      5      2      2      2
      3      3      2      3      3
      2      3      2      3      3
      5      3      3      3      1

      2      0      2      1      2
      1      2      4      1      1
      2      3      4      2      3
      2      2      3      2      3
      4      1      3      2      1

      4      3      4      2      2
      2      4      4      4      4
      2      3      4      5      1
      3      3      4      5      1
      5      2      2      2      4

      3      3      3      3      2
      2      5      4      4      4
      4      2      4      3      4
      6      4      3      3      4
      5      2      4      4      3

      4      3      3      2      3
      3      5      3      3      3
      4      3      3      4      3
      4      3      4      4      3
      4      3      4      3      3

      4      3      3      3      3
      3      3      5      3      3
      4      3      5      3      3
      3      3      5      3      3
      6      2      3      3      3

      3      3      3      4      2
      1      4      4      1      1
      5      3      4      2      3
      3      2      4      2      3
      3      2      3      2      3

      4      4      3      2      3
      3      3      4      4      4
      2      4      4      3      3
      4      3      3      3      3
      3      3      5      2      2

      3      3      4      2      2
      2      4      3      2      2
      3      4      3      3      4
      3      2      4      3      4
      6      2      3      3      1

      3      3      4      1      4
      3      5      3      2      2
      3      4      3      3      2
      2      2      4      3      2
      4      3      3      3      3

      3      2      3      3      3
      1      4      5      4      4
      4      3      5      3      3
      5      4      3      3      3
      4      1      3      4      1

      4      3      4      1      2
      4      3      3      4      4
      3      2      3      2      3
      2      0      2      2      3
      5      2      3      3      1

      3      1      4      2      1
      2      3      3      2      2
      3      1      3      4      3
      3      3      2      4      3
      5      1      5      2      2

      2      3      4      1      1
      2      4      3      2      2
      2      2      3      2      3
      3      2      3      2      3
      3      3      3      1      1

      2      3      4      2      3
      2      3      3      1      1
      1      1      3      3      2
      2      2      2      3      2
      4      1      3      2      2

      3      2      3      2      1
      3      2      4      3      3
      2      3      4      3      2
      4      3      3      3      2
      3      1      4      0      1

      3      2      3      2      2
      1      2      3      2      2
      2      2      3      4      3
      2      3      4      4      3
      4      4      4      1      1

      2      3      3      1      1
      2      3      3      2      2
      1      3      3      1      4
      4      2      3      1      4
      4      2      3      2      3

      3      1      3      1      2
      1      3      3      2      2
      3      3      3      2      2
      3      4      3      2      2
      4      1      3      2      2

      2      4      3      2      1
      2      3      4      3      3
      3      1      4      2      2
      3      2      5      2      2
      3      1      3      1      2

      1      1      4      1      0
      1      3      4      2      2
      1      1      4      3      2
      3      3      3      3      2
      3      1      2      2      2

      3      2      2      0      1
      0      2      4      2      2
      1      1      4      2      3
      2      0      5      2      3
      3      1      3      0      2

      4      3      0      1      1
      1      2      4      1      1
      1      0      4      1      3
      2      2      2      1      3
      3      2      2      2      2

      1      0      2      0      1
      0      5      2      2      2
      0      2      2      3      2
      4      2      1      3      2
      4      1      1      1      0

      2     -1      1      1      1
      0      1      4      0      0
      3      0      4      0      1
      2      0      2      0      1
      2      0      3      1      0

      2      4      4      3      2
      0      5      3      1      1
      1      0      3      3      1
      2      2      1      3      1
      4      3      3      3      2

      2      2      2      0      0
      4      2      2      0      0
      1      1      2      0      1
      0      1      3      0      1
      5      0      3      0      2

      1      0      3      1      1
      1      1      0      0      0
      0      0      0      1      2
      3      0      3      1      2
      1      0      0      0      1

      1      0      4      2      0
      0      4      1      2      2
      3      0      1      2      2
      2      2      3      2      2
      2      0      1      2      1

      2      2      5      0      0
      0      0      1      3      3
      3      4      1      3      2
      1      0      2      3      2
      2      0      2      0      0

      0      2      1      0      1
      0      2      2      1      1
      1      4      2      0      0
      0      1      2      0      0
      4      0      2      1      0

      0      1      2      2      0
      0      1      2      1      1
      1      2      2      1      1
      4      2      1      1      1
      3      0      3      0     -1

      0      2      0      0      1
      0      3      3      0      0
     -2      3      3     -1      0
      1      1      0     -1      0
      1      0      2      1      1

      0      0      1      0      0
     -3      0      1      0      0
      0      1      1      1      2
      3      0      1      1      2
      0      0      1      1      0

      2      0      0      0      0
     -1      2      1      1      1
     -2      1      1      1      1
      2      0      3      1      1
      4      0      1      1     -1

      0      1      2      0      2
      0      1      2     -2     -2
      0      2      2      1      0
      0      0      1      1      0
      3      0      0     -1      2

     -1      0      0      0      1
     -3      0      1      0      0
     -5     -1      1      0      2
      1      0      3      0      2
      3      0      0      0      0

      1      0      1     -1      0
     -3      0      0      1      1
      2      1      0      0      2
      0      0      0      0      2
      3      0      1     -1      0

      0      2      0     -2      2
      0      0      3      0      0
      0      2      3     -1      2
     -1      0      0     -1      2
      2      0      1      2      0

     -1      0      2      0     -1
     -3      0      0      1      1
      0      0      0      0      0
      2      0      1      0      0
      2     -2      0      0     -1

      1     -1      1      1      0
      0      1      1      0      0
      0      0      1      2      0
      2     -2      0      2      0
      3      0      1     -1      0

      0      2      0      0      0
     -3      1      0      0      0
      0      0      0      3     -1
     -1      0      1      3     -1
      3     -1      2     -2      0

      2      0      1      1     -1
     -2      3      0      0      0
     -3      0      0      1      1
      3      0      2      1      1
      0      0      0      1     -2

     -1      0      0     -2     -1
     -2      2      2     -1     -1
     -1      0      2      0      0
      0     -2      0      0      0
      1      0      0      1      0

     -2      0     -2     -1     -1
     -1      0      1     -1     -1
      0     -3      1     -2      0
      2     -1      2     -2      0
      2     -1      0     -3      1

