;
; ENVI ASCII Output of file: E:\Imaging\ROI_AVIRIS_TestSet\5_0_1.img [Wed Dec 06 10:33:42 2017]
; File Dimensions: 5 samples x 5 lines x 224 bands
; Line Format    : (5i7)
;
    492    497    491    505    491
    497    478    502    497    524
    490    498    511    501    500
    488    509    511    499    485
    497    498    491    499    509

    599    596    595    588    595
    598    587    584    574    586
    579    593    573    586    576
    598    591    573    582    584
    581    570    584    582    593

    638    642    633    620    631
    631    635    633    634    645
    628    628    637    625    631
    633    630    637    639    619
    647    634    640    639    626

    790    803    794    806    798
    803    806    793    819    799
    800    809    801    792    814
    789    806    801    793    806
    789    805    790    793    794

   1175   1174   1188   1163   1177
   1188   1182   1182   1164   1178
   1164   1176   1175   1174   1168
   1175   1169   1175   1173   1166
   1165   1181   1174   1173   1181

   1234   1231   1234   1224   1237
   1234   1242   1237   1223   1243
   1230   1232   1230   1223   1231
   1228   1222   1230   1236   1222
   1222   1231   1222   1236   1228

   1165   1161   1160   1155   1157
   1163   1156   1166   1162   1163
   1160   1154   1163   1162   1159
   1151   1155   1163   1157   1151
   1158   1151   1155   1157   1152

   1070   1061   1070   1058   1064
   1063   1060   1058   1066   1061
   1058   1056   1066   1062   1067
   1053   1067   1066   1067   1063
   1053   1059   1059   1067   1066

   1148   1148   1148   1139   1146
   1156   1140   1141   1148   1153
   1143   1144   1146   1137   1138
   1145   1143   1146   1145   1146
   1143   1140   1140   1145   1148

   1162   1162   1166   1153   1153
   1161   1160   1164   1161   1163
   1157   1158   1160   1161   1149
   1159   1150   1160   1164   1147
   1152   1155   1152   1164   1162

   1128   1121   1113   1112   1119
   1115   1123   1119   1127   1123
   1113   1116   1120   1115   1116
   1112   1118   1120   1121   1116
   1110   1113   1116   1121   1122

   1048   1047   1051   1041   1048
   1045   1048   1042   1051   1045
   1044   1047   1056   1041   1048
   1039   1047   1056   1040   1043
   1044   1039   1041   1040   1051

    986    984    989    982    987
    978    984    977    992    992
    977    982    978    985    972
    983    975    978    988    988
    987    978    987    988    984

    888    886    885    887    880
    884    883    879    889    886
    876    880    882    882    886
    887    874    882    885    879
    875    875    888    885    888

    804    800    798    795    800
    795    800    797    796    788
    797    795    794    792    802
    789    788    794    793    796
    799    800    792    793    797

    705    697    701    697    696
    696    696    697    699    699
    695    694    694    703    699
    693    694    694    693    702
    693    696    694    693    700

    616    611    610    608    614
    607    607    608    613    611
    609    604    608    606    610
    606    608    608    611    615
    609    602    612    611    610

    581    578    577    574    581
    575    575    575    581    578
    576    572    573    574    578
    575    575    573    576    579
    577    574    578    576    581

    546    544    542    540    547
    542    542    542    548    545
    542    540    536    542    545
    544    541    536    540    541
    544    546    543    540    550

    506    505    506    502    506
    502    502    503    504    502
    507    507    498    502    502
    496    501    498    502    499
    502    501    496    502    504

    461    459    463    461    457
    456    454    454    463    461
    453    458    458    456    458
    450    453    458    455    456
    457    452    456    455    459

    421    418    420    420    424
    418    420    422    421    419
    418    421    412    416    415
    411    416    412    418    420
    417    416    419    418    417

    389    387    385    381    388
    381    384    381    392    390
    384    387    385    383    384
    384    384    385    387    384
    382    383    383    387    383

    344    341    338    340    340
    337    340    341    341    341
    341    338    341    338    343
    335    338    341    340    338
    340    340    338    340    341

    317    311    317    315    316
    312    316    312    310    321
    313    312    311    316    315
    313    313    311    315    315
    315    315    311    315    319

    305    305    301    303    303
    299    303    301    299    305
    304    300    301    299    303
    298    298    301    301    301
    301    302    300    301    300

    280    275    280    281    280
    279    280    278    287    286
    281    275    279    281    278
    277    275    279    281    280
    278    279    280    281    278

    260    260    258    262    259
    258    259    260    261    262
    259    261    262    255    259
    255    254    262    259    257
    259    256    258    259    260

    247    247    247    245    248
    245    248    250    247    252
    242    245    248    244    241
    246    242    248    247    247
    242    247    245    247    250

    228    230    232    231    229
    229    227    228    227    224
    227    226    230    222    225
    226    223    230    229    227
    228    226    227    229    231

    218    215    216    215    219
    214    216    214    217    221
    219    214    210    213    215
    212    214    210    212    215
    216    216    211    212    215

    211    211    215    213    216
    211    208    210    216    211
    208    212    212    207    212
    208    212    212    211    209
    210    207    209    211    208

    210    208    218    217    214
    211    207    208    213    204
    208    207    208    211    214
    207    214    208    206    211
    211    208    206    206    208

    211    209    215    211    215
    211    209    211    216    212
    207    211    212    207    213
    208    211    212    211    209
    210    207    209    211    208

    197    192    204    193    198
    192    194    198    194    196
    188    193    197    194    198
    193    195    197    198    194
    195    194    192    198    188

    171    170    177    174    175
    169    174    173    174    173
    169    171    172    172    176
    169    173    172    176    171
    177    169    171    176    167

    155    148    158    148    152
    147    150    155    152    153
    151    149    151    154    156
    148    151    151    154    149
    151    151    148    154    147

    145    141    147    145    146
    143    144    147    146    148
    141    142    143    144    152
    144    144    143    147    142
    147    144    144    147    140

    132    129    135    130    132
    129    134    133    132    135
    129    130    131    131    138
    131    130    131    136    127
    132    130    132    136    125

    102    102    105    102    103
    102    105    103    104    105
    100    101    100    101    108
    104    101    100    105    102
    102    101    104    105     99

    110    107    109    107    110
    106    112    110    110    112
    104    108    107    107    116
    107    108    107    115    105
    111    109    114    115    105

    117    113    120    112    121
    115    122    122    117    120
    114    118    115    115    125
    117    115    115    119    114
    119    116    121    119    115

    117    112    123    115    118
    114    122    123    116    124
    114    117    117    115    128
    118    118    117    124    117
    119    115    121    124    114

     69     70     73     67     69
     70     73     73     71     73
     68     70     70     68     77
     71     70     70     72     68
     74     70     72     72     68

     92     87     93     87     91
     88     94     96     92     97
     86     87     89     89    100
     93     91     89     97     92
     92     91     95     97     88

     95     91     97     93     97
     92     97    100     97     99
     90     92     96     93    107
     95     93     96    102     93
    100     94     98    102     93

     87     84     90     83     89
     85     91     91     88     92
     83     84     90     85     97
     91     83     90     96     86
     88     88     92     96     86

     81     77     84     78     81
     78     85     85     82     88
     74     78     82     81     90
     84     78     82     86     79
     84     82     83     86     78

     74     70     78     71     75
     73     79     80     76     78
     71     72     74     73     85
     76     72     74     80     73
     79     75     79     80     71

     62     56     62     56     60
     59     64     65     62     64
     58     56     60     59     69
     62     57     60     65     57
     62     59     63     65     59

     60     55     60     58     62
     58     64     66     59     65
     57     58     62     59     68
     61     56     62     64     58
     65     61     65     64     59

     64     59     63     61     62
     60     68     68     62     67
     59     60     62     60     73
     65     60     62     70     61
     67     63     67     70     61

     67     63     69     63     68
     64     70     73     67     72
     62     64     66     64     76
     67     62     66     73     65
     69     67     72     73     64

     62     58     65     58     64
     59     67     68     64     69
     58     60     61     58     74
     65     58     61     67     61
     65     61     67     67     60

     59     54     64     56     60
     58     65     67     59     65
     54     57     62     59     71
     62     57     62     68     58
     63     61     67     68     60

     57     52     59     53     58
     53     61     64     57     64
     52     53     56     55     69
     58     52     56     63     54
     58     56     62     63     56

     53     49     56     50     54
     53     59     61     54     60
     48     51     54     51     66
     55     51     54     64     53
     56     55     60     64     53

     42     40     43     40     43
     41     47     47     44     49
     39     40     41     42     52
     45     39     41     49     41
     45     44     48     49     41

     36     35     38     35     37
     35     40     41     37     42
     34     34     36     37     43
     37     35     36     40     35
     39     37     41     40     33

     32     30     34     30     34
     32     35     38     34     36
     31     30     34     30     40
     36     32     34     36     32
     35     34     39     36     32

     30     28     31     27     30
     28     33     34     31     33
     27     27     28     30     38
     31     28     28     36     28
     33     32     35     36     28

     19     15     19     21     20
     20     23     23     20     20
     19     18     18     21     24
     22     19     18     28     21
     20     18     26     28     20

     13     13     16     12     17
     14     17     18     14     17
     14     13     14     14     16
     15     14     14     17     12
     15     14     17     17     14

     15     14     16     14     15
     15     18     19     15     18
     13     14     15     13     19
     18     14     15     19     14
     16     15     17     19     14

     24     21     24     22     23
     24     27     29     25     29
     22     22     25     24     30
     25     21     25     28     23
     25     24     26     28     24

     29     23     29     23     27
     27     31     32     26     30
     24     26     29     25     35
     29     25     29     33     28
     29     28     32     33     26

     31     28     31     28     33
     29     34     38     31     36
     28     28     31     29     41
     34     28     31     39     31
     33     32     37     39     31

     35     30     35     29     32
     30     37     38     32     38
     29     31     33     30     42
     35     30     33     40     31
     36     34     38     40     32

     32     28     34     28     32
     31     36     38     32     38
     28     29     32     30     44
     33     28     32     39     32
     35     33     38     39     32

     32     27     33     27     32
     30     37     37     31     38
     27     29     32     30     41
     33     27     32     39     29
     33     34     37     39     30

     31     27     32     25     30
     29     34     36     32     37
     26     29     30     28     41
     32     27     30     38     29
     32     32     37     38     30

     29     24     29     23     27
     26     32     34     28     33
     24     26     28     26     39
     31     24     28     34     27
     30     29     35     34     28

     29     24     28     24     26
     26     32     33     28     34
     23     26     29     25     38
     29     23     29     34     27
     30     29     34     34     26

     26     22     26     23     26
     24     30     32     25     32
     23     23     26     23     36
     28     22     26     31     23
     28     26     31     31     25

     25     21     27     22     25
     23     30     30     26     32
     21     23     24     23     36
     27     22     24     33     23
     28     25     30     33     25

     23     19     23     18     22
     21     26     28     23     28
     19     19     23     21     30
     25     19     23     28     22
     24     23     27     28     22

     20     18     22     17     21
     19     24     26     21     25
     18     18     21     19     29
     23     18     21     25     21
     23     22     26     25     21

     18     16     21     15     19
     18     22     24     20     23
     16     17     19     18     28
     21     17     19     23     20
     21     20     25     23     19

     15     12     16     13     14
     14     18     18     15     19
     12     14     14     14     21
     16     12     14     19     14
     17     16     19     19     14

      9      7      9      8     10
      9     10     12      9     10
      8      9      8      8     12
      9      7      8     12      9
      9     10     11     12      9

      3      2      3      3      4
      4      5      5      4      4
      2      4      3      4      4
      5      4      3      6      5
      6      4      6      6      5

      2      2      2      3      3
      2      3      5      4      5
      2      3      3      3      5
      4      2      3      4      4
      3      3      5      4      4

      3      3      4      3      5
      4      5      7      4      5
      4      4      4      4      6
      4      3      4      7      3
      5      6      5      7      4

      3      3      4      3      4
      5      5      6      2      3
      3      5      3      4      5
      5      4      3      7      4
      4      5      6      7      4

      6      4      4      5      6
      6      8      8      5      7
      4      5      6      5      8
      7      5      6      8      5
      7      6      9      8      4

     10      8     10      8     10
      9     11     13     10     13
      8      8     10      9     16
     10      8     10     12      8
     11     11     12     12      9

     12      9     12      9     11
     10     14     14     10     14
      9     10     11     10     16
     12      9     11     15      9
     14     12     14     15     11

     10      7     10      8     10
      9     12     15     10     13
      9      8     10      8     15
     10      8     10     13     10
     12     11     12     13     10

     11      8     10      7     12
     10     12     13     10     15
      8      9     10     10     17
     11      7     10     14     10
     11     11     14     14     10

      8      7      9      7      9
      8     12     12      9     13
      6      7      8      8     13
     10      6      8     12      9
      9      9     12     12      9

     11      8     10      7     11
      9     13     13     10     13
      9      9     10      9     15
     12      8     10     14      9
     12     12     14     14     11

     10      8     11      8     11
     10     14     13      9     13
      8      9     10      9     17
     12      8     10     15     10
     11     12     14     15     10

     12      9     12      9     12
     11     14     16     11     16
      8     11     11     10     18
     13      9     11     16     10
     13     12     16     16     12

     13      9     12      8     11
     10     16     15     12     14
      9     10     10     10     19
     14      9     10     16     10
     13     12     14     16     11

     11      8     10      8     10
     10     13     15     11     14
      9     10     10      9     17
     12      8     10     14      9
     12     12     14     14     10

     10      7     10      7     10
      8     12     13     10     13
      7      9      9      9     15
     11      7      9     14      8
     11     12     12     14      9

     11      7     10      7     10
     10     13     15     11     14
      9     10     10      9     17
     12      7     10     15      9
     12     12     14     15     10

     14     11      6     14      9
      7     12     14     10     10
     12      9     14     11     12
     12     13     14     13     12
      9      7     14     13     12

     13     13      7     10     10
      5     15     10     10     11
     12     13     10     10     12
     10     13     10     10     13
     10     10     12     10      8

     10     10      8     10     11
     10     12     13     12     11
      9     12     12      8      9
     11     10     12     13     11
      8     13     13     13     12

     13     11     12      8     11
      7     13     12      8     10
     11     11      8      9     13
     11     13      8     16     11
     10     12     14     16     11

     12      8      6      8     10
      8     12      8      9      9
      8     10     11      7     10
      8     10     11     12      9
     10      8     10     12      9

      9      8      7      8      5
      5      9      8      9      8
      5      7      7      4     10
     10      6      7      8      8
      6      9      7      8      8

    -39    -24     46     53     63
     47     53     84     76     60
     65     48     72     52     56
     68     58     72     57     53
     36     34     57     57     40

      4      2      2      4      5
      3      4      5      4      4
      2      3      4      3      6
      6      6      4      5      3
      2      4      5      5      5

      1      2      1      1      1
      0      2      2      3      2
      2      3      3      2      1
      2      1      3      4      5
      4      2      5      4      3

      0      0      0      0      0
      0      1      0      0      2
      0      0      2      0      0
      1      1      2      1      1
      0      0      0      1      1

      0     -2     -2      0     -1
     -1      0      0      0      0
      0      0      0     -1      0
      0      1      0      0      0
      0      0      2      0     -2

      0      0     -2      0     -2
      0      0      3     -1      1
     -1      0      2     -1      1
      2      0      2      0      1
     -2      1      2      0      1

      1     -1      0      0      0
      1      2      1      0      0
      0      0      0      0      0
      0      0      0      2      0
      0      0      0      2      0

      1      0      0     -1     -1
     -2     -1      3      4      6
      0      3      4     -4      0
      3      1      4     -3     -3
     -4      0     -1     -3     -1

      1      1      0     -3      0
     -5      1      1      1      3
     -2      2      0     -3      2
      1      1      0      2      2
      0      2      1      2      0

      0     -2     -2     -3      1
     -2      2      2      0      2
      0      0      0     -1      0
      0      1      0      1      0
      3      0      1      1     -1

      0      1     -1      1      0
     -1      0     -1      1      2
     -1      0      0     -2      2
      2      2      0      3     -2
      0      0      2      3      0

      3      0      0      0      1
      0      1      1      1      0
      2      2      1     -1      3
      2      0      1      2      0
      0      3      1      2      3

      3      1      0      0      0
      0      0      0      1      1
      1      3      1      1      2
      4      1      1      1      2
      0      0      1      1      0

      3      3      1      3      2
     -1      2      2      3      5
      2      2      5      0      1
      4      3      5      4      2
      2      2      1      4      4

      4      2      2      2      6
      2      4      2      2      2
      2      4      5      0      3
      6      3      5      5      1
      3      3      2      5      4

      4      0      0      1      1
      0      1      2      2      2
      0      1      3      0      3
      4      3      3      7      3
      3      0      2      7      2

      3      3      2      4      2
      1      3      3      0      3
      2      2      6      0      2
      5      2      6      1      3
      3      3      2      1      3

      4      5      4      5      6
      4      7      5      5      6
      6      2      6      4      6
      5      5      6      8      4
      4      4      7      8      7

      8      7      6     10      6
      6      7      8      7      9
      7      8      8      7      8
      8      9      8      7      8
      8      9      8      7      9

      8      9      6      8     10
      6     11     11      9      8
      8      8     10      7      9
      9      8     10     11     10
     10     10     10     11      9

      9     11      9     10     10
      6     10     10     10     10
     10     11     10     10     11
     12     10     10     10     11
      9     10     13     10     10

     10      9      7     10      9
      8     10      9      9     11
     12     11      9      7      9
     10     10      9     11      9
     10     11     10     11     10

      9     12      7      8      7
      8     10     10      6      9
     10      7     13     10      9
      9     12     13     12     11
     14     10     13     12     14

      9     11     12     11     12
     10     10     11     10     11
     11      9     10     10     11
     12     11     10     12     10
     10     10     13     12     10

     10      7      8     10      7
      8     10     10     11     10
      8     10     12      9     10
     10      9     12     11      8
     11     10     10     11     11

     11      7      7      8      8
      7      8      9      8      9
      8      9      8      9      9
      9      7      8      9      9
      8     10     10      9      9

      7      8      7      8      8
      7      9     10     10      9
      7      8      7      7     10
     11      9      7      8      8
     10      7     10      8      9

     10      9      7      7      8
      6     10      9      9      9
      7      7      7      9     10
     10      9      7     11      9
     10     10     10     11      8

      8      8      7      5      9
      8      8     10      8      9
      9      8      8      7      9
      9      7      8     10      9
      7      9     10     10      8

     10      7      7      7      7
      6      9      9      9      9
      7      8      8      9      8
      8      8      8     10      7
      7      8      9     10      9

      9      8      7      8      9
      6      9      9      9      7
      8      8      8      9      9
      9      8      8      9      7
      7      7     11      9      9

     10      9      7      8      7
      7      7      9      8      8
      7      9     10      7     10
      8      7     10      9      7
      8      9      8      9      9

      8      8      8      6      8
      4      7      8      7      8
      8      9      9      7      8
      8      7      9      9      8
      8      8      8      9      8

      7      8      5      9      6
      6      7      7      9      6
      6      7      7      5      8
      9      7      7      7      7
      6      9      8      7      8

      8      6      5      8      6
      4      7      7      8      7
      8      7      7      6      8
      7      8      7      6      8
      6      7      9      6      7

      7      7      7      8      7
      6      8      5      6      6
      7      7      7      4      7
      9      8      7      8      7
      7      7      6      8      9

      7      7      3      5      6
      5      7      6      6      6
      6      7      7      6     11
      7      6      7      6      6
      7      7      8      6      6

      6      7      5      8      6
      5      8      6      8      6
      6      6      5      4      7
      6      6      5      9      6
      7      6      8      9      7

      7      5      4      7      7
      6      7      7      7      8
      6      6      6      4      7
      7      7      6      6      5
      5      6      8      6      6

      5      4      4      6      6
      5      7      7      6      8
      4      4      5      3      6
      5      6      5      5      6
      6      5      6      5      7

      5      5      4      5      6
      2      6      5      5      4
      6      7      5      5      7
      5      4      5      4      4
      4      4      5      4      6

      4      4      4      5      4
      4      3      4      3      5
      5      6      5      2      6
      6      5      5      7      4
      4      4      5      7      5

      2      4      4      3      4
      3      5      9      8      8
      7      7      4      2      8
      6      7      4      6      5
      7      7      7      6      6

      5      4      3      5      5
      2      5      5      3      7
      4      4      3      3      5
      5      5      3      6      4
      3      3      5      6      3

      4      4      3      5      4
      3      3      4      3      4
      4      3      5      1      5
      4      3      5      5      4
      3      3      5      5      3

      3      4      3      4      2
      2      2      2      4      3
      2      1      2      3      4
      5      2      2      4      2
      1      2      4      4      3

      0      3      3      3      1
      1      3      2      1      4
      2      2      4      0      5
      2      1      4      4      3
      2      4      3      4      2

      1      0      0      0      0
      0      2      1      1      2
      2      2      0      0      1
      2      1      0      2      0
      3      3      3      2      1

      0      2     -1      0      0
      0      1      0      2      1
      0      0      1      0      1
      1     -1      1      1      0
      2      0      2      1      2

      0      0     -1      0      0
      0      0      0      0     -1
      0      0     -2      0      0
      0      0     -2      0      0
      0     -1      1      0      2

      1      0      0      0     -1
      0      0      0      0      2
      0      0      0      0      2
      0      1      0      0      0
      0      0      2      0      0

      0      0     -2      0      0
      0      0      0      0      0
      0      0      1      0      0
     -1      1      1      0      0
      0      0      0      0      0

      1     -1      0      1      1
     -1      1     -1      0      0
      0      0     -1     -4      1
      0      0     -1      1      0
     -2      0      0      1      0

      0      0      0      1      0
     -1      0      1      1      0
      0      1      0      0      0
      1      1      0      0      0
      0      0      2      0      1

      0      0      0      0      1
      1      0      1      0      3
     -1      2      0     -1      2
      1      0      0      0     -1
     -1     -1      1      0      0

      0      1     -2      2     -2
     -1      0      2      0      0
     -2      2      0     -3      1
      2      0      0      2      0
      0     -1      1      2      0

     -1      1     -1      0      0
     -1      1      0      0      0
      1      0      0     -1      0
      1      0      0      0      0
     -1     -1      1      0      0

     -1     -1      1      0      0
      0      0      1     -1      0
      1      4      1      1      0
      1      0      1      0      0
      0      0      0      0      0

     -1      0      3      0      1
      0      1     -1      0      0
      0      1      0      0      0
      3     -1      0      0      0
     -1      1      0      0     -1

      0     -1      0     -1      1
      1      1     -1      0      0
      0      1      0     -1      0
      3     -1      0      0      0
      0      2      1      0      0

     -2     -1      1      0      1
      3      0      0     -1      0
      0      2      0      0      1
      0     -1      0      0     -2
      0      0      0      0      1

      0     -1      0      0      0
      0      1      0      0      0
     -1      2      1      0      0
      0     -1      1     -1      0
      0      0      0     -1      0

      0      0      0     -2      1
      0      1      0      0      0
     -1      0      0      0      1
      1      0      0      0      1
      0      2      0      0      0

      1      0      0     -1      0
      0      0      1      0      0
      0      1      1     -1      0
      0      0      1      0     -1
      0      0      0      0      0

      0      0      2     -1      1
     -1      0      0     -1      0
      0      1      0      0      0
      0      0      0      0      0
      1      1      2      0      0

      1      0      0      0      0
      0      1      0      0      1
      0      0      0      0      0
      0      0      0      0     -1
      0      0      0      0      0

      0      1      2      2      1
      0      0      1      1      0
      0      0      1      0      0
      0      0      1      0      1
      0      1      0      0      0

      0      0      2      2      3
      3      2      0      1      1
      2      2      1      1      1
      3      0      1      1      1
      3      3      2      1      1

      2      1      3      1      4
      2      3      0      2      1
      1      3      2      2      2
      4      2      2      0      2
      1      4      3      0      2

      3      1      2      2      5
      4      2      3      4      3
      3      4      3      3      2
      4      3      3      3      1
      3      3      3      3      2

      2      1      2      1      1
      2      4      2      2      2
      1      4      0      2      3
      3      2      0      3      2
      2      3      2      3      1

      1      1      0      0      1
      1      1      0      1      2
      1      1      2      0      0
      2      1      2      1      1
      2      0      0      1      1

      0      0      1      0      1
      2      0      1      1      1
      2      1      0      1      0
      0      1      0      1      0
      2      2      0      1      2

      2      1      2      2      4
      3      4      4      1      3
      2      5      5      3      3
      4      1      5      2      2
      2      4      3      2      2

      4      3      4      2      5
      4      3      4      5      3
      4      5      5      5      5
      4      3      5      2      3
      4      5      4      2      3

      4      3      4      2      4
      3      4      4      3      2
      2      4      3      4      5
      4      2      3      4      4
      3      3      4      4      3

      3      2      2      1      2
      3      3      2      3      2
      2      4      2      3      2
      2      3      2      2      1
      2      2      1      2      2

      1      4      3      2      2
      2      1      3      2      2
      3      4      3      3      4
      2      2      3      2      2
      3      3      2      2      2

      3      2      4      2      3
      4      4      2      3      4
      2      5      4      5      2
      4      1      4      3      3
      3      4      2      3      2

      3      3      2      1      4
      3      4      3      4      4
      3      4      4      4      5
      3      3      4      2      3
      5      4      2      2      3

      2      3      3      2      3
      5      4      3      3      4
      3      4      4      4      3
      4      2      4      4      3
      4      4      3      4      3

      3      3      4      3      3
      2      4      2      3      4
      3      4      4      4      2
      3      3      4      4      4
      3      5      4      4      3

      4      3      4      3      4
      3      4      3      2      4
      2      4      3      4      2
      3      2      3      3      2
      4      4      3      3      4

      3      3      4      2      4
      4      3      4      3      4
      3      5      4      5      4
      3      3      4      3      4
      5      5      2      3      3

      3      4      3      3      4
      3      3      3      4      3
      2      4      4      3      3
      3      2      4      3      4
      3      4      2      3      3

      2      2      3      2      4
      3      3      3      5      4
      3      4      5      3      3
      3      2      5      2      3
      5      5      4      2      4

      4      3      2      2      4
      2      2      4      3      3
      3      5      4      4      3
      5      3      4      1      2
      3      4      2      1      1

      2      3      2      3      4
      2      3      3      3      3
      3      3      2      2      3
      2      1      2      3      2
      3      3      4      3      3

      3      3      1      1      4
      3      2      2      2      3
      3      3      2      3      3
      3      2      2      3      2
      2      5      1      3      3

      2      1      3      3      4
      3      3      2      3      4
      1      3      4      2      4
      4      3      4      2      3
      2      5      2      2      4

      2      1      4      1      4
      1      3      3      3      3
      3      4      2      4      2
      3      3      2      3      2
      4      5      3      3      2

      3      1      2      1      1
      2      2      3      2      4
      3      4      3      2      2
      3      2      3      1      2
      4      2      2      1      2

      1      2      2      2      3
      2      2      1      2      3
      3      4      3      4      0
      4      3      3      2      2
      1      2      2      2      1

      3      1      2      2      4
      1      3      2      1      3
      3      5      1      2      2
      2      1      1      2      1
      3      4      2      2      3

      2      2      2      0      4
      2      4      3      3      2
      3      5      3      2      1
      5      2      3      1      0
      1      3      3      1      3

      1      1      3      1      2
      2      2      2      1      2
      2      4      1      2      1
      4      1      1      3      3
      1      2      3      3      1

      2      4      1      1      4
      3      3      1      1      1
      3      3      2      1      1
      4      2      2      2      1
      3      2      3      2      1

      1      3      3      1      2
      2      4      2      2      1
      2      3      2      4      1
      3      2      2      1      0
      1      4      1      1      2

      0      0      3      3      4
      3      2      0      2      2
      2      3      3      3      2
      3      0      3      2      1
      0      4      2      2      3

      2      3      1      1      3
      2      3      1      2      3
      0      3      3      3      1
      3      1      3      2      4
      1      3      3      2      2

      1      1      2      2      3
      0      1      1      2      1
      1      3      3      4      3
      3      0      3      1      2
      3      3      1      1      2

      1      1      3      0      3
      1      3      0      2      1
      2      2      2      2      1
      1      1      2      0      3
      1      3      1      0      3

      0      2      1      1      2
      1      2      3      1      2
      0      2      2      3      2
      2      0      2      2      1
      0      3      3      2      0

      2      1      2      1      2
      2      0      0      1      1
      3      4      3      1      0
      3      1      3      0      0
      1      3      0      0      0

      1      1      0      0      4
      0      1      0      1      0
      2      2      1      1      0
      4      2      1      0      1
      0      2      2      0      2

      0      0     -1      0      3
      2      0      3      1      0
      1      3      3      0      0
      2      3      3      2      0
      0      0      1      2      1

      2      0      1      2      2
      1      1      1      1      1
      2      1      0      2      0
      2      0      0      0     -1
      1      3      1      0      0

      3      0      1      0      3
      2      0      0      3      1
      0      3      1      1      0
      2      1      1      0      0
      1      2      1      0      0

      1      0      0      0      2
      1      2      2      0      0
      0      1      0      0     -1
      3     -1      0      0      0
      0      2      0      0      0

      0      1      0      0      1
      1      2      1      1      0
      2      1      0      1      0
      1      0      0      0     -1
      1      1      0      0      1

      1      0      0      0      0
      1      0      2      0      0
     -1      3      1      2      0
      0      0      1      0      1
      1      0      0      0      0

      0      0      1      2      0
      0      1      0      1      0
      0      1      0      0      3
      0      1      0      0      0
     -1      1      3      0      0

      0      0      0      0      1
      1      0     -1      1      1
      0      1      0      0      0
      0     -1      0      2      0
      3      2      0      2      1

      1      2      1      0      0
      0      1      4      2      1
      0      2      2      1      2
      0      0      2      0      1
      3      2      0      0      0

      2     -2     -1     -1      4
      1      0      2      1      2
      0     -1      1      0      1
     -2      0      1      0      0
      1      0      0      0      2

     -2      1      1     -1      1
     -1      2      1      0      0
     -1      1     -1      1      1
      1     -1     -1      0     -1
     -1      1      0      0     -1

     -1      0     -1     -2     -1
      1      1      1     -1      0
      1      1      1      0      0
      0      0      1      0     -2
      0      3      0      0     -1

     -2      0     -1      0      1
      0      0      1      0      1
     -1      1      0      0      0
     -2      4      0     -1      0
     -1      0      2     -1      1

      1     -3      1     -2      0
     -1      2      1      0      0
      1      0     -1      0      2
     -1     -1     -1     -1      0
      0     -3      0     -1     -3

     -3      0      1      0      2
     -1      1     -1     -1      0
     -1      5      1      1     -1
      0      1      1      0      0
      0      1     -2      0      0

      0     -3      0      0      0
      0      0      0      0     -3
      1      2      1      1     -1
      2     -1      1      1      0
     -1      1      0      1     -2

