;
; ENVI ASCII Output of file: E:\Imaging\ROI_AVIRIS\5_0_9.img [Fri Nov 17 11:53:22 2017]
; File Dimensions: 5 samples x 5 lines x 224 bands
; Line Format    : (5i7)
;
    523    530    533    538    531
    545    518    533    538    531
    524    524    551    525    529
    533    531    543    540    573
    533    531    538    534    557

    625    606    627    649    647
    627    608    630    649    647
    627    627    640    645    640
    606    619    634    630    632
    606    619    632    636    649

    675    672    682    680    656
    672    668    667    680    656
    677    677    693    653    692
    675    677    694    669    671
    675    677    667    676    690

    846    844    840    854    851
    852    854    853    854    851
    838    838    858    857    856
    846    847    836    857    867
    846    847    851    855    860

   1235   1240   1243   1239   1247
   1238   1232   1252   1239   1247
   1244   1244   1245   1239   1249
   1233   1233   1236   1235   1250
   1233   1233   1245   1245   1244

   1292   1293   1294   1304   1298
   1308   1306   1296   1304   1298
   1294   1294   1300   1294   1313
   1292   1302   1296   1304   1308
   1292   1302   1296   1295   1302

   1211   1222   1215   1222   1213
   1217   1213   1224   1222   1213
   1211   1211   1219   1215   1223
   1210   1216   1219   1223   1227
   1210   1216   1219   1221   1225

   1109   1116   1118   1120   1116
   1106   1116   1121   1120   1116
   1110   1110   1108   1117   1118
   1110   1110   1117   1121   1122
   1110   1110   1117   1118   1126

   1188   1203   1203   1207   1199
   1191   1196   1207   1207   1199
   1198   1198   1195   1203   1197
   1196   1189   1198   1195   1203
   1196   1189   1196   1203   1196

   1215   1208   1218   1210   1202
   1207   1208   1214   1210   1202
   1198   1198   1221   1204   1212
   1196   1203   1205   1208   1213
   1196   1203   1203   1216   1220

   1167   1173   1168   1169   1159
   1167   1163   1169   1169   1159
   1162   1162   1162   1163   1169
   1162   1164   1170   1169   1178
   1162   1164   1165   1168   1178

   1085   1087   1093   1095   1088
   1086   1085   1097   1095   1088
   1090   1090   1088   1083   1091
   1081   1085   1092   1094   1105
   1081   1085   1090   1092   1094

   1026   1020   1031   1024   1021
   1025   1019   1024   1024   1021
   1013   1013   1026   1023   1029
   1023   1017   1021   1022   1029
   1023   1017   1025   1025   1034

    915    927    918    926    921
    912    910    919    926    921
    915    915    918    915    926
    914    914    914    916    914
    914    914    924    926    922

    824    835    826    830    824
    826    826    826    830    824
    816    816    821    825    836
    822    820    825    820    835
    822    820    826    822    834

    724    725    719    729    724
    725    726    728    729    724
    722    722    720    720    732
    716    723    726    724    731
    716    723    725    729    736

    630    639    637    636    635
    633    635    638    636    635
    635    635    630    634    640
    635    631    632    634    643
    635    631    640    637    643

    597    603    604    603    602
    599    600    603    603    602
    598    598    598    601    604
    599    599    598    602    608
    599    599    604    602    607

    562    567    571    568    567
    564    563    566    568    567
    561    561    566    566    567
    561    566    563    569    573
    561    566    567    566    570

    521    532    527    528    524
    526    521    530    528    524
    523    523    526    523    530
    522    524    521    523    529
    522    524    528    522    532

    475    482    482    480    479
    477    478    482    480    479
    473    473    477    476    478
    475    473    478    476    481
    475    473    478    481    487

    437    434    435    439    438
    435    435    437    439    438
    436    436    433    432    441
    442    434    436    435    444
    442    434    440    439    445

    404    405    404    410    406
    400    406    406    410    406
    396    396    406    405    409
    403    401    405    406    412
    403    401    403    404    410

    355    359    361    357    354
    355    353    353    357    354
    354    354    351    354    358
    354    355    356    358    357
    354    355    354    358    363

    328    333    331    334    328
    329    329    330    334    328
    327    327    327    331    336
    327    325    329    336    336
    327    325    331    330    335

    317    320    321    318    318
    317    313    315    318    318
    317    317    314    317    319
    313    316    315    316    322
    313    316    317    318    321

    293    296    294    295    297
    294    295    297    295    297
    290    290    297    292    294
    292    293    294    294    298
    292    293    295    298    301

    271    275    275    274    269
    270    269    274    274    269
    270    270    271    269    277
    267    273    271    272    274
    267    273    272    270    277

    260    259    264    261    263
    256    260    261    261    263
    258    258    259    260    264
    260    258    258    262    261
    260    258    261    260    261

    238    240    241    239    238
    238    237    239    239    238
    240    240    238    243    240
    239    235    242    240    240
    239    235    243    243    245

    227    225    226    229    226
    226    223    226    229    226
    223    223    228    228    229
    228    222    226    226    229
    228    222    228    228    231

    222    219    226    223    223
    221    222    224    223    223
    218    218    221    219    225
    223    221    224    221    226
    223    221    221    224    229

    219    216    230    222    222
    216    221    217    222    222
    222    222    217    220    221
    223    222    221    219    223
    223    222    222    224    225

    223    219    226    223    223
    222    222    224    223    223
    218    218    220    219    226
    222    221    223    221    226
    222    221    222    224    230

    205    199    217    206    207
    206    207    207    206    207
    202    202    202    203    212
    206    206    208    203    209
    206    206    208    206    210

    181    178    188    181    180
    186    186    180    181    180
    179    179    177    180    185
    180    182    181    178    186
    180    182    185    183    189

    161    153    167    161    158
    161    159    157    161    158
    159    159    153    158    163
    157    159    160    159    160
    157    159    165    160    165

    155    146    161    152    151
    158    156    154    152    151
    151    151    150    152    158
    152    151    153    148    154
    152    151    158    154    161

    142    134    149    137    138
    143    138    136    137    138
    137    137    132    141    146
    136    140    139    137    138
    136    140    145    143    145

    109    102    115    107    106
    113    109    108    107    106
    105    105    106    109    115
    104    109    110    107    108
    104    109    113    112    116

    116    109    125    113    113
    120    117    114    113    113
    112    112    112    116    121
    111    115    114    116    116
    111    115    119    117    119

    126    120    134    123    123
    130    128    124    123    123
    121    121    120    125    136
    119    127    123    124    124
    119    127    130    127    134

    132    122    135    124    125
    129    128    125    124    125
    121    121    120    126    134
    122    128    125    125    124
    122    128    130    126    134

     77     75     82     75     74
     78     77     73     75     74
     73     73     73     75     80
     72     76     75     75     74
     72     76     80     80     79

    103     93    106     96     97
    104    102     93     96     97
     95     95     93     98    105
     93    100     96     98     95
     93    100    102    100    104

    107     98    110    100     99
    110    105     99    100     99
     98     98     99     99    113
     95    100    102    101    100
     95    100    107    105    111

    100     90    103     91     91
    101     96     90     91     91
     91     91     91     96    103
     90     95     94     94     91
     90     95    100     97     99

     94     83     97     87     86
     94     88     83     87     86
     82     82     84     87     94
     80     88     85     86     84
     80     88     91     89     93

     82     74     90     77     77
     88     82     77     77     77
     75     75     76     83     88
     74     82     78     80     76
     74     82     85     80     85

     67     61     72     63     63
     70     66     61     63     63
     61     61     61     66     70
     59     66     64     66     63
     59     66     70     67     70

     68     62     72     62     63
     74     66     60     62     63
     62     62     63     65     71
     60     67     66     64     63
     60     67     70     66     71

     72     63     76     64     64
     74     69     65     64     64
     63     63     64     70     74
     62     69     67     69     64
     62     69     74     70     75

     76     69     82     70     67
     79     76     69     70     67
     67     67     67     74     81
     66     74     70     74     69
     66     74     81     73     77

     70     63     78     64     64
     75     69     64     64     64
     62     62     63     70     77
     62     70     67     68     66
     62     70     73     69     73

     70     60     74     63     64
     73     69     64     63     64
     59     59     62     67     76
     59     68     64     67     62
     59     68     74     68     69

     67     56     70     59     60
     68     65     60     59     60
     57     57     58     63     72
     54     64     59     64     58
     54     64     68     64     66

     63     53     66     55     57
     66     62     56     55     57
     56     56     55     58     69
     52     60     58     60     54
     52     60     66     61     64

     49     43     54     44     44
     54     47     46     44     44
     43     43     42     48     54
     40     48     44     48     44
     40     48     50     48     50

     43     39     47     38     37
     45     39     36     38     37
     36     36     37     40     47
     34     43     39     40     37
     34     43     46     39     44

     39     33     42     33     35
     43     37     35     33     35
     34     34     34     37     41
     33     38     36     37     35
     33     38     42     39     40

     35     31     37     28     30
     37     34     31     28     30
     30     30     29     35     39
     29     33     30     33     31
     29     33     39     35     40

     22     17     25     20     21
     27     20     19     20     21
     21     21     23     25     23
     20     20     23     24     19
     20     20     26     23     27

     16     14     18     14     16
     18     16     15     14     16
     15     15     14     16     18
     12     16     16     15     14
     12     16     18     18     17

     18     14     20     14     15
     18     17     15     14     15
     15     15     16     17     21
     14     17     16     16     15
     14     17     18     15     20

     28     24     33     24     25
     32     28     25     24     25
     25     25     24     28     34
     22     28     25     28     25
     22     28     32     28     30

     34     26     35     27     28
     35     33     28     27     28
     27     27     28     32     36
     26     31     31     32     28
     26     31     35     32     34

     39     31     40     32     32
     41     38     33     32     32
     31     31     32     37     43
     29     36     33     37     32
     29     36     40     37     42

     41     33     44     35     34
     43     39     34     35     34
     31     31     33     38     47
     32     38     36     38     35
     32     38     43     37     43

     41     33     43     32     34
     42     38     32     32     34
     31     31     32     39     44
     29     37     34     37     33
     29     37     41     37     40

     37     32     43     33     33
     42     38     32     33     33
     30     30     31     36     43
     28     38     34     37     32
     28     38     40     37     41

     38     31     43     32     32
     42     38     32     32     32
     30     30     31     36     43
     28     37     34     37     32
     28     37     39     35     39

     34     29     39     29     28
     38     34     29     29     28
     27     27     27     33     39
     24     33     29     33     28
     24     33     38     33     37

     35     27     39     29     29
     36     32     28     29     29
     27     27     29     34     40
     25     33     30     33     28
     25     33     37     33     36

     33     26     35     27     28
     35     32     26     27     28
     25     25     26     31     38
     24     32     28     31     26
     24     32     35     31     35

     33     26     36     26     24
     35     31     25     26     24
     24     24     25     30     36
     23     30     27     29     26
     23     30     33     29     34

     29     23     32     23     24
     32     28     22     23     24
     23     23     22     27     33
     20     28     25     25     24
     20     28     31     27     30

     27     21     30     21     22
     30     25     20     21     22
     21     21     20     25     30
     18     26     22     24     22
     18     26     29     25     27

     24     19     28     18     20
     28     23     18     18     20
     19     19     18     23     28
     17     23     20     23     19
     17     23     27     24     24

     20     15     22     15     16
     22     17     14     15     16
     15     15     15     17     23
     13     19     16     18     15
     13     19     21     17     20

     10      9     14      9      9
     13     10      9      9      9
      9      9      9     10     12
      8     12     10      9      9
      8     12     14     11     14

      4      4      5      4      5
      7      4      4      4      5
      5      5      4      5      5
      3      5      5      3      4
      3      5      6      4      6

      3      2      5      3      3
      4      4      3      3      3
      4      4      4      5      4
      1      4      4      3      3
      1      4      4      3      6

      6      4      7      3      5
      7      5      4      3      5
      5      5      5      6      5
      4      4      5      6      4
      4      4      6      5      8

      5      3      7      4      5
      6      4      4      4      5
      4      4      3      5      5
      3      4      4      4      3
      3      4      6      6      6

      7      6      9      7      6
     10      7      6      7      6
      6      6      6      7      9
      5      7      7      7      6
      5      7      8      8      8

     13      9     15     10      9
     15     11     10     10      9
      9      9     10     11     14
      8     11     11     12      9
      8     11     13     13     14

     15     11     17     11     11
     18     14     12     11     11
     10     10     11     14     18
      9     14     13     14     12
      9     14     17     14     16

     12     10     16     10     11
     15     13     11     10     11
     10     10     10     13     14
      8     12     10     14     11
      8     12     16     13     16

     14     10     17     11     10
     15     14     12     11     10
     10     10     11     13     17
      8     13     12     13     10
      8     13     16     14     17

     11      9     14      8     10
     14     13      9      8     10
      8      8      8     10     15
      7     12     10     12      8
      7     12     15     11     13

     13     10     16     11     10
     16     13     11     11     10
      9      9     11     13     17
      8     13     12     13     10
      8     13     16     12     14

     14     10     17     10     11
     16     14     11     10     11
     10     10     11     13     17
      9     13     12     13     10
      9     13     17     14     15

     15     11     18     10     12
     17     15     12     10     12
     12     12     12     14     17
      9     15     13     14     12
      9     15     17     14     17

     15     12     18     12     12
     19     13     12     12     12
     11     11     11     15     18
      9     15     12     13     11
      9     15     18     14     15

     14      9     17     10     11
     16     13     12     10     11
     11     11     11     13     15
      9     15     11     13     11
      9     15     17     13     16

     13      9     14     10     11
     15     13     10     10     11
      9      9     10     13     15
      8     12     10     11     10
      8     12     14     12     14

     14      9     18     10     11
     16     13     12     10     11
     10     10     10     13     15
      9     15     11     13     10
      9     15     17     13     16

      7     13     12     10     12
     15      7     10     10     12
      7      7     11      9      5
     17     10     15     10     12
     17     10     12     10     12

      9     12     12     13      7
     12      8     15     13      7
     11     11      9      6     10
     10      8     11      8     10
     10      8     13      6     15

      9     12     15     11     11
     12     11     16     11     11
      8      8     14      7     13
      9     11     12     14     11
      9     11     14     11     12

      7     10     12     12     10
     13      9     11     12     10
     12     12     12     12      6
      9     12     11     14     11
      9     12     12     10     11

      4      9      8      9      7
      7     11      9      9      7
      7      7      8      8     10
      9      9     10      8     11
      9      9     11      5     12

      7      8      7      6      7
      6      8      7      6      7
      7      7      6      6      6
      7      6      6      8      8
      7      6     10      7      9

    -10    -29    -28    -23     -3
    -25    -28    -28    -23     -3
     -3     -3    -24    -25     -6
    -23     -1      9      6     -1
    -23     -1     61     53     20

      3      1      3      5      4
      0      5      4      5      4
      2      2      4      3      5
      2      4      2      3      5
      2      4      5      3      4

      1      2      3      2      1
      3      2      3      2      1
      2      2      1      2      1
      2      2      3      3      3
      2      2      3      2      5

      0      2      0     -2     -1
      0      0      2     -2     -1
      0      0      0      0     -1
      0      1      0      0      0
      0      1      0     -2      1

      0     -1      0      0      0
     -1      0      1      0      0
     -1     -1      0      0     -1
     -1      0      2      3      0
     -1      0      0     -1      0

     -1     -1      1     -1     -1
      0      0      0     -1     -1
     -2     -2     -2      0      0
     -2      1      0      1      0
     -2      1      0     -3      1

      0      1      1      1      0
      0      0      1      1      0
      0      0      2      0      0
      0      0      0      1      0
      0      0      1      0      1

      4      5      1      1     -1
      1      2      2      1     -1
      1      1      1     -4      0
     -2      2     -1     -2      0
     -2      2      2     -3      2

      0      0      0      0      0
      0      0      4      0      0
      0      0      2      1      0
     -2      0      1      2     -2
     -2      0      2     -1      0

      0      4      1      1     -2
     -2      0      0      1     -2
      1      1      0     -2      0
      1      0      0      1      0
      1      0      0     -2     -1

      0      0      1      0      0
      0      1      5      0      0
      1      1      0      1      1
      0      0      0      0      1
      0      0      2      0      3

      0      1      3      0      1
      2      0      3      0      1
      0      0      0      0      1
      1      1      0      2      2
      1      1      2      0      2

      2      1      1      0      2
      3      0      4      0      2
      1      1      1      2      1
      2      2      0      1      1
      2      2      0      0      2

      2      3      1      3      3
      2      2      1      3      3
      1      1      0      0      4
      1      4      4      4      0
      1      4      4      0      3

      1      1      2      1      3
      1      3      4      1      3
      1      1      2      3      4
      1      2      3      2      3
      1      2      5      3      5

      2      2      2      1      3
      2      1      3      1      3
      2      2      2      1      3
      2      4      2      3      2
      2      4      3      0      3

      1      4      2      3      3
      4      3      3      3      3
      4      4      3      3      5
      4      2      6      4      3
      4      2      3      1      4

      5      4      4      4      4
      8      5      5      4      4
      6      6      6      2      3
      7      5      4      6      6
      7      5      7      4      6

      7      7      8      8      4
      8      9     10      8      4
      6      6      9      7     10
      7      9      6      9      7
      7      9     10      7      9

      8      7     11     10      8
      9      8      8     10      8
      6      6      9      9     10
     10      9      8     11     10
     10      9     10      8     10

      8      9      9     11     11
     10     10     11     11     11
      9      9     10      9     10
      9      9     10     10     10
      9      9     10      9     11

      7      9     11      7     10
     10      9     11      7     10
     10     10     11      9     10
      8     10     11      8      9
      8     10     12      9     11

      9     14     14     14     11
     11     13     12     14     11
     11     11     10      7      8
     11     12      9     12     12
     11     12     14      8     11

      9     11     11      9      9
     12     12     13      9      9
     11     11     12      9     10
     11     10     10     12     10
     11     10     11     10      9

     10     14      9     11      9
      8     10     11     11      9
      9      9     10     11      9
      9     10      9     11     11
      9     10     11     10     11

     10     10     10      9      9
      8     10     10      9      9
      7      7      7     11      9
      9     10      7      9     12
      9     10      9     10     10

      7     10      9      9      8
      9      9      8      9      8
      9      9     10     10      9
     11      9      7      8      9
     11      9     11      8     10

      9     10      8      7      8
      9     10     11      7      8
      9      9     10      9      8
      9      9      8      8     10
      9      9      9      8     11

      7      9      8      8      9
      7      8     10      8      9
     10     10      8      7      8
      9     10     10      9      9
      9     10      9      8      8

      7      7      7      8      7
      7      8      6      8      7
      5      5      7      5     10
      7      8      7      7      8
      7      8      8      8      8

      7      9     10      8      7
      9      7     10      8      7
      8      8      9      8      7
     11      7      9      8     10
     11      7     10      8      8

      6      8      7      8      6
      8     10      9      8      6
      6      6      6      7      7
      8      8      7      8      8
      8      8      9      6      9

      8      6      6      5      7
      5      7      8      5      7
      6      6      6      5      8
      9      7      6      6      9
      9      7     10      6      7

      6      7      9      5      7
      6      7      9      5      7
      8      8      8      6      8
      5      8      7      6      9
      5      8      7      6      7

      7      7      8      6      6
      7      7      8      6      6
      7      7      8      6      7
      7      6      7      7      7
      7      6      6      5      8

      6      6      9      6      6
      4      8      6      6      6
      6      6      7      5      6
      7      5      8      8      7
      7      5      8      6      8

      6      7      6      6      7
      4      6      8      6      7
      6      6      6      5      7
      3      6      6      7      7
      3      6      9      6      5

      6      7      5      6      6
      7      6      8      6      6
      6      6      7      6      5
      7      5      4      6      7
      7      5      7      6      6

      6      4      6      6      6
      5      5      6      6      6
      5      5      5      5      3
      7      7      7      5      6
      7      7      8      4      5

      4      6      6      4      6
      7      7      7      4      6
      5      5      5      4      4
      5      4      6      5      5
      5      4      7      4      7

      3      5      5      6      4
      4      5      7      6      4
      6      6      4      5      4
      2      5      4      4      6
      2      5      6      4      5

      4      5      6      5      7
      4      4      8      5      7
      4      4      5      4      4
      5      4      4      3      2
      5      4      6      4      6

      3      5      5      3      4
      5      6      3      3      4
      4      4      4      2      4
      4      4      5      4      5
      4      4      3      4      5

      4      4      5      3      3
      4      4      6      3      3
      4      4      3      3      3
      4      4      4      3      4
      4      4      6      4      5

      3      2      5      3      3
      2      2      5      3      3
      2      2      2      3      2
      3      3      4      4      3
      3      3      4      2      2

      1      2      3      2      2
      4      3      5      2      2
      2      2      2      2      2
      4      3      2      3      2
      4      3      6      2      2

      0      2      0      3      1
      1      2      4      3      1
      1      1      0      0      1
      3      2      2      1      4
      3      2      3      2      2

      1      2      3      1      0
      0      1      2      1      0
      0      0      1      1      0
      2      1      1      0      0
      2      1      2      0      1

      0      0      0      0      0
      1      0      0      0      0
      0      0      2      0      0
      0      1      1      0      0
      0      1      1      0      0

     -3      2      1      0      0
     -2      0      0      0      0
      0      0     -1      0      0
     -2      0     -1      0      0
     -2      0      0      0      0

      0      0     -1     -2      0
      0      1      1     -2      0
     -1     -1      0     -1      0
      2      1      0      0      0
      2      1      2      1      0

     -1      0      0      1      0
     -1      0      1      1      0
      0      0      1     -1      0
      0      0      1      1      1
      0      0      1     -1      0

     -1      0      0      0      2
      0      0      0      0      2
     -1     -1     -1      0      0
     -2      0      0     -1      0
     -2      0      1     -1      1

     -1      0      1     -1      0
     -2      2      0     -1      0
     -1     -1      0     -1      0
     -1     -1      1      0      0
     -1     -1      0      0      1

      0      3      0     -1      0
      0      1      2     -1      0
      0      0      0      0      0
      0     -1      0      0      1
      0     -1      0     -1      1

     -2      1     -1      1      0
     -1      1      3      1      0
      0      0     -1      1      1
      1      0      0      0      0
      1      0      2      0      0

      0      0      0      0      1
      0      2      0      0      1
      0      0     -1      0      1
      0     -1     -1     -1      0
      0     -1      2     -1      1

      0      0      0      0      0
      0      0      1      0      0
      0      0      0     -1      0
      1      0      0     -2      0
      1      0      1     -1     -1

      0      1      0      0      0
      0     -1      1      0      0
      0      0      0      0     -1
      2      0      0     -1      0
      2      0      0      0      0

      0      1      0      0      0
      1      0      0      0      0
     -1     -1     -1      0      0
      0     -1     -1      0      0
      0     -1      0      1      0

      0      0      0      0      0
      0      0      0      0      0
      0      0      0      0      0
      0     -1      0      0      0
      0     -1      1      2      0

      0      0      0      0      0
      1      0      1      0      0
      1      1      0      0      0
      1      0      0      0      1
      1      0      0      0     -1

      1      0      1      0      0
      0      0      1      0      0
      0      0      0      1      0
      0      0     -1      0      0
      0      0      0      1      0

      0      0      2      0     -1
      0      0      1      0     -1
      0      0      0      0      0
      0      0     -1      1      1
      0      0      0      0      0

      0      0      0      0      0
      1      0      1      0      0
      1      1      0      0      0
      1      0     -1      0      1
      1      0      0      0      0

      1      0      1      0      1
      0      0      0      0      1
     -1     -1      0      0      0
      0      0     -1      1      2
      0      0     -1      1      1

      0      0      2      1      1
      2      1      1      1      1
      1      1      0      0      1
      1      0     -1      1      1
      1      0      0     -1      0

      2      0      2      0      2
      1      2      1      0      2
      0      0      1      2      1
      2      0      0      1      2
      2      0      0      3      2

      0      2      2      1      2
      2      2      2      1      2
      1      1      2      2      2
      4      0      1      3      3
      4      0      0      3      1

      3      2      4      2      2
      3      2      3      2      2
      3      3      2      3      2
      3      3      2      1      3
      3      3      2      3      3

      2      3      2      3      1
      1      1      2      3      1
      2      2      2      1      0
      1      0      1      2      1
      1      0      1      2      1

      1      0      1      1      1
      0      1      0      1      1
      1      1      2      0      0
      0      0      0      1      2
      0      0      0      1      2

      1      1      1      0      1
      1      0      1      0      1
      1      1      0      2      0
      2      1      0      1      2
      2      1      0      1      0

      1      2      4      3      3
      2      3      2      3      3
      1      1      2      3      3
      3      2      2      3      2
      3      2      1      4      2

      4      3      4      3      3
      4      3      4      3      3
      2      2      4      4      3
      4      3      2      4      3
      4      3      3      4      2

      3      4      3      2      2
      2      1      2      2      2
      3      3      4      4      4
      3      2      1      2      4
      3      2      2      2      4

      3      2      3      2      2
      1      1      3      2      2
      2      2      1      1      3
      2      1      0      3      4
      2      1      0      2      1

      2      2      2      2      3
      2      1      3      2      3
      1      1      1      2      3
      3      3      2      2      2
      3      3      1      2      2

      3      3      2      3      3
      3      4      4      3      3
      2      2      3      3      3
      3      2      2      3      3
      3      2      3      4      2

      3      2      5      3      3
      3      2      3      3      3
      3      3      3      3      4
      3      3      3      3      3
      3      3      2      3      2

      3      3      4      3      3
      4      2      4      3      3
      5      5      3      3      2
      4      5      3      2      4
      4      5      2      4      3

      3      3      4      3      3
      2      4      4      3      3
      3      3      4      2      3
      5      3      3      5      6
      5      3      2      4      3

      4      3      4      3      3
      4      3      4      3      3
      4      4      3      3      4
      3      4      1      3      3
      3      4      3      3      2

      4      3      4      1      4
      3      3      3      1      4
      3      3      2      3      3
      3      4      3      3      4
      3      4      3      3      3

      4      3      4      3      3
      4      3      5      3      3
      5      5      2      2      4
      4      4      2      4      5
      4      4      4      4      1

      5      3      4      2      2
      3      3      3      2      2
      2      2      3      4      5
      5      2      2      3      3
      5      2      2      3      2

      2      2      2      3      3
      3      2      3      3      3
      2      2      2      4      2
      4      2      2      4      4
      4      2      3      3      2

      3      2      4      3      4
      2      2      2      3      4
      1      1      3      4      3
      3      3      1      3      3
      3      3      3      6      3

      2      2      3      3      1
      2      1      2      3      1
      3      3      1      2      2
      4      3      1      3      3
      4      3      2      2      2

      2      3      3      2      2
      3      2      3      2      2
      2      2      3      2      2
      2      2      1      3      3
      2      2      3      4      2

      3      4      3      2      1
      2      2      1      2      1
      2      2      1      3      3
      3      1      2      3      2
      3      1      2      3      2

      3      3      3      3      1
      3      0      3      3      1
      2      2      1      3      2
      2      3      1      2      3
      2      3      2      2      2

      3      2      1      2      3
      3      3      3      2      3
      3      3      3      2      3
      3      2      0      2      4
      3      2      2      1      1

      2      2      3      1      3
      2      2      3      1      3
      3      3      2      3      3
      3      2      3      3      2
      3      2      1      4      3

      3      2      1      3      3
      2      2      2      3      3
      2      2      2      3      3
      3      2      2      3      4
      3      2      2      2      2

      2      1      3      2      3
      2      1      3      2      3
      3      3      3      2      2
      2      1      1      2      3
      2      1      0      3      2

      3      2      3      3      4
      2      1      2      3      4
      1      1      0      1      3
      4      2      2      3      2
      4      2      0      1      2

      1      2      1      1      2
      3      3      2      1      2
      0      0      0      3      1
      3      1      1      1      2
      3      1      0      2      2

      3      1      3      2      2
      1      2      1      2      2
      2      2      3      2      0
      1      1      1      3      1
      1      1      2      3      2

      2      0      2      3      2
      3      2      3      3      2
      4      4      1      0      3
      2      2      1      3      2
      2      2      2      2      2

      3      1      2      1      2
      0      3      0      1      2
      1      1      1      0      3
      1      2      0      1      2
      1      2      2      1      0

      1      0      1      3      3
      1      2      3      3      3
      1      1      3      2      2
      2      2      1      3      1
      2      2      0      2      2

      2      0      1      0      1
      0      1      0      0      1
      2      2      1      1      1
      2      1      0      0      1
      2      1      0      2      1

      0      1      2      0      3
      0      0      0      0      3
      2      2      2      0      0
      2      0      0      1      1
      2      0      1      2      0

      1      2      1      0      1
      2      2      2      0      1
      0      0      2      2      1
      3      2      1      1      2
      3      2      0      3      0

      1      3      2      0      0
      1      0      2      0      0
      0      0      2      1      2
      2      0      3      1      3
      2      0      1      2      1

      3      1      1      1      0
      0      1      1      1      0
      2      2      3     -1      0
      0      0      0      1      1
      0      0      1      0      2

      0      1      1      3      2
     -2      3      0      3      2
      0      0      0      1      2
      2      0      0      2      1
      2      0      1      2      0

      1     -1      0      0      3
      2      0      1      0      3
      1      1      0      1      0
      2      0     -1      1      0
      2      0     -1      2      0

      2     -1      1      0      0
      0      0      0      0      0
      0      0      0      1      1
      0      0      1      1      2
      0      0     -1      1      0

      2      1      1      1      2
      1      1      1      1      2
      0      0      1      0      1
      4      3      0      2      0
      4      3     -1      1     -1

      1      0      2     -1      2
      1      0      0     -1      2
     -1     -1      0      0      0
      1      0      0      1      2
      1      0      0      1      1

      2      0      2      0      0
      0      0      2      0      0
      0      0      2      2      0
      0      1      0      0      2
      0      1      0      1      1

      1      0      0      0      1
      0      1      2      0      1
      0      0      0      2      0
     -1      0      0      0      3
     -1      0     -3      0     -4

      3      1      3      3      2
      0      0      2      3      2
      2      2      1     -2      0
      0      0     -1      1      2
      0      0      1      0     -2

      3      0      0      1      0
      3     -1      0      1      0
      2      2     -1      0      0
      0      0      0      0      2
      0      0      0      0     -4

      0     -3     -1      0      1
      0     -2      0      0      1
      0      0      0     -1      1
      0     -2      0      1      1
      0     -2     -2     -1      0

     -2     -1      1     -1      0
     -2      0      5     -1      0
      0      0      0      0      0
      2     -1      0      0      2
      2     -1     -1      2      0

      1     -2      2      0      0
      0      2     -2      0      0
     -1     -1      0     -2      2
      0      1     -1      2      2
      0      1      0      1     -1

     -2     -1      0     -1     -1
      0      0      0     -1     -1
      0      0      0      0      0
      0      1     -1      0      1
      0      1      0      3     -3

      2     -1     -2      2     -2
      0      0     -2      2     -2
     -1     -1      1      0     -1
     -1      0     -4     -2      2
     -1      0      0      0     -3

