;
; ENVI ASCII Output of file: E:\Imaging\ROI_AVIRIS\5_0_1.img [Fri Nov 17 11:51:15 2017]
; File Dimensions: 5 samples x 5 lines x 224 bands
; Line Format    : (5i7)
;
    517    510    533    518    505
    522    517    512    517    526
    534    533    512    525    526
    534    539    533    519    510
    527    539    534    509    523

    621    618    620    618    602
    611    621    624    620    598
    630    631    626    620    615
    630    604    640    624    596
    619    604    641    598    615

    663    664    660    656    667
    666    670    663    681    672
    658    661    667    661    656
    658    665    663    658    677
    647    665    686    665    665

    841    836    833    828    821
    829    837    834    843    833
    848    831    839    844    831
    848    846    824    834    830
    828    846    833    832    850

   1230   1220   1212   1208   1224
   1229   1222   1219   1209   1221
   1230   1229   1206   1235   1232
   1230   1233   1227   1220   1223
   1235   1233   1240   1216   1225

   1275   1267   1271   1261   1278
   1275   1278   1284   1273   1273
   1282   1275   1282   1280   1275
   1282   1283   1288   1286   1269
   1272   1283   1285   1268   1269

   1202   1196   1192   1196   1196
   1205   1195   1203   1196   1185
   1198   1207   1194   1205   1193
   1198   1211   1202   1208   1194
   1200   1211   1195   1200   1192

   1103   1091   1089   1089   1086
   1101   1099   1099   1095   1101
   1105   1096   1100   1103   1101
   1105   1106   1098   1095   1100
   1097   1106   1099   1097   1093

   1173   1168   1175   1177   1173
   1184   1185   1180   1169   1177
   1187   1189   1188   1184   1179
   1187   1188   1190   1181   1176
   1174   1188   1176   1180   1176

   1193   1184   1174   1173   1168
   1188   1179   1182   1186   1183
   1193   1196   1191   1185   1186
   1193   1195   1203   1195   1188
   1187   1195   1192   1178   1188

   1148   1138   1139   1140   1136
   1140   1140   1147   1149   1135
   1156   1152   1155   1150   1146
   1156   1154   1152   1155   1155
   1149   1154   1154   1145   1148

   1069   1063   1062   1063   1063
   1074   1074   1073   1071   1060
   1076   1085   1079   1072   1075
   1076   1084   1075   1084   1072
   1075   1084   1075   1076   1071

   1002   1002    997    988    995
   1011   1001   1007   1000    991
   1004   1014   1007   1009   1001
   1004   1015   1008   1012   1005
   1006   1015   1009   1002   1000

    899    891    892    891    892
    906    899    899    895    887
    906    907    901    904    902
    906    910    906    900    894
    900    910    901    897    889

    807    802    801    798    796
    804    802    803    803    792
    813    810    807    802    795
    813    813    808    808    804
    808    813    806    798    801

    697    697    693    702    695
    698    695    697    694    692
    703    707    704    698    697
    703    704    703    706    697
    692    704    699    697    692

    611    604    603    600    602
    608    607    604    607    600
    611    611    612    613    605
    611    609    610    611    617
    610    609    614    610    608

    575    570    571    568    570
    575    574    574    573    566
    579    580    579    580    573
    579    577    581    577    579
    577    577    577    575    573

    538    536    538    534    536
    542    540    543    538    532
    546    549    546    547    539
    546    545    550    542    539
    543    545    540    540    536

    500    496    497    497    497
    503    499    504    501    499
    504    504    502    505    502
    504    500    507    507    500
    494    500    502    497    498

    458    454    447    449    453
    460    455    456    457    450
    456    461    460    461    454
    456    456    460    463    460
    452    456    455    458    457

    413    412    413    415    410
    413    414    418    411    411
    420    423    417    418    414
    420    421    419    420    416
    411    421    416    412    413

    386    380    381    381    380
    384    382    386    384    383
    389    390    385    389    385
    389    386    388    384    382
    382    386    382    384    384

    343    333    336    333    338
    343    336    335    338    340
    337    345    341    342    338
    337    340    339    340    341
    337    340    338    336    338

    309    312    312    307    312
    311    313    313    314    313
    312    316    313    316    315
    312    316    313    313    313
    312    316    311    311    312

    302    297    295    297    297
    298    300    301    298    297
    299    301    302    301    304
    299    304    305    301    300
    293    304    298    297    298

    280    276    275    279    275
    281    278    279    279    273
    279    281    280    281    279
    279    284    283    286    278
    279    284    277    280    281

    255    256    251    257    256
    258    256    260    255    254
    258    261    262    257    259
    258    265    259    261    260
    258    265    254    258    261

    247    242    241    245    240
    246    246    246    245    245
    249    253    249    246    247
    249    250    247    253    246
    246    250    244    247    247

    229    227    227    229    228
    222    225    228    227    225
    230    232    226    225    229
    230    230    229    229    228
    225    230    227    228    232

    217    211    214    213    213
    214    214    218    219    214
    215    219    219    215    214
    215    218    220    219    216
    217    218    213    213    215

    211    209    208    207    210
    211    209    206    209    205
    208    214    211    213    211
    208    211    210    213    212
    209    211    208    206    209

    215    207    209    206    210
    210    203    202    212    201
    206    214    207    212    212
    206    207    210    213    211
    205    207    207    209    210

    210    209    208    206    208
    211    209    206    210    205
    208    214    212    212    211
    208    211    210    213    211
    209    211    207    205    209

    200    191    194    194    190
    196    189    190    199    189
    191    200    191    196    199
    191    195    198    198    190
    185    195    190    192    195

    174    171    175    170    170
    176    166    170    176    167
    170    178    171    171    174
    170    173    173    175    170
    170    173    171    169    173

    153    149    155    148    150
    156    146    151    156    148
    151    155    153    153    155
    151    154    154    155    150
    148    154    150    147    155

    147    144    147    143    139
    149    139    146    150    143
    144    151    146    145    148
    144    147    146    148    147
    141    147    143    141    147

    135    132    135    131    128
    135    129    133    137    129
    131    138    133    132    136
    131    134    134    133    132
    127    134    130    128    133

    105    103    102    103     98
    109    101    106    107     99
    102    108    106    104    107
    102    105    107    106    103
    100    105    104    103    105

    110    109    110    108    104
    112    106    111    115    106
    108    115    112    108    114
    108    110    110    110    109
    107    110    111    106    111

    119    116    121    118    113
    120    116    122    125    116
    118    122    122    116    125
    118    119    120    122    121
    116    119    116    117    122

    119    117    122    118    111
    121    116    122    127    120
    118    125    123    116    126
    118    120    121    123    116
    116    120    118    115    119

     72     73     72     71     67
     75     70     73     75     70
     71     76     76     70     75
     71     73     75     74     71
     70     73     71     68     74

     93     93     97     93     86
     96     92     96     97     93
     92     96     99     89     97
     92     96     96     94     93
     90     96     92     89     93

     97     97     99     97     88
    101     94     99    103     96
     95    100    102     95    101
     95    101    101     99     96
     94    101     96     93     97

     91     88     90     91     81
     90     88     97     97     89
     88     91     95     86     96
     88     93     92     92     87
     87     93     90     87     91

     84     83     85     82     76
     85     79     87     91     84
     83     87     89     78     89
     83     87     85     84     81
     80     87     81     81     85

     76     75     80     78     69
     79     75     80     80     77
     75     78     81     73     82
     75     80     80     79     75
     75     80     77     73     78

     62     63     64     63     56
     62     61     64     68     62
     61     63     67     58     65
     61     65     62     62     61
     62     65     61     59     65

     62     61     66     63     54
     65     60     65     67     63
     63     67     68     58     67
     63     65     64     63     61
     62     65     63     60     65

     65     65     65     66     57
     67     64     67     72     63
     64     68     70     60     70
     64     67     66     68     63
     63     67     65     62     67

     68     68     70     70     59
     73     67     73     76     71
     69     72     75     64     76
     69     71     71     70     68
     67     71     67     67     71

     65     63     66     65     56
     68     63     69     72     66
     64     69     71     59     69
     64     68     66     64     62
     63     68     63     60     66

     63     62     63     64     52
     66     62     67     71     66
     61     65     70     58     67
     61     66     66     64     60
     61     66     61     60     65

     59     57     63     60     50
     62     58     64     66     62
     58     64     65     54     65
     58     61     61     60     56
     59     61     58     57     61

     58     56     59     58     46
     59     55     61     63     59
     57     60     62     52     63
     57     61     60     57     53
     55     61     55     53     60

     45     43     45     46     36
     47     44     48     52     46
     44     48     51     39     51
     44     48     45     45     41
     45     48     45     43     49

     38     38     39     38     30
     40     36     43     45     39
     38     43     46     34     41
     38     40     41     40     35
     39     40     37     36     38

     37     36     36     35     28
     37     32     40     43     35
     35     38     40     32     37
     35     37     38     36     33
     36     37     34     31     36

     31     34     33     32     26
     34     31     34     37     33
     31     35     36     27     33
     31     35     34     32     29
     31     35     29     30     35

     21     19     23     23     18
     21     21     24     27     22
     21     24     26     18     23
     21     23     20     23     19
     23     23     23     21     24

     16     14     15     15     12
     15     14     15     18     16
     15     17     17     13     18
     15     17     15     14     13
     16     17     15     14     16

     16     18     16     16     12
     17     14     16     20     16
     15     17     18     14     16
     15     17     17     16     15
     18     17     17     15     15

     27     26     27     28     20
     27     26     29     30     27
     27     29     29     23     29
     27     29     27     24     24
     26     29     26     23     28

     29     28     30     29     23
     32     28     31     34     31
     28     33     34     26     32
     28     33     30     30     26
     31     33     29     27     32

     34     33     35     35     26
     37     33     37     41     37
     34     37     41     28     37
     34     38     36     32     32
     33     38     34     30     36

     34     36     37     38     26
     37     35     38     43     39
     35     38     43     31     41
     35     40     39     36     33
     36     40     36     33     38

     33     35     36     37     25
     39     33     38     42     36
     34     39     41     30     38
     34     38     37     34     32
     35     38     34     32     37

     33     33     37     36     25
     37     33     39     41     36
     34     36     41     30     39
     34     38     36     34     32
     35     38     34     32     36

     33     34     35     35     23
     36     31     37     41     37
     33     37     41     28     39
     33     37     37     34     30
     34     37     33     30     36

     30     30     32     31     22
     35     29     36     36     34
     31     34     39     26     36
     31     34     32     31     28
     30     34     31     28     33

     30     29     32     32     22
     34     30     35     38     33
     31     33     37     25     34
     31     35     33     30     28
     30     35     30     28     32

     28     29     31     30     20
     31     28     32     34     31
     30     32     35     23     33
     30     32     31     29     26
     28     32     29     26     30

     28     28     29     30     20
     31     28     32     34     29
     28     32     34     24     32
     28     32     30     29     26
     27     32     27     25     29

     25     25     26     27     16
     28     24     29     31     28
     24     28     30     21     28
     24     28     28     26     23
     26     28     25     23     27

     23     23     24     25     15
     26     22     27     29     26
     22     26     29     19     26
     22     26     26     24     21
     23     26     23     22     25

     21     20     21     22     14
     24     21     24     27     24
     20     24     27     18     25
     20     24     23     22     19
     21     24     21     20     23

     17     16     18     18     11
     19     17     19     22     18
     18     19     21     14     19
     18     21     17     17     15
     16     21     17     15     18

     11     10     11     11      7
     11     11     11     13     11
     11     12     14      8     13
     11     12     11      9      9
     10     12     11      9     10

      4      5      5      5      2
      4      4      4      6      5
      5      5      5      3      5
      5      5      5      4      4
      4      5      4      4      4

      4      4      3      4      2
      3      3      3      5      4
      3      4      3      3      4
      3      5      4      3      3
      5      5      2      3      4

      5      4      3      5      3
      5      5      6      5      4
      4      6      5      4      6
      4      6      5      4      4
      5      6      5      5      6

      5      5      5      5      2
      4      4      4      5      5
      5      6      6      3      6
      5      6      5      5      4
      5      6      4      4      6

      6      6      8      7      4
      7      7      7      8      6
      7      8      8      5      8
      7      8      8      6      6
      7      8      7      6      7

     10     11     11     13      7
     11     11     13     14     12
     11     11     14      7     13
     11     12     12     11      9
     12     12     10     10     12

     13     13     13     13      8
     14     12     15     16     14
     13     14     17     10     15
     13     14     13     13     11
     13     14     13     11     14

     12     12     11     11      6
     12     11     13     16     14
     12     13     14      8     14
     12     14     13     12     10
     13     14     12     10     14

     12     12     13     12      7
     14     12     14     18     14
     11     14     17      9     16
     11     14     13     12     11
     13     14     12     11     12

     10     11     12     11      6
     11     10     13     13     12
     11     12     15      8     13
     11     13     11     11     10
     11     13     10     10     11

     11     11     13     12      7
     14     11     14     16     13
     12     13     16      9     14
     12     14     13     13     11
     13     14     12     10     13

     12     11     13     13      7
     14     11     14     19     13
     12     13     17      9     15
     12     15     14     12     10
     12     15     13     10     14

     13     13     14     14      7
     15     12     17     18     15
     14     15     19     10     16
     14     16     14     13     11
     14     16     13     12     14

     13     13     14     13      8
     14     12     16     17     14
     13     16     17     10     17
     13     16     15     13     11
     14     16     12     11     14

     12     12     14     14      7
     14     12     14     17     12
     12     13     17      8     16
     12     14     13     12     10
     13     14     13     11     14

     12     10     12     12      6
     13     11     14     16     12
     11     13     15      8     13
     11     13     13     11     10
     10     13     11     10     13

     12     12     14     14      7
     14     12     14     17     12
     12     13     17      8     16
     12     14     13     12     10
     13     14     13     11     14

     13     11     13     12     10
     12     12     12     18     14
     15     13     12     14     12
     15     14     11     11     10
     14     14     14     13     13

     18     10     10     11     14
     13     12     13     17     15
     13     12     11     11     11
     13     11     14     11     12
     19     11      9     14     14

     13     10     12     10     10
     11     13     10     15     10
     11     16     13     10     10
     11     11     15     11     12
     12     11     14     13     10

     13     12     13     12     13
     13     14     15     14     11
     12     10     15     12     15
     12     10     12     12     10
     13     10     10     12     14

      9      9     11     11      7
     11     12     12     11     11
     10      9     10     12     10
     10     13     11     11     10
     12     13     12     13     11

      7      6      8      8      8
      9      6      9     10      9
      7      8     11      9      7
      7      6      8      8     10
      7      6      7      7      9

    -14    -14    -12     -6     -2
    -27    -22     -7     -3      0
     -2     -4     -2      0     -7
     -2     -6      1     -4     -6
    -14     -6     13     34     20

      5      3      7      4      4
      4      2      5      5      6
      3      4      4      1      4
      3      3      3      1      3
      3      3      3      5      5

      2      4      4      3      6
      1      4      3      3      6
      4      4      4      2      3
      4      1      2      2      1
      4      1      6      3      2

      1      1      2      2      1
      0      1      1      1      0
      0      0      0      1      0
      0      0      0      0      0
      1      0      0      0      1

      0      0     -1     -1      0
     -1      2      0      1      0
     -1     -2      2     -2      0
     -1     -2     -1      0      0
      0     -2     -1      1     -1

      0      2     -1     -3      0
     -2      2     -1      1      1
      0     -1      2     -1     -1
      0     -1      1     -2      0
      0     -1     -1     -1      1

      1      0      2      0      2
      0     -1     -1      0      0
      0      0      2      0      0
      0      0      0      0      0
      1      0      0      0      0

      5     -1      0      0      2
      3      0     -1      1      6
      1      4     -1      0      3
      1      0      3      3      0
      0      0      2      6     -3

      0      0      0      0      0
     -1      0      0      0      0
      0     -1      0     -1      0
      0     -2      0      0     -2
      0     -2     -1     -1      0

      0     -1      4      0     -1
      0     -1     -1      2      0
     -2     -1      0     -1      1
     -2     -4      0      0      0
      2     -4      0     -3      1

      0     -1      2     -1      4
      0     -1      0      2      2
      2      1      0      0      0
      2     -1      1      0     -1
      4     -1      0     -1      0

      0      0      0     -2      0
      1      1      0      0      1
     -1      0      1      0      0
     -1      0      1      1      1
      2      0      0      0      1

      0      0      1      1     -1
      1      0      1      3      0
      0      0     -1      0     -1
      0      1      1      1      1
      0      1      0      1      1

      1      2      3      0      2
      3      2      3      2      2
      1      3      1      0      3
      1      0      1      3      0
      2      0      1      4      1

      4      1      3      1      2
      3      4      2      3      6
      4      4      3      3      4
      4      0      3      3      1
      3      0      0      3      3

      1      2      2      2      2
      3      2      4      2      5
      0      2      4      2      0
      0      0      2      2      4
      2      0      2      3      2

      3      1      4      4      2
      2      2      3      3      4
      3      2      5      1      5
      3      2      3      3      3
      3      2      2      4      1

      8      7      5      8      6
      6      6      6      6      8
      6      6      6      7      7
      6      7      9      5      7
      9      7      6      4      6

      8      6      9      9      7
     10      7      9      9     10
      8      8     10     10      9
      8      8     10      8      7
      9      8      9     11     11

     11      9     12      8      9
     11     11     10     11     11
     11     11     11     11     11
     11      8     13     10      8
     11      8     13     11     13

     11     11     12     13     11
      9     12     11     13     12
     14     14     12     12     12
     14      9     12     12     12
     12      9     11     12     11

     11     11     12     10     11
     11     11     10     13     11
     12     13     13     11     12
     12      9     10     12     10
     12      9     12     11     12

      9     15     13     12     17
     10     11     12     13     12
     12     10     13     12     13
     12     14     13     13     11
      9     14     11     11      9

     13     13     14     13     14
     15     13     13     15     11
     13     12     14     13     11
     13     10     11     12     10
     13     10     14     11     13

     14     13     13     11     11
     11     12     13     12     12
     12     12     12     11     11
     12      9      9     12     12
     12      9     12     11     10

     11     11     12      9     11
     11     11     10     10     10
     11     11     10     11      9
     11      9     12      9     10
     11      9     10     10     10

      9      9     12      8     10
     10     11     10     12     10
     10      8     10     10      9
     10      9     10     10     11
     10      9     12      8     10

     10     10     12     10     10
     15     12     11     11     10
     10     10     11      9     10
     10     11     11     10     11
     11     11     11     12     11

     11      9      9     11     10
      9     10     12      9      9
     11      8     11      8     10
     11     10     10      9      8
      8     10      8      9      9

     10     10     10      8     10
     10     10      9     10     11
      8      9     10      7     10
      8      6     11     11      9
     10      6     10      9     11

     11     11     11     11     10
     11     10     11     10      9
      9     11     10     11     11
      9      9     10     11     11
     11      9     10     12     11

     11     11     10      9     10
     12     10     12     10     11
     10     11     13      9     10
     10      8      8     10      9
      9      8      9     10      8

      9      8      8      8      9
      9     10      8      9      9
      9      9     10      9     10
      9      8     10     10      9
     10      8      9     10      9

     10      8      8      7      9
     11      9      9      8      7
      9      7      9      7      8
      9      7     10      9      8
      9      7     10      9     10

      9      7      8      7      8
      9      7      8     10      9
     10      9      8      7      9
     10      7      9      9      8
      9      7     10      8      7

      8      8      9      7      7
      8      8      6      8      9
     10      8      6      9      8
     10      7     10     11      8
      8      7      8      8      8

     10      8      8      8      9
      9      8      8      9      8
     10      9     10      9      7
     10      8      9     10      8
     10      8      5      9      9

      8      5      8      8      9
      8      8      8      7      6
      9      8      9      7      5
      9      6      7      9      6
      7      6      6      8      6

      7      7      9      7      6
      9      7      9      6      7
      8      8     10      4      9
      8      7      5      9      9
      8      7      8      6      8

      5      7      7      6      6
      8      7      8      8      6
      8      6      6      9      6
      8      7      6      6      5
      9      7      7      6      8

      7      6      6      6      5
      7      5      5      6      6
      6      3      9      6      6
      6      6      6      7      6
      8      6      5      6      4

      6      5      8      4      4
      7      6      6      4      5
      6      7      7      5      7
      6      4      5      7      6
      6      4      7      4      5

      3      4      5      5      4
      7      5      6      6      8
      2      3      5      6      5
      2      5      7      5      5
      4      5      7      5      3

      6      5      4      5      5
      5      4      5      7      5
      7      6      7      6      5
      7      2      5      5      2
      8      2      4      6      5

      4      5      5      2      6
      6      4      5      6      7
      4      7      4      4      2
      4      3      5      4      4
      6      3      3      4      5

      3      2      4      3      2
      5      4      2      4      5
      3      4      4      3      3
      3      2      4      3      3
      3      2      3      2      2

      3      2      2      2      3
      3      1      2      2      3
      1      1      4      3      4
      1      3      2      2      1
      3      3      2      0      2

      1      2      1      1      1
      2      1      2      2      2
      1      1      1      0      1
      1      1      1      2      0
      2      1      1      2      1

      1      0      2      0      1
      1      1      0      1      1
      0      2      0     -2     -1
      0      1      0      0      0
      0      1      0      1      1

      0      0      2      0      0
      0      1      0      0      1
      0     -1      0      0     -2
      0     -1      0      1     -2
      0     -1      0      0      0

      0      0      0      0      0
      0      0      0      0     -2
      0     -2      1      0      0
      0     -1      0      0      0
      2     -1      0      0      0

      0      0      1      0     -1
      2     -2      0     -1      1
      0      0      1      0      0
      0      0      0      1      0
      0      0      0     -1      1

      0      0     -1      0     -1
      2      0     -1      0      0
     -1     -1      0      0      0
     -1     -2     -2      0     -1
      1     -2      0      0     -2

      0      0      0     -2      1
      0      0      0      0      0
      0      1      0      0      0
      0      0      0      1      0
      0      0      1      0      0

      1      0      0      0      1
      0      0      0      0      1
      0      0      3     -1     -1
      0     -2      0     -1     -1
      0     -2      0      1      1

      0      0      0      0      1
      1      0      1      0      0
      0     -1     -1      0      0
      0     -1      0      0      0
      3     -1      1      0      0

      0      0      0      0     -2
      0      0      0      0      0
      0      0      0     -1      0
      0      0      0      1      0
      1      0     -1      0      0

      0      0      0      0      0
      0      0      1     -1      1
      0     -1      0      0      0
      0      0      0      0      0
      0      0      0      0      0

      0      0      2      1      0
      0     -1      1      0      1
     -1      0      0     -1      1
     -1     -1      0      1      1
      0     -1      0      0      0

     -1      1      0      0     -1
      0     -2      0      0      1
     -1      0      0      0     -1
     -1      0      1      0      1
      2      0      0      0      0

      0      0      0      1      1
      0      1      0      1      1
      0      0      0      0      0
      0      0      2      0      1
      0      0      0      0      0

     -1      1      0      1      0
      0     -1      0      0      1
      0     -1      0      0      0
      0      0      0      1      0
     -1      0      0      0      0

      0      2      0      1      0
      0      0     -1      1      0
      0      0     -1      2      0
      0      0      0      0      0
      1      0      0      0      0

      1      0      0      0      0
      0      0      0      0      1
     -1      1      1      0      0
     -1     -1      0      0      0
      0     -1      0      0      1

     -1      0      1      0      0
      0      1      1      3      2
      0      0      0      0      1
      0      1      1      1      0
      0      1      0      1      2

      0      0      0      0      0
      0      0      0      0      2
     -1      0      0      1      0
     -1      0      2      0      0
      0      0      0      0      0

      2      0      1      1      0
      0      0      0      1      2
      0      0      1      0      0
      0      0      1      1      0
      0      0      1      0      0

      1      1      0      1      2
      1      1      2      1      1
      0      1      1      1      2
      0      0      0      1      2
      3      0      1      1      1

      4      2      2      3      1
      1      3      1      2      2
      0      2      2      2      2
      0      3      4      4      3
      1      3      4      2      3

      2      2      3      3      2
      4      2      3      3      3
      3      2      3      2      3
      3      3      4      4      2
      4      3      2      1      2

      1      3      4      3      2
      1      2      2      2      3
      2      3      0      0      1
      2      2      3      4      2
      3      2      2      2      1

      0      0      1      0      2
      0      0      1      1      2
      0      1      1      0      0
      0      0      1      0      0
      0      0      0      1      1

      2      1      1      3      0
      0      0      1      1      3
      0      1      0      0      0
      0      3      3      2      0
      1      3      0      0      2

      3      3      4      4      2
      3      2      4      3      5
      2      2      3      1      2
      2      3      3      2      3
      2      3      2      3      4

      4      5      3      5      5
      5      3      5      4      6
      5      4      4      4      2
      5      4      5      5      3
      6      4      4      4      4

      3      6      4      6      4
      4      4      3      3      5
      4      3      4      2      3
      4      3      4      4      3
      3      3      2      3      5

      3      3      3      4      2
      1      3      3      2      4
      2      1      2      2      1
      2      3      3      5      3
      3      3      3      2      4

      3      4      2      3      3
      3      2      3      3      2
      4      1      2      3      1
      4      3      4      4      4
      4      3      2      1      3

      5      4      4      4      4
      4      3      4      3      3
      3      4      2      4      2
      3      4      5      5      4
      5      4      2      3      4

      4      3      4      4      5
      3      4      4      5      5
      5      5      5      4      3
      5      5      5      4      3
      4      5      5      5      4

      4      4      3      5      4
      3      4      5      5      4
      4      4      4      5      4
      4      4      6      4      5
      4      4      6      5      5

      3      4      5      4      4
      4      5      5      3      5
      4      5      5      4      4
      4      5      5      5      3
      4      5      4      5      5

      5      5      4      4      4
      2      3      4      4      3
      5      4      3      4      4
      5      3      5      3      5
      5      3      4      4      5

      3      3      3      3      3
      4      4      3      4      5
      4      5      4      5      2
      4      4      6      5      4
      5      4      3      4      3

      4      3      5      5      4
      3      4      3      4      6
      4      4      3      4      3
      4      4      6      5      4
      4      4      5      4      3

      5      3      2      4      3
      4      4      4      4      4
      3      4      4      3      4
      3      4      6      3      3
      4      4      4      5      4

      1      4      3      2      5
      2      5      3      3      4
      5      4      4      4      4
      5      4      5      4      3
      2      4      4      4      3

      3      5      3      4      4
      4      3      4      3      3
      4      4      5      2      3
      4      3      4      3      4
      4      3      2      3      5

      4      4      3      4      4
      3      3      3      3      3
      3      3      4      2      3
      3      3      6      3      3
      4      3      4      3      4

      4      4      3      3      3
      4      3      3      2      5
      4      4      5      2      4
      4      5      5      4      4
      3      5      4      2      5

      4      5      2      3      6
      4      3      3      4      4
      2      3      4      2      4
      2      4      5      5      3
      4      4      1      4      2

      2      5      3      2      6
      5      3      3      2      4
      5      4      2      3      2
      5      3      4      4      4
      4      3      3      2      3

      2      2      2      5      3
      4      2      3      3      5
      3      4      3      1      4
      3      4      5      4      5
      4      4      3      3      4

      1      5      5      5      2
      4      4      5      5      3
      4      3      4      2      3
      4      5      4      3      2
      3      5      6      4      3

      4      5      2      3      2
      3      3      6      1      5
      3      3      5      3      3
      3      3      3      5      3
      2      3      3      4      4

      2      5      4      5      6
      3      4      3      3      4
      4      2      4      3      3
      4      3      5      2      2
      4      3      4      4      4

      3      2      3      3      3
      4      3      1      2      4
      2      2      3      2      1
      2      2      5      3      4
      2      2      2      3      3

      0      3      2      3      2
      3      4      2      3      3
      2      4      3      3      1
      2      3      4      4      1
      2      3      4      2      2

      1      1      1      3      1
      3      0      3      2      2
      1      2      3      4      3
      1      3      2      2      2
      2      3      3      3      2

      0      2      4      2      2
      3      3      3      2      4
      3      4      3      1      1
      3      2      4      4      3
      2      2      4      2      2

      3      2      3      3      1
      2      2      3      2      3
      2      3      3      3      3
      2      3      3      6      2
      0      3      2      3      2

      1      3      1      3      4
      2      4      3      1      4
      2      4      4      2      1
      2      3      2      3      4
      2      3      1      4      3

      2      2      3      2      1
      1      3      2      4      3
      2      2      1      3      0
      2      0      4      2      3
      2      0      2      3      2

      4      2      0      3      2
      1      2      3      3      4
      3      1      4      1      2
      3      2      4      3      3
      2      2      1      0      2

      1      3      2      4      1
      1      1      0      1      3
      2      3      2      2      0
      2      2      3      2      0
      2      2      2      2      3

      0      3      2      3      1
      1      4      0      0      2
      1      1      4      1      1
      1      1      3      0      1
      1      1      0      3      2

      1      1      2      3      0
      0      0      2      1      2
      1      1      2      1      0
      1      2      1      0      2
      2      2      1      1      2

      1      0      0      3      1
      1      2      2      0      4
      3      3     -1      1      1
      3      3      3      1      3
      1      3      2      1      3

      0      1      3      0      1
      0      0      2      2      1
      1      1      1      1      0
      1      3      3      0      1
      0      3     -1     -1      0

      0      2      1      0      1
     -1      0      1      0      1
      2      1      0      0      1
      2      1      2      0      2
      1      1      0      2      2

      1      1      0      0      0
      0      0      1      0      1
      0      0      2      0      1
      0      1      1      1      1
      0      1      0      1      2

     -3      0      0      0      0
     -1      0      0      0      3
      3      1     -1      0      0
      3     -1      2      0      2
      0     -1      0      0      2

      0      1      1      0      0
      0     -2      1      0      0
      0      1     -1      4      2
      0      1      1     -1      0
     -1      1      2      0      2

      0      0      1      1      2
     -1      0      3      2      0
      2     -1     -1      1      2
      2      0      1      1      2
      1      0      2      1      1

      0      4     -3     -1      1
      1     -3     -2      1      4
      1      1     -1      0      2
      1      0      0      0      1
      0      0      0     -1      0

      0      1      1      3      2
     -1      0      1      0      1
      1      3      2      0     -1
      1     -3      1     -1     -1
      0     -3      0      0      0

     -1      1     -1      1     -2
     -1      1      1      0      0
      2      2      2      1      0
      2      0      3      2      1
      2      0      0     -1      2

      1      1      0      1      1
      0      0      1     -2      1
     -1      0      1      0      0
     -1     -1      2      1      1
      0     -1      5      0      0

      0      0     -1      0      0
     -1      0      0      0      2
      1      0     -3     -2      0
      1     -1      1      0      0
      0     -1      0     -3      3

      0      0      0     -1     -2
      0     -1      0     -3     -1
      0      0     -1      1      0
      0      0      0      1      0
      0      0     -1     -2      0

      0     -1      0      0      0
     -1      1      0     -1     -1
     -3      1     -1     -1     -1
     -3      0      2      4     -1
      0      0      1     -2      2

