;
; ENVI ASCII Output of file: E:\Imaging\ROI_AVIRIS\5_0_17.img [Fri Nov 17 11:54:30 2017]
; File Dimensions: 5 samples x 5 lines x 224 bands
; Line Format    : (5i7)
;
    488    506    514    486    500
    468    502    514    500    499
    485    479    509    481    497
    506    490    498    483    488
    493    502    516    498    509

    570    582    596    591    591
    564    593    596    585    582
    592    581    582    563    574
    582    591    575    574    606
    571    582    583    569    583

    614    613    635    603    627
    616    624    635    633    617
    617    631    617    631    618
    634    646    633    620    625
    617    615    623    629    619

    784    801    775    791    785
    797    793    775    780    765
    797    778    789    786    791
    784    795    794    787    781
    782    795    784    794    790

   1138   1150   1159   1147   1150
   1169   1151   1159   1144   1144
   1152   1151   1154   1159   1146
   1151   1162   1154   1152   1159
   1161   1153   1159   1150   1161

   1198   1212   1205   1200   1197
   1217   1203   1205   1202   1195
   1204   1206   1212   1208   1201
   1206   1205   1209   1204   1215
   1198   1210   1216   1207   1205

   1129   1127   1130   1127   1128
   1136   1131   1130   1128   1118
   1137   1121   1140   1124   1115
   1124   1131   1128   1137   1135
   1120   1133   1133   1142   1147

   1034   1042   1033   1038   1030
   1041   1040   1033   1033   1035
   1038   1030   1043   1035   1031
   1036   1033   1040   1044   1035
   1041   1046   1045   1040   1039

   1110   1119   1110   1113   1108
   1120   1112   1110   1114   1111
   1119   1117   1110   1116   1106
   1107   1115   1125   1114   1119
   1121   1116   1117   1124   1114

   1125   1120   1120   1117   1103
   1137   1134   1120   1121   1117
   1125   1129   1132   1121   1125
   1114   1125   1127   1123   1137
   1117   1129   1132   1135   1128

   1086   1082   1079   1076   1073
   1077   1091   1079   1085   1075
   1087   1080   1080   1087   1084
   1080   1089   1094   1095   1088
   1090   1093   1096   1100   1085

   1008   1008   1011   1007   1003
   1017   1023   1011   1014   1015
   1021   1010   1020   1013   1007
   1010   1017   1011   1016   1012
   1019   1009   1024   1017   1017

    947    950    957    940    945
    954    962    957    947    944
    956    940    946    952    947
    943    952    951    948    945
    948    955    967    957    962

    847    852    846    848    851
    854    854    846    852    845
    859    847    853    849    849
    851    848    862    848    856
    849    853    864    854    852

    768    768    767    758    761
    770    775    767    763    761
    760    767    768    760    760
    760    769    766    770    777
    765    766    773    777    769

    666    669    675    670    667
    668    679    675    669    663
    670    666    669    673    664
    666    670    675    677    673
    673    671    674    678    672

    577    589    586    585    581
    589    583    586    590    587
    587    592    593    583    588
    585    589    591    585    591
    588    588    594    593    594

    548    555    551    553    549
    556    553    551    559    552
    553    556    558    555    554
    552    558    561    555    559
    558    555    561    560    558

    518    521    516    520    515
    523    522    516    527    515
    518    518    523    526    520
    519    527    530    523    525
    526    520    527    526    522

    480    482    479    477    480
    482    484    479    486    480
    484    481    481    482    482
    485    487    487    483    490
    486    483    489    487    486

    440    445    436    435    439
    439    441    436    445    438
    442    438    438    437    437
    438    441    438    442    446
    442    441    444    442    441

    398    408    400    401    397
    402    403    400    404    398
    402    397    399    404    401
    403    407    403    398    404
    398    403    406    407    404

    370    371    369    365    366
    369    374    369    370    367
    374    368    371    371    366
    367    372    371    377    374
    371    368    371    376    368

    323    328    324    323    322
    326    332    324    326    323
    327    324    324    331    323
    323    326    328    323    330
    325    328    331    331    326

    301    307    300    300    297
    303    304    300    304    302
    306    301    302    301    299
    305    303    300    301    309
    307    304    305    302    305

    287    291    290    285    285
    290    293    290    290    287
    291    287    296    288    288
    290    290    293    295    293
    285    292    295    297    290

    270    267    268    267    271
    270    271    268    265    272
    272    268    275    271    267
    271    270    273    272    269
    270    275    271    273    268

    248    246    247    247    246
    248    251    247    251    246
    249    250    251    253    249
    251    251    248    249    252
    249    249    254    251    247

    239    235    238    234    233
    238    237    238    237    235
    234    236    237    235    237
    237    241    238    239    237
    238    238    238    236    235

    221    222    217    217    214
    218    220    217    218    217
    222    217    219    219    217
    224    219    218    221    220
    218    218    218    222    224

    203    209    208    209    204
    208    207    208    212    207
    206    203    209    206    206
    205    207    208    209    209
    207    203    205    209    204

    198    201    204    206    201
    204    204    204    205    203
    205    200    202    200    204
    199    201    206    205    204
    203    201    202    204    199

    200    208    206    203    199
    204    207    206    207    203
    201    200    208    198    208
    201    200    205    206    201
    206    202    200    202    199

    199    201    204    207    201
    203    206    204    205    203
    204    200    203    199    204
    199    201    207    205    204
    201    202    203    204    199

    187    195    191    186    186
    188    191    191    187    187
    186    184    194    179    194
    182    184    190    192    184
    184    187    189    192    183

    164    172    166    167    164
    166    172    166    170    167
    166    165    170    161    169
    164    164    167    170    165
    163    167    166    170    166

    145    151    148    149    144
    147    152    148    150    145
    145    144    152    144    151
    143    144    150    149    145
    144    153    149    149    144

    140    142    140    140    139
    136    147    140    142    142
    138    139    143    136    143
    136    134    143    140    138
    133    143    140    142    140

    126    133    129    130    124
    126    136    129    129    126
    126    129    135    124    133
    125    125    132    131    129
    122    132    128    132    125

    100    105    101    102     98
     98    102    101     99     99
     97     98    103     95    102
     97     98     98    102    101
     94    103    100     99    100

    104    109    106    110    107
    105    111    106    106    105
    104    107    114    100    108
    103    102    109    108    108
    101    111    106    105    105

    115    118    114    115    112
    112    123    114    117    113
    110    114    119    110    118
    112    110    116    117    116
    108    118    116    116    113

    115    117    117    116    112
    108    123    117    116    118
    111    117    121    109    117
    111    110    117    118    117
    107    120    118    115    115

     69     72     72     68     69
     65     73     72     68     67
     66     69     73     65     71
     67     65     73     70     71
     63     73     71     70     68

     90     93     92     90     87
     86     97     92     91     88
     84     91     94     84     89
     87     84     91     92     91
     80     93     93     89     89

     92     96     97     94     91
     89    101     97     95     94
     89     95    100     89     93
     90     89     97     96     96
     84     98     94     98     92

     87     90     86     90     84
     82     97     86     86     88
     83     90     92     81     86
     84     82     87     89     90
     76     91     87     88     85

     81     83     80     83     78
     75     90     80     78     79
     76     81     86     74     82
     78     75     81     81     83
     71     85     83     83     78

     72     78     75     74     73
     66     82     75     73     74
     70     75     78     69     75
     71     70     76     76     76
     64     78     76     73     73

     59     63     62     61     59
     55     66     62     59     60
     56     58     65     54     60
     60     56     64     62     62
     52     63     59     60     59

     60     65     61     61     57
     56     66     61     59     60
     57     61     65     55     61
     57     57     63     61     63
     52     65     64     62     59

     63     66     62     64     60
     56     72     62     61     63
     59     63     67     56     64
     61     59     65     63     67
     53     66     65     63     62

     67     70     68     66     65
     60     75     68     64     68
     64     71     70     61     67
     68     64     69     67     70
     54     72     68     68     64

     63     65     63     63     61
     57     72     63     60     61
     58     64     68     56     64
     61     57     64     63     66
     50     66     64     62     60

     62     64     62     62     57
     56     70     62     58     61
     57     61     64     56     62
     60     56     64     63     65
     51     63     63     63     59

     57     59     59     57     55
     51     63     59     55     56
     56     58     59     50     56
     55     52     59     57     60
     45     61     59     59     56

     56     57     57     56     52
     49     64     57     54     56
     52     57     60     48     55
     54     51     57     54     57
     45     60     58     57     54

     43     46     44     44     40
     38     50     44     41     43
     41     47     50     39     42
     41     40     45     45     47
     34     47     47     44     42

     40     40     41     39     35
     32     43     41     33     38
     35     41     40     34     38
     37     35     40     37     40
     29     42     41     38     38

     36     33     36     36     31
     29     41     36     33     34
     31     35     38     29     33
     33     31     34     34     37
     25     36     36     32     33

     31     35     31     32     28
     28     37     31     28     32
     27     34     32     27     30
     31     30     32     32     34
     24     35     33     31     30

     19     24     23     24     16
     17     26     23     19     19
     15     24     23     16     21
     20     21     21     21     24
     19     23     22     19     23

     15     16     16     15     13
     15     19     16     13     15
     14     14     16     12     15
     14     14     17     16     17
     11     17     16     15     15

     16     18     16     15     14
     13     20     16     15     16
     14     17     17     13     15
     15     14     16     15     17
     11     18     17     16     16

     25     28     26     25     23
     22     29     26     22     24
     22     25     28     21     23
     24     24     26     24     27
     18     27     27     25     23

     27     31     27     28     27
     25     34     27     27     27
     25     32     31     24     27
     28     26     31     29     32
     20     31     30     29     26

     32     33     34     32     30
     27     38     34     29     33
     28     35     36     29     30
     32     29     35     32     36
     22     35     34     34     30

     35     35     34     34     32
     28     41     34     30     34
     29     37     38     30     33
     33     30     36     34     38
     23     39     37     34     33

     34     36     33     33     31
     27     41     33     30     33
     28     36     37     28     33
     32     31     35     33     36
     22     36     36     33     33

     33     35     33     32     30
     26     38     33     30     32
     28     36     37     27     31
     32     29     34     34     37
     22     36     35     32     32

     33     34     33     32     30
     28     39     33     29     32
     27     36     36     27     31
     32     28     34     33     37
     22     38     35     31     31

     29     32     30     30     26
     22     36     30     27     30
     26     31     33     25     28
     28     25     31     29     34
     19     34     31     29     30

     31     31     30     29     28
     23     36     30     27     29
     25     31     33     24     28
     29     26     32     30     33
     19     34     32     28     29

     27     30     29     27     26
     22     32     29     24     27
     23     28     31     23     26
     26     24     29     27     31
     17     30     29     26     26

     27     28     29     27     26
     21     32     29     24     25
     23     29     31     23     25
     26     23     28     28     29
     17     31     29     26     26

     24     26     25     24     22
     19     30     25     23     23
     20     25     28     20     24
     23     21     27     24     28
     15     28     25     23     24

     22     24     23     22     20
     18     28     23     21     22
     18     24     26     18     21
     21     19     24     23     26
     13     25     24     22     22

     20     22     21     20     18
     16     27     21     19     20
     17     22     23     16     19
     20     17     22     21     23
     12     23     23     21     20

     16     17     16     16     14
     12     21     16     14     16
     13     18     18     13     16
     16     14     18     16     19
     10     20     18     16     16

      9     11     11     10      8
      7     11     11      8     10
      9     10     11      8     10
      9      8     10      9     12
      6     12     12     10     10

      4      6      4      4      3
      4      5      4      3      4
      2      5      4      3      4
      4      3      4      3      5
      3      3      5      4      2

      3      4      4      4      3
      3      4      4      2      2
      2      4      4      3      4
      4      3      4      3      4
      2      4      5      5      3

      4      5      6      5      4
      4      6      6      4      4
      4      6      6      4      5
      5      4      6      4      5
      3      6      5      6      4

      6      7      5      5      3
      3      6      5      4      4
      3      6      5      4      4
      5      4      6      4      6
      3      4      5      4      4

      6      7      7      7      4
      5      8      7      5      6
      5      6      7      5      6
      6      5      7      6      6
      3      8      7      7      7

     10     11     10     10      9
      9     12     10      8     10
      8     12     12      9     10
     10      9     10     10     13
      5     12     12     10     11

     12     13     12     11     10
      9     16     12     10     11
     10     14     14     10     12
     12     11     13     14     16
      6     14     14     12     14

     10     13     12     13      9
      8     14     12      9     10
      9     14     12      8     11
     10      9     11     10     15
      5     14     12     11     11

     11     14     13     11     10
      8     14     13     10     12
     10     14     13      9     11
     11     10     14     12     14
      6     14     13     12     11

     10     11     10     10      8
      8     11     10      8      9
      8     11     12      7     10
     10      8     11      9     12
      5     12     12     10      9

     12     13     12     12      9
      9     15     12      9      9
      8     13     14      9     10
     11      9     12     10     13
      5     14     12     11     12

     11     13     11     12     11
      8     15     11     10     11
      8     13     13      8     11
     12      9     11     11     13
      6     15     13     11     10

     13     14     13     13     11
      9     17     13     11     12
     10     14     16     10     11
     13     10     13     12     15
      6     16     14     13     12

     12     14     14     12     11
      9     16     14     10     12
      9     13     17      9     11
     13     11     15     12     16
      5     15     14     13     13

     13     13     11     11     10
      8     15     11     10     13
      9     14     14      9     11
     12      9     12     12     14
      6     14     13     12     11

     10     13     12     11     10
      7     14     12     10     11
      8     11     12      9     10
     11      8     11     10     13
      5     14     13     11     10

     13     13     11     11     10
      8     15     11     10     13
      9     14     14      9     11
     12      9     12     12     14
      6     14     13     12     11

     13      9     13     14     12
     10      9     13      8      6
     12      7     13     12     10
     11      9     11      4     16
      8     12     11     11      9

     13      6     14     13      8
     12     14     14      9     14
      9     11      9      8      7
      9      8      8     12      6
     12     10      9     12     11

      9      7      9     10      8
      9     11      9      9     14
     11     10     11      8      9
     12     11     11      6     10
     10      9     10     14     13

      8      7     12     14     11
      9     10     12     11     11
     12     11      8     10     10
     11      9     15      9     12
     13      8     10      9      7

      8      8      9      7      7
      7     12      9      8      8
     10      8     10      7      9
      5      7      8      7     12
      8      8      7     10      9

     10      7      9      5      6
      5      8      9      8     10
      8      5      7      8      7
      7      7      6      9      6
      8     10      3      8      7

     33     64     43     54     73
     52     17     43     14     19
     22     45     31     30     41
     34     18     24     17     31
     21     18     21     17     14

      2      5      4      2      1
      2      5      4      4      5
      3      4      2      3      3
      3      2      3      3      5
      5      4      5      3      4

      2      2      3      2      0
      3      2      3      0      3
      3      2      3      3      1
      1      1      0      1      4
      2      0      1      1      2

      0      0      0      0      0
      0      1      0      0      3
      0      0      0      1      0
      0      0      0      0      0
      0      0     -1      0      0

      1      0      2      0      0
      0      0      2     -1      0
      0      1     -1      0      0
      0      0     -1      0      2
      0      0     -2      0      1

      0      1      0      0     -1
     -1      1      0      1      1
      0      0     -2      0      0
      0     -1      0     -1      0
      0     -1      0      1      0

      0      1      2      1      0
      0      0      2      0      1
      0     -1      0      0      0
      0      0      0      1      1
      0      0      0      0      0

      6      5      7      3      2
      1     -6      7     -5     -1
     -4      1      1      4      1
      6      1     -3      0     -2
      3     -1     -1      0      0

      2      1      1      1     -4
      0      1      1      0      1
      0      2      0      0      1
      0      0      0      0      0
      1     -1      0      1      0

      0      0      3      0      1
     -1      0      3      0      1
      0      0      2     -2      1
      1     -2     -3      1      3
      0      0      0      1      0

      1      1      3      2      0
      0      0      3      0      1
      0      1      1      0      0
      0      0      0     -1      1
      0     -2      0      2      0

      2      1      0      0     -3
      2      1      0      1      3
      0      1      0      1      1
      0      2     -1      0      1
      1      0      0      0     -1

      2      2      3      0      0
      2      1      3      0      0
      1      0      0      2      1
      2      1      3     -2      1
      3      0      1      0      1

      2      1      2      3      2
      2      2      2     -1      4
      2      3      3      2      3
      3      2      1      0      0
      2      2      1      1      0

      5      6      5      1      2
      2      4      5      2      2
      3      1      0      0      3
      2      4      0      3      3
      0      4      0      3      1

      2      1      2      3      1
      1      3      2      2      0
      1      2      3      1      1
      3      1      0      2      3
      1      2      0      3      1

      3      3      4      1      1
      4      2      4      3      3
      4      3      3      3      1
      2      1      1      2      1
      2      2      2      3      0

      6      6      4      6      6
      6      6      4      4      7
      4      5      4      5      3
      3      3      5      9      6
      5      6      5      4      2

      9      8      7      6      7
      7     10      7      6      8
      6      7      7      6      7
      8      9      6      9      8
      6      7      7      5      7

     10      7      9      9      7
      9      8      9      7      9
      8      7      9      7      7
      9      8      6      7      9
      9      7     10      8      9

      9      8     10      8      9
      9     11     10      9     11
      8      9      9      9     12
     10      9      8      9     11
      9      7      7      7      9

     10      8     10      9      8
      6     10     10      8     10
      8      9      8      8      8
      8     11      8     12     10
      7      9      8      8     10

     11      7      9     10      8
      5     11      9      6     11
     11      8      9     12     12
     11     11      9      5      7
     10      9      7      9      6

     11     10     11      9      8
     10      9     11     11     13
      9     10     10      8      9
      8     11      9      9     10
     12      9      8     10     11

      9     11     10      9      8
      9     11     10      8      9
      8     10     10      8      8
      8     10     11      9      9
      9      9      8      9      8

      9      9      9     10      8
      7      9      9      8      9
      9      9      6      7      8
      8     10      7      6      7
      8      7      9      6      8

      9      9      7      8      7
      7      9      7      7      9
      9      8     10      7      7
      8      7     10      9      9
      8      9      7      8      7

      9     10     11      8      8
      7      8     11      8      6
      9      8     10      9      8
      8      8      9      6      9
      9      8      9      7      8

      7      6      9      7      6
      7      9      9      7      8
     10      8      8      6      7
      6      6      9      6      7
      5      7      9      7      9

      9      7      8      7      7
      6      8      8      6      6
      8      7      8      8      5
      7      9      9      7      5
      7      6      7      8      8

      8      7     11      7      6
      7      9     11      6      8
     10     10      6      8      7
      7      7      9      7      8
      8      8      9      8      7

      7     10      9      8      6
      7     10      9      7      7
      8      7      7      6      6
      8      7      8      7      8
      8      8      7      8      9

      6      6      6      7      6
      5      7      6      7      7
      7      7      6      7      6
      7      7      7      8      8
      8      7      8      7      8

      8      6      7      6      5
      7      6      7      6      6
      7      7      3      6      6
      8      6      8      6      8
      6      6      6      7      6

      7      7      9      8      5
      7      6      9      7      9
      5      6      7      8      7
      5      6      6      6      7
      5      6      6      8      6

      8      4      7      7      6
      5      8      7      6      8
      5      6      5      5      5
      7      6      7      6      7
      8      7      6      6      7

      7      6      6      5      3
      6      7      6      8      7
      7      4      5      7      8
      6      7      3      6      6
      5      7      7      6      9

      5      4      5      6      4
      4      4      5      6      8
      6      8      5      6      5
      8      4      5      5      6
      4      6      5      6      7

      5      5      6      7      4
      5      7      6      7      7
      7      5      4      6      5
      7      6      3      7      4
      6      6      6      7      6

      6      4      4      4      6
      4      7      4      6      6
      5      5      3      3      5
      5      6      4      5      5
      6      3      5      5      6

      4      4      5      5      3
      4      7      5      5      5
      6      4      4      6      6
      6      6      3      4      3
      5      4      6      4      6

      5      4      5      5      3
      3      4      5      4      6
      6      4      5      3      5
      4      5      5      4      5
      5      5      4      5      4

      6      5      8      4      8
      6      4      8      2      3
      5      4      2      3      2
      2      4      2      5      6
      4      2      3      5      5

      3      4      4      4      3
      4      5      4      4      5
      3      3      5      1      3
      3      4      3      5      4
      4      3      3      3      5

      4      5      3      3      3
      3      4      3      2      3
      3      3      2      3      3
      3      3      5      1      3
      3      2      3      2      4

      0      4      4      2      3
      1      3      4      2      4
      1      2      3      3      2
      2      2      4      2      3
      5      3      3      2      2

      5      3      5      2      0
      1      3      5      0      2
      2      0      2      0      0
      3      2      3      0      4
      3      0      1      1      2

      1      2      3      1      1
     -2      2      3      0      3
      1      0      1      2      1
      2      0      1      0      0
      1      1      1      2      0

      1      2      1      2      0
      0      1      1     -1      3
      0      3      0      1      1
      1     -1      1      0      0
      0      1      0      0      1

      0      0      0      0      0
      0      2      0     -1      1
      0      0      0      0      0
      0      0      2      0      0
      0      0      0      0     -1

      0      0      0      0      0
     -1      2      0      0      0
      0      0      0      0      0
      0      0      0      0      0
      0      0      0      0      1

      0      1      0      0      0
      0      1      0      0      1
      0      0      0      0      0
      0      0      0      0      0
      0      0     -2      0      0

      0      2      0      0      0
      0      0      0      0      0
      0      1      0      0      0
      0     -1     -1      0      0
      0      0      0      0      0

      1      0      0      0     -1
      1      1      0     -1      0
      0      0     -2      0      0
      0      0      0     -1      0
      0      0      0      2      0

      0      0      0      0      0
     -2      2      0      1      1
      0     -1      0     -1     -1
      0      0      0     -1      1
      0      0      2      1      0

      0     -1      2      0     -1
      0      4      2      0      0
      1     -1      0      1     -2
      1      1     -1      1      0
      1      0      0      0      0

      2      2      1      0     -2
      0      2      1      0      1
     -1     -1      0      0      0
      0      0     -1      0      0
      0      0      0      0      0

      1     -1      0      0      0
      0      0      0      0      0
      1      0      0      0      0
     -1      0      0      0      0
      0      0      1      0      0

      2      1     -1      0      1
     -1      0     -1      0      0
     -1     -1      0      0      1
      0      0      0     -2      0
      0     -2      1      0     -2

      0      0      0      0      1
     -1      2      0      0      0
      2      0      0      1      0
      1      0      0      0      1
     -1     -2      0      0      0

      0      0     -1      0      0
      0      0     -1      0      1
      1      0      1      0      0
     -1     -1      0     -1      0
     -2      0      0      0      0

      0     -1      0      1      0
      0      0      0      0      0
      3      0      1      0      0
     -2      0      0      0      1
      0     -2      0      0     -1

      2     -1      0      0      1
      1      2      0      1      0
      0      0      0      1      1
      0      0     -1      0     -1
     -1      0      0      0      0

      0      0      0     -2      0
      1      1      0      1      0
      0      0     -2      0      1
     -1     -1      0     -1      0
      0     -1      0      0      0

      0     -2      0      0      1
      0      0      0      0      1
      0      0      0      2      1
     -1      0      0      0      1
      0     -1      3      0      0

      1      0      1      0      1
      0      2      1      0      2
      2      0      0      0      0
      0      0      0      0      0
     -1     -1      0      0      0

      0      0      0     -2      1
      1      0      0      0      1
      1      0      0      1      0
      0      0      0      0      1
      0      0      0      0      0

      1      0      1      0      1
      2      3      1      1      1
      2      1      1      0      1
      0      0      1     -1      0
      0      0      1      0      0

      2      1      2      1      1
      2      0      2      2      2
      4      0      2      2      2
      0      1      1      1      3
      2      1      2      2      1

      2      2      2      1      3
      1      3      2      3      2
      2      1      2      4      4
      1      1      1      0      2
      2      0      2      2      1

      2      2      2      1      3
      1      2      2      0      2
      5      0      2      1      1
      0      0      0      2      1
      1     -1      3      1      0

      1      1      1      0      1
      1      2      1      0      1
      2      0      0      0      2
      0      1      0      0      0
      1      0      1      0      0

      1      0      1      1      1
      1      1      1      1      1
      3      0      0      1      1
      0      0      2      1      0
      0      0      1      0      1

      2      1      2      0      2
      2      3      2      2      2
      2      1      1      2      2
      2      1      1      2      2
      1      1      3      2      3

      3      4      2      3      3
      4      5      2      1      3
      4      2      3      3      4
      3      2      3      2      2
      3      3      3      3      3

      3      3      2      1      3
      3      3      2      2      3
      2      2      2      3      3
      3      1      1      1      3
      1      2      4      3      2

      1      3      3      0      3
      1      0      3      3      3
      1      3      2      1      2
      3      1      2      1      2
      0      3      3      2      1

      1      1      2      2      1
      1      3      2      2      3
      3      2      2      3      3
      0      1      2      1      1
      1      1      3      1      2

      3      3      1      2      2
      4      3      1      2      4
      3      2      1      2      2
      2      1      4      1      4
      1      0      4      2      2

      3      3      2      3      3
      2      3      2      3      5
      4      4      2      4      3
      2      2      3      3      3
      2      2      4      2      2

      5      3      2      5      4
      4      5      2      3      5
      4      3      2      3      4
      1      2      2      2      2
      2      2      3      2      1

      4      3      4      3      3
      3      3      4      3      4
      5      3      2      2      3
      2      2      3      1      2
      2      3      3      3      2

      4      1      1      3      4
      2      3      1      1      4
      3      3      3      3      2
      1      2      3      3      3
      2      3      3      3      2

      2      2      3      1      5
      2      4      3      2      3
      3      4      3      3      4
      1      2      2      3      4
      2      0      3      2      1

      3      2      3      1      4
      3      3      3      4      3
      2      3      3      3      3
      3      1      1      3      2
      3      2      3      2      3

      3      3      1      1      2
      2      4      1      2      3
      3      3      3      3      5
      1      2      2      3      3
      3      2      4      2      3

      3      2      0      2      3
      3      4      0      2      3
      4      3      3      2      3
      0      2      2      0      3
      1      3      3      3      2

      2      3      3      0      2
      3      4      3      3      3
      3      1      2      2      4
      3      0      3      3      2
      5      1      3      2      2

      3      2      1      2      2
      2      4      1      3      3
      4      3      1      2      4
      2      2      2      3      2
      1      1      2      1      3

      4      3      1      1      0
      2      2      1      1      3
      1      2      2      1      1
      3      1      0      1      2
      2      2      4      2      1

      2      3      2      3      2
      2      2      2      1      2
      3      3      2      2      3
      1      2      1      3      2
      1      3      3      0      2

      2      1      1      4      1
      0      4      1      3      2
      2      3      2      1      1
      1      2      2      2      2
      0      2      3      1      3

      1      4      3      1      4
      3      3      3      1      5
      3      3      2      1      2
      1      2      2      1      1
      2      2      3      3      3

      2      2      1      2      4
      2      2      1      2      3
      2      1      2      2      2
      1      1      0      1      2
      2      2      4      2      1

      1      3      2      2      4
      2      4      2      3      3
      4      2      2      2      4
      2      2      2      1      2
      0      2      4      0      1

      2      2      2      3      4
      3      4      2      2      3
      1      3      2      1      3
      1      2      2      1      4
      1      1      3      2      0

      2      3      1      2      3
      2      3      1      1      2
      2      2      1      2      2
      2      2      1      1      2
      0      3      3      1      1

      3      3      1      0      3
      1      1      1      2      2
      4      3      1      1      1
      0      0      2      1      3
      0      2      2      2      2

      2      2      2      1      2
      2      2      2      0      2
      2      2      3      1      3
      1      2      0      0      2
      1      0      2      2      2

      2      1      0      2      0
      1      4      0      3      3
      2      1      2      0      2
      1      0      1      1      0
      1      1      2      0      1

      2      1      2      2      3
      2      2      2      1      3
      3      2      3      2      1
      1      2      0      1      4
      0      1      0      1      2

      4      3      1      0      1
      1      3      1      1      1
      2      1      2      1      1
      0      2      1      1      3
      0      0      4      1      1

      0      1      2      0      3
      1      3      2      2      4
      2      1      1      1      0
      0      0      0      0      2
      0      0      2      4      0

      2      3      2      2      3
      1      0      2      2      1
      0      1      0      1      3
      1      2      0      1      1
      2      1      2      0      0

      2      4      1      0      3
      1      2      1      1      1
      1      1      1      2      2
      0      0      3      0      1
      0      0      3      2      2

      0      0      0     -2      1
      2      0      0      4      2
      1      2      1      0      0
      0      1      1      0     -2
      1      0      0      1      0

      2      2      1      1      2
      1      2      1      1      0
      2      2      0      1     -1
      0      1      1      0      1
      0      0      2      2      1

      0      1      0      1      2
      0      0      0      0      3
      0      0      0      0      0
      0      1     -1      0      1
      1     -2      0      0      0

      0      0      0      1      2
      2      4      0      0      0
      1      0      0      0      2
      0      0      0     -1      2
      1      0      0      0      1

      1      0      0      0      1
      0      2      0      1      2
      0      0      0     -1      0
      0      1      1      0      1
      0     -2      2      1      0

      1      1      1      0      0
     -1      1      1      0      0
      0      1      1      2      2
     -2     -2      2     -1      0
     -1      0      3      3      1

      0      3     -1      1      2
     -1      1     -1      1      0
      1      0      0      1      2
     -2     -1     -1     -1      2
      0      0      4      0      1

      0      0      0     -1      0
      0      2      0      2      1
      0      1      0      0     -1
      0      0     -2     -1      2
      1      0      0      1      0

      0      2      0      0      1
      1      0      0      0      2
      0     -1      0      1      1
      0      0      1      2      1
      0      2      3      1      1

      1      0      2      0      3
      0      4      2      1      0
      2      2      0      0     -1
      1      0      1      1      1
      2      1      3      0      1

      0      0      0     -1      0
      0      0      0      0     -2
     -1      2     -1      0      2
     -2      0      1      0     -2
     -2      0      0      0      0

      2      2      1      1      1
      1      1      1      0      0
      1     -1      1      0      1
     -1     -1      0      1      1
      0      1      1      0     -1

      1      1     -1      0     -1
     -2      2     -1      0      2
      1      3      1     -1      0
      0     -1      0     -2      1
      0      0     -1      0      0

     -2      0     -3      0      1
     -1      2     -3      0     -1
      0      1      1     -1      0
     -2      0     -3      0      1
     -1     -1      0     -1      0

      1      1     -4      0      0
     -3      0     -4     -1      2
     -1     -1     -2     -1      0
     -1      1      0      0      1
      0      0      0     -2     -1

      0      2     -1     -1      2
      0      1     -1     -1      0
      0     -1      1      0     -1
     -1     -2      0     -1     -1
      0      2      0      0      0

