;
; ENVI ASCII Output of file: E:\Imaging\ROI_AVIRIS\5_0_16.img [Fri Nov 17 11:54:23 2017]
; File Dimensions: 5 samples x 5 lines x 224 bands
; Line Format    : (5i7)
;
    524    498    516    523    534
    524    509    507    524    501
    517    498    525    524    501
    522    544    498    538    529
    504    511    496    509    529

    610    599    604    611    631
    593    623    606    591    594
    616    582    614    591    594
    582    621    605    610    601
    612    621    623    587    605

    652    647    662    671    657
    664    661    660    651    661
    652    643    657    651    661
    647    669    650    653    661
    659    661    650    653    662

    823    832    842    821    829
    830    822    831    825    835
    825    817    826    825    835
    817    828    819    825    823
    843    819    830    820    835

   1221   1207   1203   1226   1218
   1214   1207   1206   1208   1213
   1213   1214   1198   1208   1213
   1209   1214   1196   1206   1203
   1211   1203   1206   1199   1219

   1271   1259   1251   1266   1277
   1260   1275   1261   1265   1272
   1259   1263   1252   1265   1272
   1262   1259   1254   1254   1260
   1258   1267   1268   1255   1274

   1179   1177   1186   1190   1194
   1199   1184   1187   1183   1190
   1198   1174   1185   1183   1190
   1190   1188   1180   1172   1191
   1183   1191   1182   1187   1186

   1085   1083   1092   1099   1093
   1096   1087   1090   1086   1095
   1084   1082   1084   1086   1095
   1094   1093   1090   1091   1089
   1085   1091   1094   1086   1101

   1164   1178   1179   1175   1165
   1175   1177   1171   1168   1165
   1178   1163   1163   1168   1165
   1167   1171   1171   1163   1168
   1174   1172   1174   1160   1175

   1183   1183   1182   1193   1180
   1191   1182   1185   1175   1183
   1182   1178   1175   1175   1183
   1178   1184   1176   1183   1170
   1183   1180   1185   1166   1182

   1147   1143   1139   1144   1145
   1142   1139   1140   1140   1144
   1137   1132   1128   1140   1144
   1138   1135   1139   1136   1150
   1140   1141   1136   1136   1136

   1064   1072   1073   1067   1071
   1073   1070   1071   1065   1063
   1068   1065   1058   1065   1063
   1063   1066   1062   1058   1066
   1061   1066   1058   1062   1069

   1005   1005   1002   1002   1009
   1006   1001   1001   1003    997
   1003    997    991   1003    997
    994   1001    997    998    995
    996    989   1005    995   1004

    897    893    902    897    902
    897    901    900    895    897
    896    897    890    895    897
    899    900    892    886    902
    895    896    887    896    893

    808    814    805    809    810
    807    808    805    802    806
    807    799    802    802    806
    803    802    797    803    804
    803    800    803    799    804

    705    705    711    708    705
    708    709    702    702    699
    702    697    702    702    699
    695    699    702    701    702
    706    700    705    696    701

    614    609    614    618    618
    616    617    621    613    613
    612    610    612    613    613
    610    615    615    616    614
    613    616    612    610    614

    582    580    581    584    580
    584    584    584    579    579
    577    576    579    579    579
    576    580    582    583    578
    578    580    578    576    581

    549    549    548    550    542
    551    551    546    544    544
    541    541    544    544    544
    542    543    547    548    541
    543    543    543    541    547

    507    501    509    508    504
    510    508    506    505    502
    506    506    505    505    502
    504    509    499    504    506
    505    506    508    505    508

    464    456    461    467    462
    467    458    459    457    453
    467    455    456    457    453
    458    455    458    460    459
    458    457    461    456    462

    426    420    420    419    419
    427    426    419    421    416
    419    414    413    421    416
    417    419    418    420    421
    418    419    419    421    420

    391    390    394    391    389
    393    391    390    384    387
    387    384    381    384    387
    387    389    392    388    387
    386    384    385    381    390

    344    341    343    347    347
    345    344    341    344    339
    338    341    340    344    339
    342    342    342    343    344
    340    340    346    343    343

    318    315    316    319    318
    318    322    317    316    317
    315    311    313    316    317
    318    320    315    312    314
    318    320    320    317    321

    306    303    303    308    308
    305    305    304    303    310
    301    301    302    303    310
    304    304    303    301    303
    302    300    306    300    306

    286    285    288    286    282
    284    284    282    280    282
    280    280    279    280    282
    279    283    284    284    283
    281    280    279    282    287

    263    261    262    261    261
    262    261    261    261    259
    259    256    260    261    259
    264    259    258    260    262
    258    262    262    259    262

    254    249    252    252    250
    253    250    252    248    249
    246    249    245    248    249
    248    251    252    249    249
    249    250    247    249    254

    232    230    232    231    232
    233    233    230    229    231
    225    228    229    229    231
    229    232    229    234    234
    231    229    233    230    231

    215    219    221    223    221
    222    220    223    215    217
    214    217    213    215    217
    214    216    216    219    217
    219    218    218    212    215

    210    211    215    217    209
    214    212    211    212    214
    212    212    216    212    214
    210    213    212    211    211
    211    211    215    216    215

    209    207    215    213    207
    215    215    211    209    213
    212    210    220    209    213
    209    208    209    207    213
    208    208    212    215    217

    212    211    214    217    209
    213    213    210    211    214
    212    213    218    211    214
    209    213    212    209    212
    210    211    216    215    215

    198    199    197    201    195
    196    196    195    192    198
    195    199    204    192    198
    196    198    195    192    196
    190    197    198    199    200

    175    172    175    182    171
    173    178    171    170    177
    173    174    176    170    177
    174    173    173    165    174
    168    172    172    173    178

    157    151    153    158    148
    151    156    151    147    155
    154    152    160    147    155
    149    154    149    145    157
    150    153    152    154    158

    150    143    148    151    141
    145    147    143    140    149
    148    149    154    140    149
    145    148    144    140    147
    139    148    148    148    149

    142    131    136    138    130
    134    136    131    131    134
    134    135    140    131    134
    131    140    133    126    136
    126    135    135    135    137

    107    102    107    108    100
    104    109    102     99    105
    107    106    112     99    105
    103    107    104     97    107
     98    105    104    103    107

    115    107    110    116    107
    110    111    109    104    111
    112    113    121    104    111
    109    114    110    103    112
    104    112    111    109    111

    127    117    119    124    118
    118    121    115    111    122
    120    124    131    111    122
    120    122    117    112    123
    111    120    123    118    121

    127    117    118    127    119
    118    122    116    113    120
    121    124    130    113    120
    118    125    121    111    127
    114    121    121    121    124

     77     68     73     77     72
     72     74     71     68     74
     73     75     80     68     74
     71     74     73     65     74
     67     75     76     72     73

    100     89     93    100     92
     92     96     90     86     96
     93     97    102     86     96
     92     98     95     83    100
     87     98     95     94     96

    107     92     97    103     96
     96    103     91     90    101
     99    102    109     90    101
     97    102     98     87    105
     90     99     98     98    100

    100     85     88     94     87
     87     92     85     83     93
     92     96    102     83     93
     88     95     88     80     95
     84     91     93     88     93

     93     79     82     88     80
     82     85     78     77     86
     85     87     94     77     86
     83     88     83     74     87
     75     84     87     83     86

     85     72     77     81     73
     77     82     72     70     79
     78     82     86     70     79
     74     81     77     67     83
     72     76     81     77     79

     70     58     61     66     61
     60     63     57     55     65
     65     67     72     55     65
     60     66     63     54     67
     57     63     65     61     63

     69     57     60     67     59
     63     65     59     56     66
     63     68     74     56     66
     61     67     61     53     68
     56     62     65     62     64

     73     58     62     69     63
     63     66     58     59     66
     65     71     74     59     66
     63     69     64     53     70
     57     66     68     63     67

     79     64     68     75     68
     68     71     63     61     72
     71     74     80     61     72
     67     76     70     55     76
     62     70     70     71     71

     76     60     64     69     65
     63     68     60     58     68
     67     70     75     58     68
     63     69     65     52     70
     57     68     69     64     67

     74     61     63     69     61
     61     65     57     56     67
     65     69     75     56     67
     61     69     63     52     72
     56     64     66     64     66

     69     54     59     63     57
     59     62     54     51     62
     62     67     69     51     62
     56     66     60     47     66
     52     63     63     57     60

     67     52     55     60     54
     54     61     51     49     58
     58     64     69     49     58
     57     63     57     46     64
     50     59     61     56     58

     52     41     43     49     44
     44     47     41     39     48
     45     49     53     39     48
     44     48     45     35     49
     40     45     47     44     48

     45     35     38     41     39
     38     39     35     32     39
     39     43     46     32     39
     39     41     38     29     43
     33     40     40     38     40

     40     33     33     37     34
     35     36     32     31     36
     35     40     43     31     36
     34     39     33     28     38
     29     36     38     34     36

     37     29     31     31     29
     28     33     29     26     33
     32     35     38     26     33
     29     36     31     25     35
     26     35     35     31     34

     25     21     22     22     23
     20     23     18     18     22
     25     23     23     18     22
     21     23     23     17     25
     17     20     23     19     20

     17     14     15     17     14
     15     15     13     13     17
     16     16     17     13     17
     14     17     16     13     15
     12     15     17     14     15

     18     14     15     18     15
     15     17     13     13     18
     17     16     20     13     18
     16     17     16     13     19
     13     17     17     16     16

     31     23     24     28     24
     24     29     22     22     29
     26     29     33     22     29
     26     28     25     19     29
     21     28     27     25     29

     37     27     27     32     28
     28     31     25     24     33
     30     33     36     24     33
     30     31     29     21     33
     24     31     31     28     30

     40     29     32     37     32
     31     34     28     28     38
     34     39     42     28     38
     33     38     35     24     38
     27     35     35     33     34

     45     31     33     38     33
     34     38     30     28     39
     37     41     43     28     39
     35     41     35     23     39
     30     37     37     35     37

     43     30     31     39     33
     33     37     30     28     36
     35     41     43     28     36
     33     39     34     24     40
     28     36     36     34     36

     42     29     31     37     32
     32     37     29     27     36
     35     40     42     27     36
     33     38     34     24     40
     28     37     37     35     36

     42     29     32     37     31
     31     36     28     28     37
     35     38     41     28     37
     32     40     34     23     39
     27     34     35     33     35

     39     27     28     34     29
     28     33     25     24     33
     32     35     39     24     33
     30     34     31     20     37
     24     31     33     31     32

     39     26     29     33     27
     29     33     25     24     34
     31     36     39     24     34
     30     35     30     20     37
     24     31     34     29     32

     36     24     26     30     26
     25     29     24     22     30
     29     33     37     22     30
     28     34     28     19     34
     22     30     29     28     29

     36     25     27     30     26
     25     30     23     22     30
     29     33     37     22     30
     27     32     27     18     33
     21     30     30     28     28

     34     21     23     27     22
     24     28     21     20     27
     26     30     32     20     27
     23     28     25     16     30
     19     27     27     25     26

     31     19     22     26     21
     22     26     19     18     25
     24     28     30     18     25
     22     26     23     15     28
     18     25     25     23     24

     28     18     20     25     20
     20     23     17     16     23
     23     25     28     16     23
     20     24     21     13     25
     16     22     23     21     22

     23     14     15     18     15
     15     19     13     12     19
     16     19     22     12     19
     16     18     17      9     20
     13     17     17     16     17

     12      9     10     11      9
      9     10      8      7     10
     11     12     13      7     10
     10     12     10      6     13
      8     11     11      9     11

      6      3      4      5      4
      4      5      3      3      3
      5      3      5      3      3
      4      6      4      2      5
      3      5      5      4      4

      4      4      4      4      3
      4      5      3      3      2
      4      4      4      3      2
      3      4      4      2      3
      2      6      2      3      3

      6      4      4      6      5
      5      6      3      4      5
      6      6      5      4      5
      6      5      5      3      5
      3      5      6      4      6

      6      4      5      5      5
      4      4      4      3      4
      5      4      6      3      4
      4      7      4      2      4
      3      5      4      4      4

      8      5      7      7      6
      7      7      5      4      7
      7      8      8      4      7
      6      8      7      3      8
      4      8      6      6      7

     14      9      9     13     10
     10     12      8      8     11
     12     13     15      8     11
     11     12     11      6     12
      7     13     12     10     11

     17     10     12     14     12
     12     13     10      8     14
     14     16     18      8     14
     11     16     12      7     15
      9     14     14     12     13

     16      9     10     13     10
     11     13      8      8     12
     11     13     15      8     12
     11     14     12      6     14
      8     12     12     10     11

     17     11     11     14     12
     12     14     10      8     13
     12     14     17      8     13
     12     14     13      6     15
      9     14     12     11     12

     14      8      9     11      9
     10     12      8      7     11
      9     13     14      7     11
     10     12      9      5     12
      7     11     12     10     10

     15      9     10     13     11
     11     14      8      7     13
     12     15     13      7     13
     12     15     12      6     16
      9     12     13     12     12

     16     10      9     14     11
     11     13      9      9     13
     13     15     15      9     13
     11     14     12      6     15
      8     14     14     11     12

     20     10     11     15     12
     12     16     10      9     15
     14     16     19      9     15
     12     15     14      6     17
      9     15     15     13     14

     19     11     11     14     12
     12     15     10      9     15
     14     17     18      9     15
     13     15     12      6     17
      8     14     15     13     14

     17     10     10     13     11
     10     13     10      8     14
     12     15     17      8     14
     11     15     12      5     15
      8     13     14     11     12

     15      8     10     12     10
     10     13      8      8     11
     12     14     17      8     11
     12     13     11      5     15
      7     13     12     11     11

     17     10     10     13     11
     10     13     10      8     14
     12     15     17      8     14
     11     15     12      5     15
      8     13     14     11     12

     12      7     12      9     13
     10     11      9     11     12
      9     12     17     11     12
      9     16     10      9     11
     13     12     13      9      8

     10     13     13     11     11
     13     10      9     13     12
     10      9     16     13     12
     11     10     12      9     12
      9     10     14     10     10

     12     12     10     12     13
     10      8     12     10     10
     12     11     12     10     10
     10     12      9      9     13
     12     12     12     13      8

     13     11     11     13     16
     12     10     15      8     14
     10     12     15      8     14
     12     13     10     11     13
     13     13     15     10     10

     11     11      9     10     12
     11      5     10     11      8
     11      9      8     11      8
      8     12      8      8     10
     11     10     10     10      9

      8      8      6      7      8
      7      6      6     10      9
      8      7      8     10      9
      7      7      7      6      8
      6     10     10      6      7

      0      3      0      2      1
      7      1      3      3      5
      2     10      7      3      5
    -10     -8     -8     -9     12
      1    -15    -11      2     -2

      4      4      3      5      2
      6      2      3      4      3
      5      5      6      4      3
      5      4      2      2      7
      3      3      5      4      5

      3      1      1      4      4
      3      3      2      1      3
      3      3      4      1      3
      2      2      2      2      1
      2      2      4      1      1

      2      2     -1      1      1
      0     -2      1      0      0
      2     -1      0      0      0
      0      0     -1      0      2
      0      0      0      0      1

      0      1      0      3      0
      0     -2      1      1      0
      0      0      1      1      0
      0      0      1     -1      1
     -1     -1      0      0     -3

      0      1      1     -1      1
      0     -3      0      0      1
     -2      0      0      0      1
      0      0      0     -1      0
      0      0      1      1      0

     -1     -1      0      2      2
      0     -1      0      0      2
     -1      0      1      0      2
      0      0      0      0      1
      0      0      0      0      0

      3      1     -1      1     -4
      0     -4     -2      4     -1
      2     -3     -1      4     -1
      0      0      3      0      2
      4      3      5      0      6

      4      1     -1      0      1
      0     -2      0     -1      0
      2     -2      2     -1      0
      3      0      0     -1      1
      0      0      2      1      0

      2     -1      0      1      3
      4      0      3      4      1
      0      0      0      4      1
      1      0      0     -3      0
     -2      1      5      1      0

      3      0      3      2      1
      3     -3      0      2      0
      0      0      1      2      0
     -2      2      0      1      1
      2      0      0      0     -1

      2      2      0      1      2
      1     -2      1      1      1
      0     -1      3      1      1
      2      1     -1      0      2
      3      1      2      1      0

      2      2      1      0      1
      2     -4      2      0      1
      1      1      2      0      1
      1      3      1      0      1
      2      0      2      0      2

      4      1      1      2      1
      3      1      2      1      1
      1      4      1      1      1
      3      2      2      2      2
      2      4      2      3      1

      2      2      2      2      3
      5      1      5      1      4
      1      1      4      1      4
      5      1      3      1      2
      5      4      2      2      3

      2      2      2      1      3
      4      0      2      1      3
      3      0      2      1      3
      1      2      0      3      2
      2      2      3      2      1

      2      2      3      5      5
      3      1      2      4      4
      3      3      2      4      4
      3      3      2      2      4
      4      2      6      3      1

      7      9      4      3      6
      8      7      6      6      6
      5      7      5      6      6
      5      6      6      5      6
      5      5      7      5      6

      8      9      6      6      8
      8      6      7      8      7
      8      8      8      8      7
      8      8      7      8      8
      9      6     10      8      7

     11     10      8     11     11
     10      9     10      9     10
     11      9     10      9     10
      8      9      7      9     10
      8      9     11      9      8

     12     11     10     10     11
     10      8     12     10     11
     11      9     12     10     11
     11     11      9      8     12
     10     11     11     10     10

     11     11     11     10      9
     11      7     11     11      8
     11     11     13     11      8
     10     10      9     10     11
     10     12     10     10      9

     15     13      9     10     15
     14     10     13     12      9
     13     14     15     12      9
     11     10     10     13     15
     14     12     13     11      7

     10     13     12      8     13
     12      9     10     14     10
     13     13     13     14     10
     11     10      9     10     13
     10     12     12     12      9

     11     10     10     11     11
      9      9     10     11      9
      9      9     12     11      9
      9     12      9      9     12
     11     10     11      9      9

     10      9      8      7     10
      7      9     10      9     10
     11      9      8      9     10
      9      7      7      9      9
      8      8      8      9      8

      9     10      8      9      9
      9      6     12     11     11
     10     10     11     11     11
      8      9      7      9     11
      9      9      8      9      7

     11     10     10      8     10
      8      8      9     10      9
     10     10     10     10      9
      8      9      8      8      9
      9      9      8      8      8

     10     10      8     10      9
      9      5      8      8     10
     11     10      9      8     10
      9      9      9      9      9
      8      9      9      7      9

     11     10      7      8      8
      7      6      8      8      7
      9      7      7      8      7
      9      6      8      8      9
      8      8      9      7      8

      9      9      8      8     10
      7      8     10     10      8
     11     10     11     10      8
      7      9      9      9     10
      8     11     10      8     10

      9     10      9      8      8
      7      6      8      9      8
      8      9      7      9      8
      9      8      7      9      8
      7      9     10      8      7

      8      8      7      7      7
      8      6      7      9      9
     10      8      8      9      9
      8      6      5      7      9
      8      9      9      7      8

      6      7      7      8      9
      7      6      7      8      8
      7      6      8      8      8
      7      6      7      6      9
      6      7      9      8      8

      9      6      6      7      9
      7      6      6      8      8
      8      8      8      8      8
      6      8      6      7      9
      8      8      9      8      8

      6      6      6      6      7
      7      4      8      6      8
      6      6      9      6      8
      7      9      6      5      7
      7      8      8      7      7

      8      7      6      8      8
      7      7      9      8      6
      8      7     10      8      6
      8      8      7      8      8
      6      9      7      9      6

      7      6      8      7      8
      5      7      7      6      8
      6      5      7      6      8
      6      6      5      5      8
      7      5      9      6      6

      9      8      7      7      7
      8      5      7      6      6
      6      5      7      6      6
      6      7      6      7      7
      7      6      7      6      6

      8      4      6      6      8
      5      3      6      4      7
      8      7      7      4      7
      5      5      6      6      6
      6      5      6      6      6

      7      4      4      7      7
      6      5      6      6      7
      5      4      6      6      7
      6      5      4      4      6
      6      5      7      4      6

      7      6      5      7      4
      5      4      3      5      3
      6      5      6      5      3
      5      6      6      6      5
      4      5      6      6      5

      6      6      6      5      5
      7      3      7      4      5
      7      6      6      4      5
      6      7      4      5      6
      8      7      7      7      6

      5      3      3      3      4
      5      2      4      4      4
      5      4      5      4      4
      2      3      3      3      6
      3      2      3      4      4

      4      2      4      3      3
      2      2      2      5      3
      5      4      5      5      3
      3      2      4      3      4
      4      3      4      3      4

      4      3      1      2      2
      2      0      4      2      4
      3      3      3      2      4
      2      3      2      3      3
      3      1      4      2      1

      3      2      1      2      2
      2      1      1      1      2
      2      1      2      1      2
      1      2      1      1      5
      2      3      3      0      2

      3      2      1      1      2
      2      0      1      0      0
      1      1      2      0      0
      3      3      1      1      2
      2      3      1      1      1

      1      2      1      1      1
      3      0      0      0      0
      1      0      1      0      0
      2      1      0      0      3
      1      1      3      0      2

      0      0      0      0      0
      0     -1      0     -1      1
     -1      0      1     -1      1
      1      2     -3      0      1
     -1      1      1     -1      0

      0      1     -1      0      0
      0     -2      1      0     -1
      1     -2      2      0     -1
      0      0      0      0      0
      0      0      0      0     -1

      0      0      0      0      0
     -1     -2      0      2      0
      1      0      0      2      0
      0      0      0      1      1
      0      0      0      0      0

      0     -1      0      0      0
      1     -1      0      0     -2
      0     -2      3      0     -2
      0     -1      0      0      1
      0     -2      0      0     -2

      0      0      0      1      0
      0      0      0      0      0
      0      0      0      0      0
      0      0     -1      0      0
      1      0      1      0      0

      1      0      0      0      1
      0     -3      0      0     -1
      1      0      0      0     -1
      1      1      0      0      0
     -1      0      1      0     -1

      0      1      0      0      2
      0     -2      2      1      0
      0     -1      2      1      0
     -1      1     -4      0      2
      0     -1      0      0     -1

      0      0     -1      0      0
      0     -2      3      0      0
      2      0      2      0      0
      0      0      0      0      3
     -1      0      1      0     -2

     -2     -2      0      0      0
      0      0      0      1      0
      1      0      0      1      0
      0      1      0      0      0
      0     -1     -1     -1      1

      0      0      0      0      0
      0      0      0      1      0
      2      1      1      1      0
      0     -1      0      0      1
      0      0     -1      1      1

      0      0      0      0     -1
      0     -1      0     -1      0
      0      0      0     -1      0
      0      1      0      0      0
      0      0     -1      0      0

      0     -2      1      0      0
      0      0      0      0      0
      0      0     -1      0      0
      0      0      0      0      0
      0      0      0      0      2

     -1     -1      0      0     -1
      0      0     -1      0      1
      0      0      0      0      1
      0      0      0     -1      0
      0      1      0      0      1

      0     -2      1      0      0
     -1      0      0     -1      1
      2      0      0     -1      1
      0      0     -1      0      2
      0      2     -1      0      2

      0      0      1      0      0
      0      0      0      0      0
      0     -1     -1      0      0
      0      0      1      0      0
      0      0     -1      0      0

      0      0      0      1      0
      0      0      0      0      1
      0      0      0      0      1
      0      0      0     -2      1
      0      1      0      1      0

      0      1      1      1      0
      1      0      0      0      1
      0      0      0      0      1
      0      0      1      0      0
      0      1      0      0      2

      0     -1      1      1      0
      0      0      0      0      0
      1      0      0      0      0
      0      0      0      0      1
      1      0      0      1      2

      0      0      1      1      2
      1      0      2      1      0
      4      1      0      1      0
      1      1      2      2      0
      0      0      1      2      2

      2      3      2      3      3
      0      1      2      3      3
      2      0      0      3      3
      0      2      2      2      1
      2      1      0      2      2

      2      2      2      2      1
      2      0      3      0      4
      4      1      2      0      4
      2      1      3      2      4
      2      2      2      4      3

      2      1      1      2      2
      2      1      2      2      1
      1      1      1      2      1
      2      1      2      0      1
      2      1      1      2      3

      0      1      0      0      1
      0     -1      1      1      0
      2      1      0      1      0
      1      0      1      0      0
      0      0      0      0      1

      1      1      2      1      1
      1      0      2      1      2
      1      0      1      1      2
      0      0      0      0      0
      2      1      0      0      2

      3      3      5      3      1
      3      3      3      2      3
      3      3      3      2      3
      2      2      3      3      2
      3      2      1      2      2

      3      4      4      4      3
      3      3      3      4      4
      4      3      4      4      4
      2      3      3      5      3
      3      3      3      4      4

      1      1      3      3      3
      3      2      2      4      5
      3      2      4      4      5
      3      2      3      3      3
      4      3      1      3      4

      2      1      3      2      3
      2      1      2      2      3
      3      1      2      2      3
      2      1      1      1      3
      1      1      0      2      3

      1      1      0      2      3
      2      2      2      3      2
      3      2      3      3      2
      1      3      2      1      3
      2      3      1      3      3

      3      2      2      2      2
      3      1      3      3      3
      3      3      1      3      3
      4      3      2      2      3
      2      4      4      3      5

      3      4      4      4      3
      3      3      2      2      5
      5      3      2      2      5
      4      3      3      3      4
      4      5      3      4      3

      4      5      4      4      3
      3      3      2      3      3
      3      4      2      3      3
      3      3      5      4      4
      4      4      3      3      4

      2      2      3      4      4
      4      3      2      4      3
      5      4      3      4      3
      3      2      3      3      4
      3      4      2      4      4

      3      3      5      3      3
      4      3      3      2      4
      3      3      3      2      4
      3      3      2      2      3
      4      4      2      4      3

      3      4      3      4      3
      2      4      2      2      2
      4      3      3      2      2
      3      4      4      3      3
      3      4      3      5      4

      3      2      2      4      3
      3      2      3      2      4
      3      2      3      2      4
      2      3      3      4      4
      1      3      1      3      5

      2      3      3      3      3
      4      2      3      5      4
      4      3      4      5      4
      5      2      3      3      2
      5      2      2      4      2

      2      2      4      2      3
      3      3      2      3      5
      4      3      3      3      5
      2      2      2      3      3
      3      3      1      2      3

      1      2      3      3      3
      2      3      3      1      3
      2      2      2      1      3
      2      2      3      4      2
      3      3      3      4      5

      1      2      1      2      2
      2      2      1      3      3
      3      3      3      3      3
      3      3      1      2      2
      2      4      0      2      2

      2      3      3      2      2
      3      0      3      1      4
      3      2      2      1      4
      3      2      3      2      3
      2      3      2      3      3

      3      1      4      3      1
      3      2      1      1      2
      4      2      2      1      2
      2      3      2      2      2
      2      1      2      3      4

      3      1      2      3      2
      3      1      2      1      3
      4      1      1      1      3
      3      2      3      2      3
      2      3      1      2      4

      2      2      0      2      1
      4      2      0      1      3
      4      2      3      1      3
      3      3      2      1      2
      2      2      3      2      6

      2      2      3      3      2
      5      2      4      1      2
      3      2      3      1      2
      2      1      3      2      1
      2      2      1      2      5

      3      1      2      1      1
      3      0      1      3      2
      3      3      3      3      2
      3      3      3      3      2
      3      2      1      2      5

      3      1      2      2      1
      2      1      3      2      2
      3      2      1      2      2
      2      1      3      2      2
      3      3      2      2      2

      1      2      3      2      4
      4      2      1      1      3
      3      2      2      1      3
      1      2      1      2      1
      1      2      2      3      3

      2      0      4      3      2
      1      1      1      1      3
      4      2      0      1      3
      3      1      1      2      2
      3      3      1      3      4

      2      2      1      0      1
      3      0      0      2      2
      3      1      1      2      2
      0      2      1      1      2
      1      2      0      1      3

      0      1      2      3      2
      0      2      2      1      1
      2      1      3      1      1
      2      3      3      2      2
      3      1      2      2      1

      1      0      2      3      1
      0      0      1      3      4
      3      2      5      3      4
      1      2      1      3      2
      0      1      0      3      3

      1      2      0      2      1
      1      1      0      0      2
      5      1      2      0      2
      0      0      2      0      1
      0      2      1      2      3

      0      1      0      1      0
      2      0      2      0      0
      4      0      0      0      0
      0      1      1      1      0
      1      2      0      0      2

      2      1      1      1      1
      1      0      0      0      0
      2      3      2      0      0
      0      0      4      2      3
      1      1      0      0      3

      1      0      1      2      0
      1      1      1      1      2
      2      0      2      1      2
      3      0      0      1      2
      1      0      1      1      3

      1      3      3      0      0
      2      2      1      0      3
      1      2      0      0      3
      3      1      3      0      0
      1      0      2      0     -1

      0      1      0      1      2
      0      1      1      0      0
      0      1      3      0      0
      0      0      0      0      1
      2      2      0      0      1

      1      2      0      0      2
      2      0      0      0      0
      3      0      0      0      0
      1      4      1      0      0
      1      2      0      3      1

      1      0      2     -1      0
     -1      2      1      1      1
      3      1      0      1      1
      0      0      1      0      2
      0      1      0      2      1

     -1      0      2      2      1
      1      0      3      0      1
      3     -1      0      0      1
      1     -1      0      0      0
      1      0     -1      1      2

      1      0      1      0      0
      2      1      0     -1      0
      1      1      0     -1      0
      1      0      0      0      0
      1      0      1      2      0

      0      0      0     -2      2
      1      0      1      0      0
      0      3      1      0      0
      2     -1     -2      0      2
      2     -1     -1      2      2

      2      0      0      0      1
      2      0      0      0      0
      1     -1      2      0      0
      0     -1      1      0      0
     -2     -1      0      0      0

      0     -1      2      0      0
      2      0      1      2      0
      1      1      0      2      0
      3     -2      1      1     -1
      1     -1      2      0      2

      2      0      0      0      0
      0      0     -1      2      1
      0      1      2      2      1
      0      1      1      0      1
      0      0     -3     -1      0

     -1      0      1     -1      0
      0      0     -1      0      0
      4      1     -1      0      0
      1     -1     -3      1      0
      3      2      0      0      2

      0      1      2     -1      0
      1      0      0      1     -1
      0      0      2      1     -1
     -2      0      0     -2      0
      4      3     -3      0      0

      0      0      0     -1      2
      1     -2      0     -3      1
      1     -2      0     -3      1
      0      1      0      1      0
      0      1     -2      2      0

     -2      0      1      0      0
      1     -2     -1      0      1
     -1     -1     -2      0      1
      0     -1     -1      0      1
     -1      0     -2      0      3

     -2     -1     -3      2      0
      0      0     -2     -2      0
      0      0      2     -2      0
      0      0      0     -1      0
      0      0     -2      1     -3

      0     -1      1      0      1
      1      0     -3      0      1
      0      3      0      0      1
      1      2      0      0      0
      0      1     -1      2      0

