;
; ENVI ASCII Output of file: E:\Imaging\ROI_AVIRIS_TestSet\5_0_5.img [Wed Dec 06 10:50:09 2017]
; File Dimensions: 5 samples x 5 lines x 224 bands
; Line Format    : (5i7)
;
    507    520    523    516    539
    527    527    522    518    525
    534    523    531    515    505
    527    514    529    518    518
    505    525    534    516    525

    617    632    621    601    631
    632    613    617    601    621
    632    616    613    617    604
    642    605    623    589    617
    625    633    605    610    600

    667    662    663    655    654
    667    673    679    660    645
    677    671    659    660    669
    668    666    662    654    665
    651    661    668    659    634

    837    841    840    825    835
    834    838    836    825    851
    850    838    845    841    834
    833    845    841    832    828
    824    832    831    820    833

   1231   1238   1233   1232   1224
   1225   1222   1219   1232   1227
   1232   1216   1229   1235   1234
   1223   1224   1222   1219   1217
   1214   1236   1235   1217   1208

   1286   1274   1286   1293   1271
   1283   1281   1283   1285   1275
   1286   1285   1283   1281   1266
   1286   1277   1279   1279   1285
   1270   1271   1274   1272   1267

   1193   1203   1203   1200   1193
   1200   1213   1199   1208   1205
   1214   1198   1195   1209   1194
   1201   1201   1195   1196   1189
   1201   1198   1199   1191   1187

   1098   1108   1100   1105   1096
   1104   1106   1107   1095   1103
   1114   1101   1095   1104   1107
   1103   1103   1099   1089   1096
   1104   1091   1098   1092   1100

   1182   1177   1184   1193   1178
   1188   1187   1180   1176   1187
   1188   1178   1181   1186   1180
   1174   1184   1164   1170   1178
   1178   1190   1181   1168   1169

   1193   1190   1192   1186   1198
   1192   1197   1192   1183   1178
   1188   1188   1190   1196   1183
   1187   1188   1183   1184   1190
   1198   1187   1180   1179   1190

   1147   1147   1153   1154   1158
   1159   1146   1148   1142   1144
   1155   1151   1153   1149   1149
   1153   1145   1146   1151   1141
   1152   1150   1143   1146   1140

   1071   1074   1077   1066   1076
   1071   1077   1074   1068   1074
   1072   1081   1079   1069   1066
   1075   1073   1067   1070   1070
   1071   1071   1070   1067   1062

   1008   1006   1009   1012   1005
   1010   1011   1012   1006   1006
   1015   1004   1009   1003   1009
   1010    998   1010   1007   1003
   1004   1000   1003   1000   1001

    899    903    904    901    896
    900    901    901    891    902
    902    902    902    893    898
    909    897    903    898    897
    902    899    895    896    893

    806    803    816    813    806
    806    806    808    803    802
    812    806    805    804    804
    808    799    804    798    808
    810    805    810    800    799

    702    699    704    702    702
    703    701    695    699    707
    705    701    702    699    697
    700    697    697    698    701
    700    702    699    694    697

    615    615    616    611    608
    611    616    610    612    613
    609    611    614    614    605
    608    604    604    609    608
    614    606    611    605    600

    582    580    581    578    576
    577    580    577    579    579
    577    577    580    579    573
    574    573    575    574    574
    580    573    575    571    571

    548    544    544    544    543
    541    543    543    545    545
    544    541    544    543    541
    539    541    545    539    539
    544    539    537    535    542

    503    499    510    504    505
    506    506    510    496    505
    503    506    502    502    499
    502    500    496    498    496
    500    501    497    497    498

    456    458    460    459    455
    452    459    457    455    462
    461    451    459    461    461
    455    453    458    458    451
    455    458    454    457    451

    418    416    424    418    420
    419    418    419    410    417
    417    420    423    418    416
    416    413    411    417    418
    418    420    414    414    418

    385    389    386    387    388
    383    382    383    381    386
    388    387    385    383    386
    386    383    386    382    383
    388    387    385    381    385

    340    341    341    342    337
    339    342    340    340    343
    341    340    346    336    337
    338    340    342    336    341
    339    340    340    335    341

    314    312    316    315    316
    317    315    314    315    314
    318    317    313    318    315
    318    313    313    310    314
    316    312    312    308    313

    299    306    301    306    301
    302    302    301    300    305
    307    298    306    303    301
    298    299    298    302    301
    302    301    299    297    301

    280    282    283    281    280
    284    283    281    276    282
    287    282    278    278    279
    281    281    278    278    278
    281    278    279    276    280

    263    260    261    260    260
    258    261    259    257    260
    263    255    261    255    253
    257    254    257    259    258
    260    257    260    258    257

    249    249    248    247    247
    248    248    246    246    248
    251    243    250    247    249
    247    247    247    250    244
    249    249    246    246    248

    229    231    233    230    230
    228    230    229    226    229
    233    226    233    228    228
    228    225    228    230    228
    231    230    227    228    227

    217    219    222    218    218
    218    218    219    216    218
    220    216    216    217    218
    217    219    218    217    217
    217    218    215    213    216

    212    209    214    215    214
    216    213    212    213    214
    214    211    213    212    209
    211    214    208    210    213
    214    207    215    211    210

    213    208    212    215    213
    212    215    212    212    211
    214    211    215    207    204
    207    207    210    213    209
    212    208    216    209    212

    212    209    213    215    214
    216    212    211    212    214
    215    212    212    212    209
    211    214    208    211    212
    214    207    215    211    210

    195    194    198    203    197
    201    201    198    194    197
    203    196    198    196    196
    195    196    193    201    192
    199    193    204    198    194

    174    174    177    181    174
    174    174    173    173    176
    177    173    173    171    170
    174    173    172    176    170
    176    167    175    173    174

    152    150    154    159    153
    156    157    152    150    156
    160    155    150    152    151
    152    153    154    156    154
    157    151    158    153    154

    146    144    151    152    147
    150    147    145    146    149
    154    146    146    149    145
    148    148    142    152    146
    148    144    152    146    146

    134    132    136    138    133
    139    132    133    133    137
    141    136    133    131    132
    136    135    133    139    135
    139    131    139    135    134

    102    105    104    110    104
    110    104    107    106    108
    110    103    102    104    103
    110    106    104    109    105
    109    103    108    106    102

    110    108    111    116    111
    115    112    110    111    114
    118    113    108    109    108
    115    112    107    118    114
    116    110    115    109    112

    119    119    121    124    119
    122    121    120    121    123
    127    123    118    116    119
    124    124    119    125    118
    127    116    124    120    121

    119    120    122    126    121
    125    118    119    119    126
    130    123    117    118    118
    123    122    118    128    122
    124    120    128    119    123

     72     72     71     78     73
     77     72     71     74     75
     79     76     71     73     70
     76     74     70     74     74
     77     69     77     74     76

     92     93     93     99     95
     98     92     93     92     98
    102     97     91     91     94
     97     96     91    100     95
     99     90    100     95     94

     98     97     99    104    101
    102     99     98     95    102
    106    102     99     98     97
    103    100     96    105     97
    105     97    105     98     98

     90     89     92     95     91
     93     91     89     90     96
    100     95     88     90     88
     95     92     90     99     90
     96     88     95     88     92

     85     84     85     89     85
     88     81     80     82     87
     95     88     82     83     82
     89     88     80     91     86
     89     81     90     84     86

     76     77     77     83     78
     82     76     76     76     82
     88     79     74     76     77
     83     81     76     82     78
     83     77     82     79     79

     60     65     63     67     62
     66     63     60     60     64
     70     67     61     61     61
     67     65     60     66     63
     68     63     68     61     65

     62     62     62     67     64
     66     62     60     62     65
     71     66     61     62     63
     67     64     62     69     65
     68     62     69     62     65

     63     66     67     69     66
     67     63     63     65     71
     74     69     62     65     66
     70     69     62     72     67
     71     64     72     65     65

     70     70     69     75     69
     74     68     68     70     73
     81     73     68     69     68
     75     73     67     77     71
     75     67     75     71     71

     65     64     65     71     65
     67     64     63     63     66
     76     69     63     65     64
     71     68     65     70     66
     72     63     72     65     65

     62     62     63     71     66
     67     62     61     62     67
     74     68     61     64     62
     69     71     63     70     64
     68     62     70     64     64

     60     60     60     65     60
     61     57     61     60     65
     69     66     58     59     59
     65     64     58     67     61
     66     60     68     59     61

     56     58     58     62     58
     61     55     56     56     61
     66     62     56     56     60
     63     61     54     67     58
     63     57     64     57     59

     42     47     46     50     46
     49     43     46     45     48
     55     49     43     44     44
     49     50     44     50     48
     48     44     51     45     48

     38     40     39     44     39
     40     37     37     37     41
     48     42     36     39     40
     44     42     37     42     41
     41     39     42     40     41

     35     35     35     37     37
     39     34     32     32     36
     43     38     34     34     36
     41     37     34     41     35
     39     34     40     36     36

     31     32     32     34     33
     37     29     31     33     35
     37     35     31     31     33
     36     34     30     37     32
     35     31     35     33     34

     22     22     23     21     24
     24     22     21     19     23
     28     24     20     20     20
     24     20     19     22     23
     22     20     22     20     23

     13     15     15     16     15
     17     15     13     13     16
     19     18     14     15     15
     17     15     13     18     16
     16     14     16     16     15

     17     17     15     17     16
     18     14     15     15     17
     20     19     15     16     16
     20     18     16     18     18
     17     15     17     16     16

     24     26     26     30     27
     29     25     24     23     29
     32     30     24     25     27
     31     29     26     29     27
     29     26     31     27     27

     31     31     30     33     30
     32     28     28     28     31
     36     34     28     29     29
     33     33     29     33     29
     35     28     35     31     31

     35     36     34     39     33
     36     32     32     32     38
     42     39     32     34     36
     39     38     34     39     36
     39     34     39     34     37

     36     37     36     42     36
     38     34     34     34     40
     47     40     33     36     37
     43     37     35     43     36
     42     35     41     36     38

     34     36     35     39     36
     39     34     32     33     39
     44     39     32     34     34
     41     40     34     40     37
     42     36     42     33     36

     34     35     35     41     34
     38     33     34     33     37
     44     39     32     33     35
     41     38     33     40     35
     41     34     41     34     35

     34     36     34     38     33
     36     33     31     31     37
     44     40     31     34     34
     41     39     34     41     36
     40     34     39     33     37

     32     31     30     35     31
     33     29     29     30     33
     40     35     29     30     32
     37     35     30     36     33
     36     30     37     31     32

     30     33     31     37     31
     34     29     29     30     34
     41     36     28     31     31
     37     34     30     38     32
     36     31     35     30     32

     29     30     28     32     29
     32     28     27     27     31
     37     34     26     29     29
     34     33     28     36     29
     34     28     35     29     30

     28     29     28     32     29
     31     26     26     26     30
     38     32     26     29     27
     34     32     28     34     30
     34     27     34     27     30

     25     27     25     30     26
     28     24     22     24     29
     34     29     23     25     26
     30     27     24     32     25
     30     25     31     25     27

     23     25     24     28     24
     26     23     20     23     27
     32     28     22     23     24
     28     26     22     30     24
     28     23     28     23     25

     21     23     22     25     23
     25     21     18     21     26
     31     26     20     22     21
     27     24     20     27     23
     26     22     25     21     23

     16     17     17     19     17
     19     15     14     15     19
     24     19     15     17     17
     21     20     17     21     17
     21     17     20     18     17

     10     10     10     11     10
     13     10     10     11     12
     15     12      9     10      9
     12     11     10     13     11
     12     10     12     11     10

      3      4      5      5      4
      6      4      3      4      5
      6      4      4      5      5
      6      5      3      4      5
      5      5      4      4      6

      3      4      4      3      3
      4      5      3      3      4
      6      4      3      3      3
      5      4      2      3      4
      3      4      3      4      4

      5      4      5      5      5
      6      4      4      3      6
      6      6      5      5      5
      7      6      4      5      5
      6      4      5      5      4

      4      5      6      5      5
      6      4      5      4      5
      7      5      3      6      4
      6      5      4      5      5
      5      4      6      4      5

      7      7      7      8      7
      8      6      6      5      6
     10      9      6      7      6
      9      7      5     10      7
      8      6      8      7      7

     11     12     10     12     11
     13     10      9     10     12
     15     15     10     12     10
     15     14     10     14     11
     13     11     14     10     12

     13     12     13     15     13
     15     12     11     12     14
     19     16     11     13     13
     16     14     13     18     13
     17     12     16     13     15

     11     12     12     14     12
     13     11     10     10     13
     16     13     11     11     12
     15     13     11     15     13
     15     11     14     11     13

     12     13     12     14     13
     15     12     11     12     14
     17     16     11     13     13
     16     15     11     16     13
     15     12     15     12     14

     10     12     10     13     11
     13      9     10      9     12
     14     12     10     10     11
     14     12      9     14     11
     12     11     14     10     11

     12     14     13     13     12
     14     11     10     11     14
     18     15     10     12     12
     15     14     11     15     11
     15     12     14     12     13

     12     13     11     14     13
     14     12     11     12     14
     18     15     11     12     12
     16     15     12     16     13
     16     13     15     13     13

     14     15     13     15     15
     17     13     12     12     16
     20     17     12     13     13
     17     17     14     18     14
     18     13     16     12     13

     13     14     13     16     14
     16     12     12     12     15
     20     16     11     14     14
     17     17     12     17     14
     17     13     16     13     14

     13     13     12     15     13
     15     12     12     11     14
     19     15     12     12     13
     17     15     12     16     13
     16     12     15     13     14

     11     11     12     14     12
     14     10     10      9     12
     17     13      9     11     13
     14     14     11     15     13
     13     11     14     11     12

     13     13     12     15     13
     15     12     12     11     14
     19     15     12     12     13
     17     15     12     16     13
     16     12     15     13     14

     13     14     14     12     11
     13     13     13     13     12
     12     17     16     11     13
     15     10     13     15     11
      9     13     14     14     15

     18     12     17     14     11
     15     14     15     13     11
     11     15     15     15     11
     12     11     13     13     11
      9     11     14     13     12

     12     10      8     13     11
     11     13     17     14     11
     12     16     15     14      8
     11      9     12     15     12
     12     15     17     13     13

     15     11     10     13     12
     11     15     13     14     10
     14     11     13      9     14
     14      8     10     12     10
     11     15     16     16     15

     11      8     13     12     10
     11     10     14     11     11
     11     12     13     12     10
     14     11     10     14     10
      9     11      8     11     12

      9      8      7     10      8
      8     11      4      8      7
      8      8     12     11     10
      9      9      9     11      9
      7     10     11      9     11

    -18     -3     -9     -5     -6
    -22    -14     -6    -14    -28
     -2     -4      0    -14    -20
      2      7      5      9      1
     -5      2      2     -1     -6

      4      5      4      5      3
      6      6      3      7      4
      3      6      3      5      5
      6      4      5      6      4
      2      5      5      5      4

      4      2      3      5      1
      1      3      3      2      3
      3      3      3      5      5
      3      0      0      1      3
      3      3      4      1      2

      1      0      1      0      0
      1      0     -1      1      0
      1      1      1      3      0
      3     -2      2      0      1
      0      0      1      1      1

      0      0      0      1      0
     -1      0      1      0      0
      0      0      2      0      0
      0      0      0      0      0
     -1      3      1      0      0

      1      0      0      2     -1
      0      1     -1      0      0
      0      1      0      0      0
     -1      0     -1      0     -1
      0      0      1     -2      2

      3      0      0      1     -1
      1      0      0      0      0
     -1      0      0      1      1
      0     -1      0      1      0
      0      1      0      0      0

     -3     -2     -1      0     -4
     -3      1     -2     -3     -4
     -3      8      5      5      3
      4      1      1      0      0
      0      2      1     -5      6

      1      0      0      5      0
      0      2      1      0      1
      2      2     -1     -1      1
      1      5     -2     -1      0
      0      0      2     -2     -2

      4     -2      1      3      0
      0      0      0      2     -2
      0      1      0      0      1
      3      0     -1      0      1
     -1      0      2     -2      0

      0     -1      2      1      0
      1      1      0      0      2
      0      4      0      2      0
      1      3      1      2      0
      2      2      4     -1      2

      2      0      1      0      3
      1      1      1      1     -2
      0      4      0      1      2
      1      1      1      2      1
      1      2      2      1      0

      2      0      2      1      0
     -1      3      1      1      3
      3      1      0      4      2
      4      1      0      2      0
      0      3      5     -1      0

      3      2      3      0      3
      3      2      3      3      3
      2      6      2      4      4
      3      0      1      2      2
      2      2      4      3      4

      6      1      4      3      3
      2      6      2      4      2
      4      4      4      4      4
      4      5      3      4      1
      4      2      3      3      5

      3      0      4      3      3
      1      4      2      4      1
      2      4      2      2      1
      2      2      3      0      4
      2      3      5      3      3

      6      3      4      4      2
      4      2      2      5      1
      6      3      4      3      4
      3      3      4      4      1
      1      2      6      3      5

      7      5      6      7      5
      5      9      6      8      5
      8      6      5      6      8
      5      7      5      7      7
      6      5      9      6      6

     11      9      9     11     10
      8     11      9     10      7
     13     10     10      8      8
      9      8      8      9     10
      9     10     10      9     10

     10     11     13     14      9
     11     13     11     13     11
     13     10     11     11     13
     10     11     11     12     11
     10     12     11     10     12

     15     12     13     13     11
     12     13     12     14     12
     14     13     10     11     13
     12     11     11     11     10
     12     14     13     13     12

     13     11     13     13     11
     13     13     12     12     11
     15     11     13     12     12
     12     11     11     11     12
     11     12     12     12     12

     19     13     10     14     15
     13     15     15     13     10
     16     18     17     20     16
     13     11     14     12     14
     16     13     10     11     12

     15     12     13     15     15
     13     14     12     13     12
     14     15     11     13     12
     13     14     14     15     12
     14     13     15     15     14

     13     12     10     15     11
     13     14     10     14     12
     13     14     14     13     13
     12     12     12     12     12
     13     14     12     10     10

     12     12     10     13     11
      9     12     10     11     10
     11     12     10     10     10
     12     11     10     11     11
      9     12     11     10     10

     12     10     10     10     11
     10     12     11     12     10
     12     11     12     10     10
     11     11     12      9     11
     11     13     10     11     10

     13     10     11     13     11
     11     12     10     11     11
     13     14      9     11     10
     11     10     11     11     10
      9     13     11      9     11

      9     10     11     10     10
     12     13     12      9      9
     12     11     11      9     10
     14     10     11      9      8
      7     11     10     10     11

     11     10     10     10     10
      9     10      8     10      7
     11     12     12     11     10
     10     12      8     10      8
      9     11     10      7      9

     12     10     10     13     10
     12     11     12     11      9
      9     11     11      9     12
     11     10     10     11     10
     10     12     12      9     11

     12     10     11     11      9
     10     11      9     11      9
      9     10     10      9     11
     10     10     11     10      9
      9     10     10     11      8

      9     10     11     12      9
      9     11      8      8      8
     10     10     12      9     11
      9      9      9     11      9
      9     11     11      9      9

     11     10      9     10      8
     10     10      9      9      8
     10     10     11     11     10
      9     10      8     11     10
      8     10      8      9      9

      9      7     10      9     10
      7      9      9      9      8
     11     11     11      9      9
      9      9      9     10      9
      8      8     12      8      9

     12      8      8      8      8
      7      8      8     10      7
     10     10     11     11      7
     10      7      7      9      8
      6      9      9      6      9

     11      7      9     10      9
      8     10      9      8      7
     10     10      8     10      8
     10      9      6      8      8
      6      8     11     10      8

     11      7      8      9      8
      8     10      7      7      8
      8     10      9     10      9
      9      5      9      8      7
      6      9      9      7      7

     10      8      8      9      6
      8      9     10      8      5
      5     10      8      8      8
      7      7      8      6      7
      6      8      9      8      9

      7      7      8     10      6
      6      8      7      7      8
      7      9      8      7      7
      6      8      6      6      6
      7      6      9      7      8

      9      6      7      9      5
      5      8      7      8      7
      7      9      8      8      6
      9      7      4      6      6
      5      7      6      6      7

      5      7      7      7      6
      6      6      7      5      4
      7      7     10      7      7
      7      6      5      6      5
      5      7      8      5      7

      7      3      6      7      7
      5      6      6      6      5
      5      8      7      7      6
      6      4      4      6      4
      8      5      7      4      6

      7      4      6      6      5
      5      7      6      6      5
      6      6      4      6      5
      6      4      4      5      4
      4      6      6      5      4

      6      4      5      4      3
      3      7      5      3      4
      6      5      5      5      5
      6      2      5      6      2
      3      5      7      5      6

      4      4      3      4      2
      1      4      5      3      4
      4      4      2      3      4
      4      3      4      4      2
      3      4      6      4      2

      2      2      2      2      1
      2      4      3      3      1
      2      4      4      4      3
      3      2      1      4      3
      3      3      3      3      3

      2      3      2      2      1
      3      0      2      3      2
      0      2      1      1      3
      4      2      0      1      2
      1      3      2      2      2

      0      0      0      1      0
      0      0      1      0      0
      3      1      0      0      2
      0      1      2      0      0
      1      1      1     -1      1

      1     -2      0      0     -2
      0     -1      0      0     -2
      0      0     -1      0      0
      0      1      0      0      0
     -1      0      1     -1      0

      1      0      0     -1     -1
     -2      2      1     -1     -2
      0      2      0      0      0
      0      0     -1      0      0
     -1      2      1      0      0

      1      0     -1      0      0
     -1      1     -1      0      0
      0      2     -1      0      1
      1      1      0      1      1
      0      1      1      0      2

      1      0      0      0      0
      0      0     -1      0      0
      1      0     -1      0      0
      1      1     -1      1      0
     -2      0     -1     -1     -3

      0      0      1      1      0
      0      2      0      0      0
     -2      2      0      1     -1
      2      0      1      0      0
      1      2      0      0      1

      1      0      0      0      2
      0      0      1     -1     -1
     -2      1      0     -1      0
      0      0      0      1      0
     -2      0      0      0      1

      0     -2      0      1      0
      0      0      1      0     -1
      0      3      1      2      0
      2      0     -1      0      2
      0      1      0      0      0

      0      0      1      0      2
      0      1      1      2      0
      1      1      0      0      1
      0      0      0     -1      0
      0      0      0     -1      0

      0      0      0      1      1
      1     -1      0      0      3
      0      0     -1     -1      1
      0      0      0     -2      1
      0      0      0      1      0

      0      0      0      1      1
      0     -1     -1      0     -1
      0      0      0      0      0
      0      0      0      0      0
      0      0      0      0      0

     -2      0      0      0      1
      1     -1      0      0      0
      1      0      0     -1      1
      0      0      0      1      0
      2      0     -2      0      0

      2      0      0      0      0
      0      0      0      1      0
      0      0      0      0     -1
      0      0      0      0      0
     -1      0     -1      0      0

     -1      0      0      0      1
      0      0      0      0      1
      1      0      0      0      0
      0      0      0      0      0
      1      1     -1      0      0

      0      0      0      1      1
      2      0      0      1      1
      0      0      0      0      0
     -1      0      0      1      0
      1      0      0      0      0

      0      1      0      1      0
      0      0      0      0      0
      1      0      0      0      0
      0      0      0      0      1
      0      0     -1      0      0

      0      0      0      1      0
      0      0      0      0      0
      0      0      0      0      0
      0     -1      0      0      0
      0      0     -1      0      0

     -1      0      0      1      0
      1      0      0      0      0
      1     -1      1     -1      0
      0      0      0      0      0
      0      0      0      0      0

      0      0      0      0      2
      0      0      0      0      0
      0      0      0      0      0
      1     -1      0      0      0
      1      2      0      0      1

      1      1      1      1      2
      2      1      1      0      2
      3      0      2      3      2
      0      0      2      2      1
      2      1      0      0      2

      1      4      3      1      3
      3      1      2      1      4
      3      1      2      2      2
      2      3      3      3      1
      4      2      0      3      4

      3      3      3      3      4
      2      1      2      4      3
      3      4      2      3      3
      3      4      4      3      6
      4      2      2      4      4

      2      3      3      3      2
      4      2      2      3      2
      3      1      2      2      2
      1      1      4      2      2
      0      1      0      1      1

      0      0      1      0      1
      1      0      1      0      0
      1      0      0      2      0
      0      0      2      0      1
      1      0      0      0      1

      0      1      1      3      3
      0      0      1      2      1
      2      2      1      1      2
      2      0      3      1      2
      0      1      1      0      1

      2      3      2      4      4
      5      3      2      4      3
      5      2      3      4      2
      4      2      4      3      4
      3      3      3      2      3

      3      4      6      4      5
      4      6      4      5      5
      5      4      5      4      4
      4      3      6      5      5
      6      4      3      4      5

      5      4      4      3      4
      4      5      4      4      5
      4      4      3      4      3
      3      3      4      3      4
      4      5      2      3      2

      3      3      3      2      4
      3      3      3      3      3
      3      2      3      3      3
      3      1      3      3      4
      4      2      4      1      3

      3      2      3      1      4
      3      3      2      3      4
      3      3      2      2      2
      2      1      4      3      4
      3      3      2      2      4

      4      2      3      3      4
      4      5      3      4      4
      3      4      3      4      4
      4      4      3      4      4
      4      4      3      3      4

      5      5      3      3      5
      6      5      4      5      5
      6      3      3      4      5
      4      3      5      4      4
      6      4      2      4      4

      3      4      6      5      5
      5      5      5      4      5
      5      4      5      5      4
      5      5      5      5      4
      6      3      3      4      3

      5      3      5      4      6
      6      4      5      5      3
      5      4      3      4      5
      5      4      5      3      5
      6      5      4      4      4

      4      4      4      5      6
      3      5      4      5      5
      6      4      3      5      4
      4      3      5      5      5
      6      3      3      7      5

      5      5      4      6      6
      4      5      4      5      3
      3      4      5      5      5
      4      3      5      4      5
      5      5      5      5      5

      3      4      6      5      6
      6      4      4      5      5
      4      3      5      4      4
      4      5      5      4      5
      7      4      3      4      5

      4      5      5      4      4
      3      5      5      4      5
      5      3      2      5      4
      3      3      4      4      5
      5      3      2      5      4

      4      5      5      3      5
      5      3      3      4      5
      4      4      4      4      4
      4      5      5      3      5
      4      4      2      2      4

      5      4      5      4      5
      4      4      3      3      4
      4      3      3      4      3
      4      4      5      3      4
      5      4      3      4      4

      5      4      5      4      3
      5      4      3      4      6
      3      4      3      4      3
      4      3      5      5      5
      3      3      0      4      3

      3      4      4      3      4
      4      2      2      3      2
      5      4      3      1      3
      5      4      4      5      2
      4      4      3      2      3

      4      2      4      4      5
      3      3      4      2      4
      6      4      3      3      2
      3      2      2      4      3
      6      4      3      3      3

      2      4      4      4      5
      5      4      1      3      2
      5      4      4      4      1
      3      4      4      4      4
      5      3      3      2      3

      5      2      3      4      5
      5      2      3      4      5
      5      3      2      5      3
      4      4      4      3      3
      4      4      4      2      5

      4      4      3      3      5
      2      3      4      3      3
      6      2      4      3      4
      3      4      5      5      3
      6      4      2      4      2

      2      3      5      3      5
      4      4      1      4      2
      5      3      3      4      3
      2      2      5      3      4
      4      4      4      2      2

      4      4      4      5      4
      3      4      3      5      3
      3      2      1      4      2
      4      4      2      4      4
      4      5      3      2      3

      2      5      4      4      3
      3      5      2      3      2
      4      3      2      2      4
      2      3      3      4      2
      3      2      1      2      2

      2      4      4      4      4
      4      2      2      4      3
      4      5      2      3      3
      2      2      4      4      3
      3      2      1      2      3

      3      1      4      4      4
      4      4      2      3      4
      3      1      2      3      1
      3      3      3      3      4
      4      3      2      1      3

      1      3      4      3      5
      5      4      4      3      3
      3      3      4      3      2
      2      3      3      3      3
      3      3      3      2      3

      2      0      4      3      3
      0      3      2      1      2
      2      1      2      3      1
      2      0      2      1      2
      3      2      2      2      3

      4      5      3      4      4
      2      4      3      2      2
      3      2      0      2      3
      2      3      1      2      2
      4      2      1      0      2

      2      2      4      1      1
      3      1      3      2      3
      3      1      2      2      0
      1      3      4      4      3
      2      2      2      0      2

      4      1      0      1      3
      2      0      3      2      2
      3      3      0      2      3
      0      2      4      2      1
      1      1      0      2      4

      2      1      1      3      1
      4      1      4      0      1
      2      1      1      0      1
      2      3      1      2      1
      4      2      3      1      3

     -1      1      3      2      0
      3      0      1      0      3
      2      4      1      1      0
      0      2      2      4      3
      1      2      2      2      1

      1      2      1      1      2
      2      0      3      1      1
      2      1      0      1      1
      0      0      3      3      0
      2      3      0      2      2

      1      1      2      1      0
      2      0      0      0      2
      2      2      0      1      0
      2      1      2      2      3
      0      1      0      0      3

      0      0      0      1      2
      0      0      3      2      0
      2      0      0      0      1
      2      0      0      1      2
      1      3      0      0      1

      2      1      1      1      4
      3      1      2      0      2
      4      1      0      1      0
      0      1      2      0      0
      2      0      1      0      0

      1      1      0      2      2
      2      0      1      1      1
      0      3     -1      2      0
      2      0      1      0      0
      1      0     -1     -1      5

      0     -1      2      1      1
      3      0      2      0      0
      2      2     -1      1      2
      0      2      2      0      0
      2      3      0      0      2

      0      0     -1      1      3
      0     -1      0      1      1
      3      0      1      1      0
      0      0      1      2      0
      1      2      0      0      1

     -1      0      3      0      0
      0      0      2      0      2
      1      0      0      1      1
     -1     -1      0      3     -1
      4     -1      0      0      2

      0      0      0      3      2
      1     -1      1      0     -1
      3      0      2      0      0
      5      1      0      0      1
     -2      0      4      0      0

      1      0      0      0      0
      3      0      1      3      0
      2      1      1      0      0
      2      0      2     -1      0
      0      1      0      0      0

      0      1      0      0      1
      0      1      1      3      3
      0     -2     -1      0      2
     -2      0      3      2      0
      3     -2      1      0      0

      0      0      0      0      0
      1     -1      0     -2      0
      3      0     -1      0      0
     -2      2      0      0     -2
      0     -1      0      0      0

      1      0      1      0      2
      0      0      0      0      0
      0     -1      0      0     -1
      0      0      0      0     -1
     -3     -2     -1      0      0

     -1     -2      2     -3     -1
      0     -3      1      4      1
      0      0      0      1     -1
      1      0      0      1     -2
      3      0      0      2     -1

     -1     -2     -2      1      0
     -2     -2      1      0     -2
      1     -1      0     -2      0
      1     -1      1      0     -1
      1     -1     -2      0      0

