;
; ENVI ASCII Output of file: E:\Imaging\ROI_AVIRIS\5_0_12.img [Fri Nov 17 11:53:49 2017]
; File Dimensions: 5 samples x 5 lines x 224 bands
; Line Format    : (5i7)
;
    546    550    529    529    548
    557    523    513    513    527
    543    521    528    522    522
    524    543    530    517    520
    532    544    538    544    519

    635    640    629    634    628
    644    620    644    644    621
    634    613    629    635    629
    641    629    637    642    624
    621    630    623    635    640

    665    683    671    664    687
    690    668    674    674    666
    681    663    660    685    689
    678    672    685    681    683
    667    673    692    683    683

    853    858    833    841    850
    834    866    845    845    839
    860    852    853    860    846
    848    843    840    843    850
    864    853    838    853    847

   1249   1241   1236   1246   1232
   1256   1247   1229   1229   1226
   1260   1244   1241   1251   1241
   1249   1243   1229   1240   1234
   1231   1240   1241   1238   1242

   1303   1298   1296   1291   1294
   1303   1305   1295   1295   1286
   1303   1303   1303   1294   1299
   1302   1296   1298   1288   1298
   1288   1302   1298   1307   1292

   1215   1222   1206   1218   1211
   1217   1228   1205   1205   1216
   1225   1232   1225   1203   1212
   1225   1221   1217   1202   1218
   1209   1215   1221   1209   1204

   1125   1116   1116   1112   1110
   1106   1118   1107   1107   1117
   1126   1121   1116   1118   1115
   1117   1114   1118   1113   1119
   1107   1119   1115   1111   1112

   1206   1197   1189   1184   1190
   1208   1202   1198   1198   1192
   1201   1207   1202   1197   1195
   1201   1200   1199   1199   1196
   1195   1196   1201   1194   1190

   1216   1212   1192   1193   1206
   1220   1221   1205   1205   1204
   1210   1214   1210   1205   1206
   1209   1200   1206   1208   1202
   1203   1210   1208   1214   1205

   1179   1167   1162   1162   1162
   1179   1182   1170   1170   1158
   1171   1175   1176   1165   1164
   1169   1168   1167   1167   1155
   1159   1169   1172   1166   1162

   1096   1086   1093   1076   1080
   1104   1097   1084   1084   1078
   1100   1098   1093   1092   1085
   1094   1091   1087   1084   1083
   1081   1100   1086   1086   1080

   1030   1024   1018   1009   1014
   1028   1032   1015   1015   1010
   1024   1024   1018   1021   1014
   1018   1026   1024   1019   1015
   1018   1020   1019   1020   1018

    915    913    911    908    905
    925    928    909    909    910
    922    919    913    914    909
    916    913    905    906    906
    910    910    910    903    907

    832    826    817    817    810
    832    837    827    827    813
    830    820    822    816    819
    821    819    823    820    814
    818    824    818    817    817

    720    725    713    713    712
    724    730    720    720    717
    726    723    718    718    711
    719    710    720    713    711
    713    715    714    716    710

    633    633    627    629    622
    636    635    632    632    618
    635    632    633    626    625
    629    628    625    624    623
    621    632    630    629    621

    599    598    592    593    589
    600    600    596    596    589
    600    599    596    592    590
    594    594    591    591    591
    589    597    594    592    589

    563    562    556    557    554
    563    563    560    560    559
    564    565    559    557    554
    559    559    556    556    558
    557    562    556    555    556

    523    521    521    518    518
    528    522    519    519    512
    523    519    521    516    516
    519    519    513    516    516
    511    520    510    517    513

    474    475    471    470    464
    483    477    472    472    470
    475    475    474    471    471
    472    469    470    467    469
    459    472    474    470    465

    431    433    431    425    427
    441    439    430    430    421
    435    435    429    434    426
    433    429    431    430    430
    427    426    428    427    428

    400    399    397    397    393
    405    396    397    397    398
    404    401    401    397    396
    396    398    395    395    397
    391    399    398    397    395

    355    353    346    348    345
    356    353    349    349    347
    356    352    349    352    345
    350    351    353    348    350
    347    346    346    349    345

    327    330    318    323    320
    328    327    324    324    322
    327    330    324    324    326
    327    320    323    324    322
    324    325    320    325    322

    314    312    314    307    311
    315    313    310    310    309
    313    314    317    313    314
    310    309    318    310    313
    307    312    313    307    310

    292    291    288    287    291
    297    292    291    291    287
    290    293    293    288    292
    286    286    288    286    287
    286    289    289    289    284

    268    269    265    264    268
    267    267    268    268    264
    265    271    265    267    265
    268    266    265    263    265
    265    267    267    262    261

    252    256    255    254    255
    256    256    251    251    251
    258    258    253    255    254
    250    257    256    252    255
    251    254    252    253    256

    236    235    233    234    232
    234    236    235    235    234
    237    234    233    238    236
    231    233    234    233    236
    233    233    233    234    232

    224    225    222    223    222
    223    221    221    221    222
    223    226    222    223    222
    220    222    220    222    222
    218    221    220    220    224

    219    218    218    212    217
    221    220    215    215    213
    215    216    216    219    216
    215    217    215    216    216
    213    215    214    219    212

    221    215    222    212    218
    222    222    211    211    212
    218    220    216    215    214
    218    218    216    213    212
    212    213    215    224    211

    221    218    218    213    217
    222    220    215    215    213
    216    217    216    220    216
    214    217    214    216    217
    213    214    215    220    213

    205    203    204    196    199
    208    204    193    193    198
    202    199    201    203    201
    196    203    197    196    199
    199    196    199    209    201

    180    179    178    175    179
    183    179    176    176    176
    180    178    178    182    176
    174    177    177    176    179
    178    176    179    184    174

    163    158    160    154    155
    162    158    153    153    152
    156    159    155    157    154
    153    155    156    154    157
    155    153    156    165    155

    155    151    152    150    149
    156    150    144    144    148
    151    152    151    153    148
    145    148    146    147    149
    147    146    148    153    152

    142    137    139    134    139
    144    137    132    132    136
    138    140    137    140    135
    132    137    131    132    138
    136    135    137    142    138

    112    107    107    105    107
    111    109    100    100    103
    108    107    107    106    104
    102    103    103    105    107
    105    104    104    113    110

    120    115    112    112    113
    117    113    108    108    112
    115    114    112    116    111
    109    112    109    112    113
    111    111    115    118    116

    131    124    123    124    123
    130    123    117    117    121
    123    127    123    127    117
    118    121    117    120    126
    121    119    122    127    128

    133    126    125    122    122
    133    123    117    117    122
    125    126    120    128    121
    117    119    119    123    126
    122    122    122    130    128

     82     75     75     74     73
     77     74     70     70     71
     75     75     74     76     72
     67     70     70     72     75
     73     70     74     80     75

    102     99     97     96     98
    100     94     92     92     95
     96     98     96    101     94
     90     94     91     95     99
     95     94     96     99     98

    111    105    101     99    101
    107    100     95     95     99
    102    104    100    105     97
     95     96     97     97    104
     99     97     99    107    105

     99     97     94     94     95
    101     92     88     88     92
     96     96     93     98     92
     86     90     86     91     95
     92     90     92     98     97

     93     89     89     86     87
     91     85     80     80     84
     90     91     84     90     84
     80     81     80     85     88
     83     81     87     90     91

     88     84     78     80     82
     86     79     74     74     79
     81     83     78     84     76
     72     75     73     77     82
     79     74     79     83     85

     71     65     64     63     64
     68     63     60     60     61
     67     69     63     68     62
     59     59     59     64     66
     62     60     63     67     69

     72     66     66     66     65
     71     62     59     59     63
     65     68     64     69     61
     59     59     60     62     67
     63     60     64     69     69

     74     68     69     68     67
     71     67     60     60     65
     70     70     66     72     63
     62     64     61     65     70
     65     63     67     70     74

     81     74     70     74     71
     76     68     63     63     71
     72     77     69     77     69
     66     67     66     70     75
     71     68     71     74     78

     76     72     67     69     68
     74     64     59     59     66
     69     72     64     70     64
     61     61     60     67     70
     66     65     66     72     73

     73     69     65     68     67
     69     63     58     58     62
     68     70     64     68     61
     60     62     61     63     68
     63     61     66     69     71

     67     64     64     63     64
     68     60     55     55     63
     63     66     62     66     60
     55     57     56     60     64
     60     58     60     64     69

     67     63     60     58     59
     63     55     52     52     58
     62     62     59     65     55
     53     54     53     59     63
     58     52     58     63     67

     52     50     47     47     48
     50     44     41     41     46
     46     49     46     50     45
     42     41     41     45     46
     46     44     46     48     51

     43     42     41     40     43
     42     37     36     36     37
     42     44     40     44     39
     34     36     36     38     41
     41     37     42     43     45

     42     38     37     38     37
     40     34     34     34     37
     36     39     38     40     35
     32     32     32     35     38
     36     33     37     38     40

     41     36     36     33     35
     36     32     27     27     33
     33     35     33     36     30
     30     29     30     32     34
     33     29     33     34     35

     25     24     23     24     25
     20     20     20     20     22
     21     23     26     22     20
     18     18     18     22     21
     23     23     21     23     22

     17     15     15     17     17
     18     14     14     14     15
     16     16     16     16     16
     14     13     14     16     14
     17     14     16     16     17

     20     18     16     18     20
     17     15     14     14     17
     16     17     17     18     16
     13     16     15     16     18
     17     15     17     19     16

     32     29     26     27     29
     29     24     23     23     26
     27     29     26     29     27
     24     25     24     27     28
     27     23     28     28     31

     39     34     30     31     32
     35     28     27     27     30
     31     32     29     35     29
     26     27     25     29     32
     30     27     30     33     34

     42     37     35     37     37
     40     33     30     30     35
     36     39     34     40     33
     30     31     31     33     39
     35     32     33     36     41

     44     42     37     37     39
     42     34     32     32     37
     36     41     38     42     36
     30     32     33     36     39
     36     33     37     40     43

     44     38     36     38     37
     39     34     30     30     36
     37     40     35     41     34
     30     31     31     34     37
     36     32     36     39     42

     43     40     35     37     37
     42     34     29     29     34
     37     39     35     40     34
     30     31     30     37     39
     35     32     35     38     42

     43     37     35     37     36
     39     33     29     29     34
     35     40     34     40     33
     29     29     29     34     37
     35     32     35     38     42

     39     34     31     34     33
     37     30     27     27     31
     34     36     31     35     31
     27     27     26     30     34
     32     29     32     35     39

     38     34     32     33     32
     37     29     26     26     31
     33     35     30     35     30
     26     28     26     30     34
     30     29     32     35     38

     36     32     30     32     32
     34     28     25     25     29
     32     33     27     34     29
     25     25     25     29     31
     29     27     29     32     39

     36     31     29     31     30
     33     27     24     24     28
     32     32     27     35     28
     24     25     23     27     32
     29     26     30     32     33

     32     28     26     28     27
     30     23     21     21     25
     28     28     25     31     25
     22     23     23     24     29
     25     22     26     29     31

     30     27     24     25     26
     28     21     19     19     24
     26     26     24     29     23
     20     21     21     22     26
     23     21     24     26     29

     27     25     22     22     24
     27     19     18     18     22
     24     25     22     26     22
     19     19     19     20     23
     22     20     21     23     27

     22     19     17     19     18
     20     16     14     14     17
     18     20     16     20     15
     14     14     15     17     17
     17     15     17     19     22

     12     13     10     11     11
     11      9      8      8     11
     11     11     11     11     10
      8     10      9     10     10
     11      9     12     11     13

      6      5      5      5      5
      4      4      4      4      3
      5      5      5      5      5
      4      3      4      4      4
      5      4      4      5      5

      3      4      4      4      4
      3      2      3      3      4
      4      3      4      4      3
      1      3      3      2      4
      5      3      4      4      4

      6      5      5      6      6
      6      5      4      4      5
      5      6      6      5      5
      4      4      4      5      4
      5      4      6      5      6

      7      6      5      5      5
      6      3      4      4      4
      5      5      4      5      5
      3      4      4      5      4
      5      5      6      5      6

      9      9      6      8      9
      7      6      5      5      6
      6      7      7      8      6
      6      6      7      7      7
      7      6      7      6      9

     15     13     11     13     12
     13     10      9      9     10
     13     13     11     14      9
      8      9      8     11     12
     11     10     12     13     14

     18     16     13     14     15
     16     11     11     11     14
     15     14     13     17     12
     10     10     10     14     15
     14     12     13     15     16

     16     13     12     13     13
     14     11      9      9     13
     13     14     12     15     12
      9      9     10     12     12
     12     11     12     11     13

     16     14     13     14     15
     15     10      9      9     12
     14     15     13     14     12
     10     10      9     12     14
     13     11     12     14     15

     13     13     10     12     12
     11      9      8      8     11
     11     12     12     13     10
      9      7      8     10     12
     10      9     11     12     13

     15     14     12     13     13
     14     10      8      8     12
     13     15     12     15     11
      9      9      9     12     14
     13     11     12     14     13

     18     14     12     14     13
     15     10      9      9     13
     14     15     12     15     11
     10      9     10     12     13
     12     11     11     14     15

     20     15     14     16     14
     15     13     10     10     15
     14     17     13     16     13
     11     10     10     13     15
     13     12     14     15     18

     19     15     14     16     15
     17     11     10     10     14
     14     16     13     15     13
     10     11     10     12     16
     14     11     14     16     17

     17     15     14     14     13
     14     10      9      9     13
     14     13     13     15     10
      9     10     10     13     11
     14     10     13     14     16

     16     13     11     14     12
     13     10      8      8     12
     12     14     10     14     10
      8      9     10     11     12
     12      9     11     14     12

     18     15     14     14     13
     14     10      9      9     13
     14     13     13     15     10
      9     10     10     13     11
     14     10     13     14     16

      9     14      7     11     12
     10     13     19     19     18
     13     18     13     12      9
      8     10     13     11     17
      7     10     14     11     10

     17     11     10     14     11
      8     11      8      8     14
      9     12      9     13      8
     14      9     16     12     13
      9     11     14      9     14

     14     13     13     12     14
      9     12     13     13     13
     12     14     10     11     14
      7     10     14      9     14
     14     11     12     13     12

     16     13     11     13     15
      9     12     11     11     14
      9     15     10      9     11
      8     10     12     14     15
     14     10     12     13     10

     13     10     10      6     12
      7      6     11     11      9
     13     13      7     13      9
     10      7     12      8     11
     10     10     12     10     10

     11     10      6      6      9
      6      7      8      8      6
      7      7      9      6      7
      5      9     10     10     11
      8      8     10      5      8

    -23    -18     -3    -15     -4
     -3    -15     -7     -7    -15
      1     11     15     11      0
    -13    -23    -18    -10    -21
      6      4     11     12      9

      5      4      3      5      5
      1      2      4      4      5
      2      3      4      4      3
      2      3      7      4      6
      6      3      4      6      3

      3      5      3      3      1
      1      0      4      4      1
      2      3      1      2      3
      1      3      2      0      4
      3      2      5      3      3

      1     -1      0      0      0
      0      0      1      1      0
      1      2     -1      0      0
      0      0      3      1      2
      2      0      4      0     -1

      0      0      0     -1      0
     -1      0      1      1      0
      1      0     -1      0      1
      0      0     -1     -1      0
      0     -1      0      0      0

      1      0      0      0      1
     -1      0      0      0      0
      0      0      0      0     -1
      2      0     -1      0      2
      0      0      1      0      0

      0      0      1      2      0
     -1      0      0      0      0
     -1      0      0      1      0
      0      1      0      0      1
      0      0      1      0      0

      1     -2      0      0     -1
      0     -3     -3     -3      0
      0      1      1      1      5
      8      4      6      6      6
     -6      0     -2      1     -7

      0      0     -2      2      0
     -2     -1      3      3      3
      0     -1      0      0      0
      1      1      1      0      3
      0     -1      4     -2      0

      0      0     -2      0     -1
      0      0      3      3      0
      3      2      0      0      1
     -3      0     -1      1      3
      2     -2      0      0      2

      0      0      3     -2      0
      1      0      2      2      2
      0      0      0     -1      1
      0      0      2      0      0
      1      0      2      2      1

      3      0      1      1     -1
      0      0      3      3     -1
      1      0      0      1      1
      0      1      0      1      3
      4      0      3      1      2

      1      1      0      0      0
      1      0      1      1      3
      0      0      0      1      1
      0      0      5      1      3
      3     -1      2      2      0

      3      1      4      1      3
      3      0      3      3      3
      0      1      0      4      3
      4      2      2      0      4
      3      3      6      1      2

      3      0      1      4      7
      2      2      7      7      4
      1      3      4      3      2
      1      0      6      1      5
      3      1      5      2      3

      3      2      4      3      3
      0      1      3      3      2
      1      4      0      3      1
      0      0      3      1      5
      6      0      3      3      1

      6      2      3      3      2
      4      0      4      4      3
      3      4      3      3      3
      1      1      3      3      6
      3      3      6      1      1

      5      5      6      7      5
      7      3      5      5      6
      4      4      3      8      8
      4      5      7      4      8
      7      4      6      7      7

     11     10      8      6     10
      8      5      9      9      8
      7      7      8      6      7
      5      7     10      6      8
     10      7      7     10      7

      9      9     10      9     11
      8      8      9      9      9
      9      7      9      6      9
      9      7     11      9      9
     11      9     10      7      8

     10      9     11      8     12
      9      9     10     10      9
      8      8      8      9     10
      9      9      9     11     10
     12      9     10     12     10

     13     10     11      8     11
      9     10     10     10     10
     11     10      8      9      9
     10      9      8     11     13
     11      9     10     10     12

     13     11     11     12     14
      8     10     11     11     13
     14     14     13     11     16
      9      9     13     11     11
     13     11     11      9     13

     10     11     11     12     11
     10     10     10     10     10
     12     12      9     11     11
     12     11     12     11     14
     12     10     12     12     12

     10     12     10      9     12
      8      9     11     11     10
     10     13      8     10      9
     11     10     10      9     11
     13      8     11     10     10

     11     10      8      9      8
      7      8      9      9      8
      8     10     10     10      9
      9      8     10      8      9
     10      8     10     10     10

      9     10      8      8      9
      8      7     11     11     10
      9     10      9      9      9
      9      8     10      7      9
      9     10      9      9     10

     10      9      9      8      7
      8      9     12     12     10
      8     10      8      9      9
      7      7     10      8      9
      8      9     13      8      7

      8      9      7      9      9
      8      6      8      8      9
      9     10      8      9      8
      9      7      6      7      9
      7      8      9      8      9

     10      6      8      8     10
      6      8      9      9      9
      8      8      8      7     10
      8      5      9      8      8
     11      6     10      9      8

      9     10     10      9      8
     10      8     11     11      9
      8      9     10      7     10
      7      9      9      9     11
      9      7      8      8      7

     10      7      7      9      9
      5      9      8      8     11
      9      9      8      8      7
      8      7     11      8      8
      9      8      9     11      7

      9      7      7      6      7
      6     10      8      8      8
      8      9      7      9      9
      7      7      9      9      7
      8      8      9      8      7

      7      9      9      7      7
      7      8      8      8     10
      9      7      9      6      9
      7      7      9      8      9
      8      7      9      7      8

      8      8      8      6      8
      8      9      7      7      9
      9      9      7      8      7
      8      8      7      8      9
      9      6      9      8      8

      8      8      5      6      7
      5      8      7      7      7
      5      7      6      8      8
      8      7     10      9      8
      8      7      7      7      8

      8      7      6      6      7
      6      6      6      6     10
      8      7      7      6      7
      9      6      7      7      7
      6      7      9      8      9

      7      6      6      7      6
      5      4      8      8      7
      7      8      5      7      6
      6      6      6      8      6
      8      6      8      6      7

      7      8      5      7      7
      4      8      6      6      6
      6      6      5      6      7
      6      7      7      7      7
      6      4      7      7      8

      9      7      4      5      7
      4      6      6      6      8
      6      6      5      5      6
      5      5      6      5      4
      7      6      7      5      5

      8      6      6      6      7
      5      4      6      6      6
      5      7      7      7      4
      7      4      5      7      6
      6      4      7      6      5

      7      5      6      5      6
      5      4      5      5      5
      5      6      4      5      4
      4      4      5      5      6
      6      5      5      4      5

      8      6      7      7      5
      6      7      6      6      7
      5      5      4      5      4
      5      2      5      5      4
      4      3      5      3      6

      4      3      6      4      7
      5      3      5      5      5
      5      4      3      2      2
      6      5      4      5      5
      5      3      5      1      2

      3      3      4      3      3
      5      5      3      3      5
      4      3      3      3      4
      3      3      5      3      4
      4      4      6      3      5

      3      3      4      3      4
      2      3      3      3      4
      4      2      3      2      4
      2      3      4      3      4
      4      2      4      1      2

      2      0      3      1      3
      1      0      3      3      3
      3      1      1      1      2
      2      2      4      1      4
      3      2      2      2      3

      1      2      2      2      2
      0      0      4      4      1
      1      1     -1      2      0
      1      1      1      3      2
      0      0      0      0      2

      1      0      1      0      0
      1      0      3      3      1
      0     -1      0      0      2
      0      1      2      1      1
      2     -1      3      0      2

      1      0      0      0      0
      0      0      2      2      0
      0      0      0      0      0
      0      1      0      1      0
      0      0      0      0      1

      2      1      0     -1      0
      0      0      3      3      2
      1      0      0      0      1
      0      0      0      0      0
      1     -1      0      1      0

      2      1      0      0      1
     -2      0      0      0      0
      0      1      0      1      0
      0     -1      1      0      1
      1      0      2      0      0

      0     -2      0      0      1
     -2     -1      0      0      0
      1      0     -1      0      0
      0     -1      1      0      0
      1      0      0      0      0

      2      0      0      0      0
     -1      1      0      0      0
      0     -1      0     -1      0
      0      0      0      0      0
      2      0      3      0      0

      0      1      0      1      1
      0      0      1      1      2
      0      2      0      0     -1
     -2      1      0      1      1
      2     -1      1      1      1

      0      0     -1     -1      0
      0      0      0      0     -1
      0      0     -1      0      1
      0      0      1      0     -1
      1      0      1     -1      2

      0      0      1      1      3
     -1      0      0      0      0
      0     -1      0      1     -1
     -2     -2      1      0      2
      1     -1      3      0      0

      0      0      1      0      1
      1      0     -2     -2     -2
     -2      0      1      1     -2
      2      0      1     -1     -1
     -1     -1      1      3      0

      0      0      1      0      1
      1      0      0      0     -2
      0      0      2      0      0
      0      0      0     -1      0
     -1      0     -1      0      0

      0      0      0      0      1
      2      1      0      0     -1
     -1     -2     -1      1      0
      2      2      1     -1     -1
      0      0      0      0     -1

      0      2      1      0      2
      1      0     -1     -1      0
     -2     -1      0     -1     -1
      1      0      1      0      0
     -1      0      0      0      0

      0      0      0      0      1
      1      1     -1     -1     -1
     -2      0     -1      0      0
      1      0      0      0      0
      0      0      0      1      0

      0      0     -1      0      1
      0      0      0      0     -1
     -1      0     -1      0     -1
      1      0      1      0      0
      0      0      0      0      0

      0      1      0      0      0
      1     -1     -1     -1      0
      1      0      0      0     -2
      2      0      0      0      0
     -1      0      0      0      0

      0      1      0      0      1
      0      0      2      2     -1
     -1      1     -1      0      0
      1      0     -1      0      0
      0      0      0      1      0

      0      1      1      0      0
      0      0      0      0     -1
      0      0      0      0      0
      2      0      1      0      0
      0      0      0      0      0

      0      1      1      0      2
      1      0      0      0      0
      0     -1      0      0      0
      2      0      1      0      1
      0      0      1      2      0

      2      3      1      0      2
      2      0      0      0      0
      0      2      1      0      1
      3      1      2      2      1
      0      0     -1      1      1

      2      0      3      0      1
      2      2      0      0      1
      1      2      1      1      2
      4      3      2      1      3
      1      1      1      4      1

      3      2      3      2      3
      3      4      1      1      1
      1      4      1      2      2
      4      4      3      3      5
      2      2      2      3      1

      2      1      2      0      2
      3      1      1      1      0
      1      0      1      3      1
      3      2      3      1      2
      1      1      1      1      1

      0      0      0      0      1
      1      1      0      0      0
      0      0      1      2      1
      2      2      0      0      0
      0      0      0      0      0

      1      1      1      1      2
      1      2      0      0      0
      1      1      1      2      1
      2      1      0      0      0
      0      1      1      1      1

      3      3      2      1      3
      2      3      2      2      2
      2      2      1      3      2
      2      4      3      2      2
      2      3      1      3      1

      3      4      2      2      4
      4      3      4      4      3
      2      2      4      4      4
      6      4      5      3      3
      2      3      3      4      3

      2      3      4      2      4
      3      3      3      3      3
      4      4      2      3      2
      4      2      3      3      3
      3      4      2      3      1

      2      3      2      3      3
      3      3      1      1      2
      2      2      3      2      1
      3      3      3      2      3
      1      3      1      2      2

      3      3      3      2      3
      2      2      1      1      1
      1      2      3      2      2
      4      2      2      3      3
      3      1      2      3      4

      2      4      3      3      4
      2      4      4      4      3
      2      3      2      3      2
      4      4      2      2      2
      1      2      3      5      2

      2      3      3      1      3
      4      4      2      2      0
      2      3      4      5      2
      5      3      3      4      3
      3      3      3      5      2

      3      3      4      3      3
      3      4      4      4      2
      2      4      2      3      3
      5      2      3      3      4
      3      3      3      6      4

      2      3      3      2      5
      3      6      1      1      3
      3      3      3      3      2
      7      3      3      3      5
      3      3      2      4      4

      3      2      4      1      4
      2      3      3      3      2
      3      2      2      3      2
      4      4      3      3      3
      4      4      4      5      2

      4      3      5      2      4
      4      4      3      3      3
      3      4      4      3      2
      4      4      4      2      4
      3      2      2      5      3

      3      2      3      3      3
      3      3      3      3      3
      2      2      4      3      1
      4      4      2      2      3
      2      3      3      5      3

      3      3      4      1      3
      3      3      3      3      2
      2      3      4      2      1
      5      3      4      2      3
      3      2      6      6      2

      4      2      3      2      2
      4      3      2      2      1
      1      3      3      4      1
      5      2      3      3      2
      3      1      3      3      2

      3      2      3      1      3
      2      2      1      1      1
      3      1      2      1      2
      3      3      2      2      3
      3      2      2      3      2

      3      3      4      2      3
      4      4      3      3      1
      3      4      2      1      1
      4      2      2      2      2
      3      2      3      4      2

      3      2      2      3      5
      1      4      2      2      1
      2      1      1      3      1
      5      2      2      3      4
      2      2      3      4      1

      2      2      3      2      2
      2      3      1      1      2
      2      2      2      2      1
      3      2      3      3      3
      3      1      2      3      0

      2      4      4      1      4
      3      3      3      3      2
      2      3      3      0      3
      3      2      3      2      2
      2      1      2      5      2

      3      4      1      0      3
      2      3      2      2      2
      1      2      3      3      3
      3      3      3      4      4
      3      1      2      3      1

      2      3      4      1      2
      3      3      2      2      1
      1      3      3      2      1
      3      3      1      2      3
      1      3      1      2      3

      2      3      1      2      3
      4      4      2      2      1
      3      1      4      3      1
      4      3      2      2      3
      1      0      3      3      2

      4      3      2      1      1
      2      4      1      1      3
      2      1      2      2      1
      4      3      2      0      2
      2      1      2      4      3

      1      2      2      0      1
      1      4      2      2      0
      1      0      0      2      1
      5      0      2      1      1
      1      4      0      3      1

      3      0      1      1      2
      3      3      1      1      3
      2      3      1      2      1
      1      2      1      2      2
      1      0      2      4      3

      0      1      1      0      3
      1      1      3      3      1
      1      3      2      3      1
      3      1      2      2      1
      1      2      2      3      0

      2      2      2      0      4
      2      3      2      2      0
      1      3      3      2      1
      2      0      1      3      3
      1      1      1      2      0

      1      2      2      2      2
      2      2      2      2      1
      1      3      0      0      2
      2      3      1      1      0
      0      0      0      1      1

      2      1      0      1      1
      4      3      0      0      2
      1      3      3      5      0
      3      0      3      1      2
      2      1      1      0      2

      1      1      4      3      1
      3      3      2      2      1
      1      0      1      2      0
      3      1      1      3      3
      2      3      0      1      1

      0      2      3      1      2
      0      2      2      2      1
      0      1      0      2      0
      1      0      0      1      1
      1      1      0      1      1

      1      1      3      0      1
      2      1      1      1      1
      0      2      2      0      0
      3      2      1      1      4
      1      0      0      2      2

      2      4      2      0      1
      2      1      2      2      0
      0      2      3      0      0
      2      1      3      2      1
      3      0      0      1      1

      0      0      2      1      3
      1      1      2      2      0
     -1      2      2      1      0
      1      2      1      2      1
      1      0      1      2      0

      0      1      1      3      2
      3      3      1      1      1
      0      1      1      3      0
      4      1      1      0      0
      1      0      0      0      0

      1      0      0      0      3
      1      0      0      0      1
      0      2      3      0      1
      0      0      2      0      2
      0      0      0      2      2

      1      2      0      0      1
      0      1      1      1      1
      0      2      0      0      1
      0      0      3      0      0
      0      1      0      2      0

      1      2      2      0      1
      1      1      1      1      0
      0      1      1      1      1
      1      0      3      0      0
      2      0      0      1      1

      0      1      1      0      2
      0      0      2      2      0
      2      0      0      1      0
      2      0      3      1      0
      0      0      0      0      2

      0      2      3      0      1
     -1      0      0      0      1
      0      0      0      0      0
      0      0      0      0      1
      0     -2      3      0      0

      0      0      0     -1      1
      0      0      1      1      3
      0      0      2      1      0
      3     -1      3      0      0
      0      0     -1      2      0

     -3      0      0      2      2
     -2      1     -3     -3      1
      0      0      0      0      0
      4      2      3      2     -3
      0      1      1      3     -2

     -3      0      3     -2      1
      2      0      0      0     -1
      1     -1      0      0      1
      1      2      0     -2      1
     -1     -3      0      1      0

      0      0      2      0      3
     -3      0     -1     -1     -2
      0      0      3     -1     -2
      1      1      0      0      3
      0     -1      1      6      0

      0      1      0      0      1
      1     -1      1      1      0
      0      1      2     -1     -2
      2      0      1      0      1
     -1     -2      0      0      0

      0      1     -1      0      3
     -3      0      0      0     -2
      0      0     -1      0      0
      0      0      2     -1     -1
      0     -1      0      4      1

      1      0      0     -2      1
      0      3      1      1      1
      0     -2     -1     -1      0
      1     -1      1     -2      3
     -4      2      0     -2      3

     -5      3      2      2      1
      0     -2     -1     -1      2
     -2      0      1     -1      0
      2     -1     -1      0      2
      0     -4      0      0      0

