;
; ENVI ASCII Output of file: E:\Imaging\ROI_AVIRIS\5_0_3.img [Fri Nov 17 11:52:14 2017]
; File Dimensions: 5 samples x 5 lines x 224 bands
; Line Format    : (5i7)
;
    511    534    531    500    518
    517    523    496    502    520
    531    531    516    531    491
    501    520    505    505    500
    501    520    505    505    500

    586    601    595    605    603
    626    614    591    605    603
    601    601    610    613    607
    616    601    605    602    603
    616    601    605    602    603

    644    653    668    654    656
    658    671    664    652    650
    672    672    649    650    656
    647    667    655    654    658
    647    667    655    654    658

    818    818    822    808    824
    836    821    811    826    835
    825    825    818    840    811
    822    834    821    825    816
    822    834    821    825    816

   1195   1194   1189   1199   1194
   1201   1203   1184   1208   1210
   1206   1206   1204   1201   1198
   1198   1199   1205   1195   1198
   1198   1199   1205   1195   1198

   1246   1251   1253   1251   1251
   1254   1242   1255   1239   1242
   1246   1246   1248   1245   1249
   1233   1240   1248   1254   1257
   1233   1240   1248   1254   1257

   1163   1166   1163   1176   1179
   1176   1167   1158   1175   1181
   1168   1168   1170   1177   1172
   1174   1171   1162   1176   1169
   1174   1171   1162   1176   1169

   1073   1070   1070   1066   1077
   1070   1080   1073   1078   1074
   1073   1073   1077   1076   1077
   1064   1078   1071   1071   1070
   1064   1078   1071   1071   1070

   1154   1149   1158   1149   1159
   1151   1156   1155   1152   1163
   1152   1152   1154   1154   1149
   1145   1146   1160   1155   1162
   1145   1146   1160   1155   1162

   1160   1160   1171   1167   1166
   1171   1169   1168   1158   1167
   1158   1158   1162   1169   1168
   1159   1169   1150   1158   1174
   1159   1169   1150   1158   1174

   1115   1124   1127   1124   1126
   1115   1123   1119   1131   1132
   1130   1130   1119   1121   1124
   1119   1120   1127   1127   1127
   1119   1120   1127   1127   1127

   1037   1046   1053   1043   1050
   1050   1051   1045   1054   1052
   1051   1051   1049   1050   1043
   1046   1049   1043   1048   1050
   1046   1049   1043   1048   1050

    975    976    981    987    981
    975    987    979    980    983
    979    979    978    981    987
    966    979    975    984    984
    966    979    975    984    984

    869    871    876    878    874
    876    877    877    876    877
    873    873    881    873    883
    867    880    874    872    872
    867    880    874    872    872

    776    781    783    775    786
    777    784    781    786    784
    778    778    778    784    786
    775    777    782    782    786
    775    777    782    782    786

    674    667    672    676    679
    678    676    674    688    683
    679    679    682    686    681
    670    680    677    677    679
    670    680    677    677    679

    587    585    590    587    583
    592    589    595    590    595
    586    586    589    592    592
    587    588    594    588    589
    587    588    594    588    589

    550    553    558    553    551
    560    558    558    555    560
    554    554    554    557    559
    552    559    558    556    555
    552    559    558    556    555

    512    521    526    517    518
    527    525    520    519    524
    522    522    517    522    525
    517    530    522    522    519
    517    530    522    522    519

    477    479    479    477    481
    483    483    484    480    485
    484    484    487    483    480
    478    482    481    481    488
    478    482    481    481    488

    432    435    441    437    437
    440    443    441    440    440
    438    438    436    442    441
    437    438    437    439    442
    437    438    437    439    442

    394    401    396    399    403
    402    399    396    402    401
    397    397    402    400    400
    397    399    399    398    397
    397    399    399    398    397

    365    368    367    367    365
    367    365    366    370    366
    367    367    371    364    370
    366    365    368    368    367
    366    365    368    368    367

    317    318    326    320    326
    331    324    319    323    325
    322    322    326    322    323
    322    318    325    326    326
    322    318    325    326    326

    295    295    300    297    297
    300    297    296    301    307
    300    300    303    300    297
    294    297    298    295    301
    294    297    298    295    301

    278    285    286    285    286
    288    285    286    288    288
    286    286    285    286    286
    284    288    287    289    286
    284    288    287    289    286

    265    264    263    264    268
    263    263    266    265    267
    263    263    264    263    263
    262    265    264    266    266
    262    265    264    266    266

    239    243    242    241    242
    248    242    246    243    244
    245    245    247    246    245
    239    243    246    244    249
    239    243    246    244    249

    231    232    231    232    233
    237    231    233    234    235
    233    233    232    231    231
    230    233    233    231    235
    230    233    233    231    235

    213    212    214    212    214
    216    214    217    215    215
    218    218    213    212    215
    211    219    213    213    216
    211    219    213    213    216

    201    204    199    202    200
    204    200    203    201    203
    205    205    201    199    205
    199    203    202    205    201
    199    203    202    205    201

    196    197    197    195    199
    202    196    197    197    198
    196    196    201    198    197
    194    198    199    198    202
    194    198    199    198    202

    199    200    199    197    194
    205    195    199    197    200
    197    197    198    193    199
    191    197    197    197    200
    191    197    197    197    200

    195    197    197    195    198
    201    196    196    197    198
    197    197    200    198    197
    194    199    198    196    201
    194    199    198    196    201

    180    183    188    186    183
    186    181    186    182    185
    182    182    182    183    182
    176    185    182    178    186
    176    185    182    178    186

    162    159    160    158    162
    163    159    162    161    165
    158    158    161    161    162
    156    164    159    155    161
    156    164    159    155    161

    142    141    145    142    142
    146    139    140    142    145
    143    143    142    141    141
    138    146    144    138    143
    138    146    144    138    143

    135    137    136    135    137
    142    135    135    137    140
    135    135    133    139    135
    133    139    134    130    135
    133    139    134    130    135

    124    122    125    122    123
    127    122    121    124    126
    123    123    121    128    125
    121    127    122    117    124
    121    127    122    117    124

     95     98    100     97     99
     97     95     95     96     98
     99     99     96    100     97
     96    102     94     91     98
     96    102     94     91     98

     99    102    104    102    105
    104    101    100    104    107
    106    106    103    107    103
    102    105    100     96    103
    102    105    100     96    103

    110    109    115    110    110
    111    110    108    113    114
    113    113    110    111    113
    112    115    109    102    113
    112    115    109    102    113

    110    108    114    110    112
    114    109    108    110    114
    112    112    110    116    112
    112    116    108    102    110
    112    116    108    102    110

     67     66     70     65     68
     68     66     64     67     69
     68     68     67     69     67
     69     70     64     60     67
     69     70     64     60     67

     86     87     88     83     88
     88     82     82     87     88
     89     89     87     89     86
     87     92     82     77     86
     87     92     82     77     86

     87     88     92     90     90
     91     87     86     91     92
     94     94     90     94     92
     92     98     87     77     92
     92     98     87     77     92

     83     82     86     83     86
     84     80     79     85     85
     86     86     83     88     83
     86     90     83     71     85
     86     90     83     71     85

     76     75     79     78     79
     80     74     72     78     79
     80     80     76     80     77
     77     84     76     64     77
     77     84     76     64     77

     69     70     73     71     71
     73     70     67     74     73
     73     73     70     74     71
     73     77     69     60     70
     73     77     69     60     70

     55     56     58     55     59
     58     55     55     59     59
     61     61     57     61     60
     61     61     57     48     59
     61     61     57     48     59

     57     56     61     56     57
     60     57     54     59     61
     61     61     56     62     59
     60     64     55     49     58
     60     64     55     49     58

     58     59     62     61     61
     61     59     54     61     62
     63     63     59     65     61
     61     66     60     48     61
     61     66     60     48     61

     60     62     68     63     66
     64     64     58     65     69
     67     67     64     69     65
     66     72     62     52     66
     66     72     62     52     66

     58     58     62     59     59
     60     59     55     61     64
     64     64     59     64     60
     64     65     57     48     59
     64     65     57     48     59

     56     55     61     56     60
     59     57     54     58     60
     63     63     59     62     58
     63     65     57     47     58
     63     65     57     47     58

     53     54     57     55     56
     54     52     49     55     57
     61     61     54     61     54
     58     61     52     44     55
     58     61     52     44     55

     50     50     56     53     53
     52     51     47     53     57
     56     56     53     55     53
     57     60     50     41     53
     57     60     50     41     53

     39     39     44     42     43
     41     39     37     45     44
     44     44     40     45     41
     44     47     39     32     42
     44     47     39     32     42

     33     36     37     33     35
     36     35     32     37     37
     39     39     34     38     36
     40     40     34     28     35
     40     40     34     28     35

     30     31     35     32     33
     32     32     28     33     35
     35     35     32     35     34
     37     37     31     25     32
     37     37     31     25     32

     28     28     29     30     30
     29     31     26     32     34
     33     33     31     33     33
     33     33     28     23     30
     33     33     28     23     30

     20     18     24     22     19
     18     18     19     20     19
     19     19     15     20     22
     23     21     18     15     19
     23     21     18     15     19

     13     14     16     14     16
     15     16     13     16     16
     17     17     14     15     15
     18     16     14     11     14
     18     16     14     11     14

     14     13     15     15     15
     16     15     14     15     16
     17     17     13     17     16
     17     19     13     10     15
     17     19     13     10     15

     22     22     25     23     23
     23     23     19     26     26
     27     27     22     26     23
     27     27     23     17     23
     27     27     23     17     23

     25     25     30     26     27
     27     28     22     27     31
     29     29     27     28     28
     30     30     25     18     26
     30     30     25     18     26

     30     27     33     31     31
     29     29     27     31     32
     35     35     31     34     31
     33     34     29     21     31
     33     34     29     21     31

     32     28     33     32     33
     31     31     26     33     33
     37     37     33     36     33
     36     39     31     20     33
     36     39     31     20     33

     30     27     33     30     33
     31     31     27     33     34
     34     34     30     35     33
     36     37     30     20     32
     36     37     30     20     32

     29     27     32     29     33
     32     30     24     31     35
     35     35     32     35     33
     34     35     28     20     31
     34     35     28     20     31

     27     27     32     30     30
     30     29     24     30     33
     35     35     31     33     31
     34     37     27     19     31
     34     37     27     19     31

     26     25     29     26     27
     26     26     21     27     30
     32     32     27     30     28
     33     34     25     17     27
     33     34     25     17     27

     24     25     28     27     28
     27     26     22     29     30
     30     30     27     30     28
     31     34     26     17     27
     31     34     26     17     27

     24     24     27     24     26
     24     24     20     26     28
     29     29     25     27     26
     29     31     24     15     26
     29     31     24     15     26

     23     22     26     24     26
     24     24     20     25     27
     28     28     26     28     25
     28     31     22     14     25
     28     31     22     14     25

     20     20     25     20     24
     21     21     17     21     25
     27     27     21     25     24
     25     27     20     13     21
     25     27     20     13     21

     19     19     23     19     22
     20     19     16     21     24
     24     24     20     23     21
     24     25     19     11     20
     24     25     19     11     20

     17     17     21     18     19
     18     18     15     20     22
     22     22     18     21     19
     22     23     18     10     19
     22     23     18     10     19

     13     14     16     15     15
     14     15     12     15     17
     17     17     14     18     15
     18     18     13      8     15
     18     18     13      8     15

      8      8     10      8     10
      9      9      7      9     11
     11     11      8     10     10
     12     12      7      5      9
     12     12      7      5      9

      3      4      3      3      3
      4      3      4      4      5
      5      5      3      5      5
      6      4      3      2      4
      6      4      3      2      4

      2      4      4      3      4
      3      4      3      3      3
      4      4      1      4      3
      4      3      3      2      3
      4      3      3      2      3

      4      4      6      4      5
      5      4      4      4      5
      4      4      4      5      4
      6      6      5      2      4
      6      6      5      2      4

      3      4      5      4      5
      5      4      4      5      4
      6      6      4      5      4
      7      5      3      2      5
      7      5      3      2      5

      5      5      8      5      7
      6      6      5      7      6
      7      7      5      7      6
      8      6      4      3      5
      8      6      4      3      5

      9      8     11     10     10
     10      8      7     10     12
     12     12      9     11     10
     12     12      8      4     10
     12     12      8      4     10

     10     10     13     11     12
     10     11      8     12     13
     14     14     11     14     12
     13     15     10      5     11
     13     15     10      5     11

      9      9     11      9     11
     10     10      7     10     12
     11     11      9     11     10
     11     13      9      4     11
     11     13      9      4     11

     10     10     12     10     10
     10     10      7     10     11
     14     14     10     13     11
     14     15      9      5     11
     14     15      9      5     11

      9      8      9      9     10
      8     10      6     10     11
     11     11      9     12      9
     11     12      8      4      9
     11     12      8      4      9

     10      9     13     10     10
      9     10      7     11     11
     13     13      9     12     10
     12     13      9      4     10
     12     13      9      4     10

     10     10     11     11     12
     10     10      7     10     12
     12     12     11     13     11
     13     15      9      4     11
     13     15      9      4     11

     11     10     13     11     12
     12     12      8     12     14
     13     13     11     13     12
     15     15     10      4     12
     15     15     10      4     12

     11     10     13     11     11
     10     12      8     12     13
     14     14     11     14     12
     16     16     10      4     10
     16     16     10      4     10

      9      8     12     10     10
     10     10      8     10     12
     11     11     11     13     11
     14     14      9      4     11
     14     14      9      4     11

      9      8     11      9     11
     10      9      7     11     11
     13     13     10     11     10
     13     13      8      3      9
     13     13      8      3      9

      9      8     12     10     10
     10     10      8     10     12
     11     11     11     13     11
     14     14      9      4     11
     14     14      9      4     11

     12     10     13     11      8
      8     14     11     10     11
     12     12     11      5      7
     11      9     10     10     17
     11      9     10     10     17

      9      7     10      8     11
     10     13     10     10     13
     13     13     12      9      9
     12     10      5     12      9
     12     10      5     12      9

     12     10     11     11      9
     13     12      9     12     15
     14     14     13      7      9
     12     13     13     12     14
     12     13     13     12     14

     10      9     12      9      9
     11     11     11     11     15
     12     12     12      6     11
     11      7     10     11      8
     11      7     10     11      8

      6      6     10      7     10
      7      6      8      7     11
      8      8     10     11     10
     10      9      8      8     10
     10      9      8      8     10

      8      8      8      5      6
      7      8      5      6      9
      8      8      5      8      5
      8      8      7      8      9
      8      8      7      8      9

     19     22     14     17     22
     22     20     18     20     14
     16     16      7     13      4
      9     13     14      9      9
      9     13     14      9      9

      6      3      2      3      3
      4      4      1      4      4
      6      6      5      3      1
      5      5      3      4      4
      5      5      3      4      4

      3      1      2      2      3
      2      1      1      2      2
      4      4      3      1      1
      2      1      0      3      3
      2      1      0      3      3

      1      1      0      2     -1
     -1      1      0      0      0
      1      1      0      0      0
      1      1      0      0      0
      1      1      0      0      0

     -1      0      0     -1      0
      0      1     -1      0      0
     -1     -1      0      0      0
      1      0     -3     -2      0
      1      0     -3     -2      0

      1      2      0      1      0
      0      0     -1      0      0
      0      0      2      0     -1
      1      2      0     -1      0
      1      2      0     -1      0

      0      1      0      0      2
      0      0      0      0      1
      2      2     -1      0     -1
      1     -1      0     -1      1
      1     -1      0     -1      1

      2     -5     -3     -4     -4
      4      3      1     -2      0
     -1     -1      0     -3      0
      5      0      1      0      3
      5      0      1      0      3

     -1      0      1      1      1
     -1      2      0      1      4
      0      0      0     -3      1
     -2      2     -1      0     -1
     -2      2     -1      0     -1

      1      0      2      1     -1
      2      2     -2      0      1
      1      1      0      0      1
      3      2      0      0      0
      3      2      0      0      0

      0      0     -2      1      0
      1      1     -1      1      0
      3      3      0     -1      2
      1      2      0     -1      0
      1      2      0     -1      0

      0     -2      0      0     -1
     -1     -1      0      3      0
      0      0      0      2      0
      3      2      1      0      2
      3      2      1      0      2

      0      0      2      2      1
      2      1     -1      4      0
      1      1      2     -1      1
      0      1      1      1      1
      0      1      1      1      1

      3      2      2      3      3
      0      3      2      3      4
      4      4      3      3      2
      3      3      0      1      3
      3      3      0      1      3

      3      1      4      1      2
      1      2      2      0      2
      5      5      4      0      2
      3      5      1      0      4
      3      5      1      0      4

      3      1      1      3      2
      2      4      3      3      2
      3      3      2      1      2
      1      2      0      1      2
      1      2      0      1      2

      2      4      1      3      3
      3      1      3      3      4
      4      4      2      1      3
      2      6      1      3      5
      2      6      1      3      5

      7      5      6      5      6
      3      7      5      9      6
      7      7      8      3      8
      5      5      5      6      5
      5      5      5      6      5

      8      8      6     10      9
      5      7      8      7      7
      9      9      7      7      5
      7      5      6      9      8
      7      5      6      9      8

     10      7      9      6      8
      8     10     10     10      7
      8      8      8      6     10
      9     10      8     10     10
      9     10      8     10     10

      9     11     10     10     11
      9      9      8      9      9
     10     10      9      8     10
     10     11      8      9     11
     10     11      8      9     11

     10      9      8     10      9
      9      9     10      7     12
     10     10     10      9      9
      8     11      8      9     11
      8     11      8      9     11

      9     10     12     10      9
      8     10      7      7     13
     10     10      9      6      7
     12      9      9      8      5
     12      9      9      8      5

     12      9      8     10      9
      8     10     12      8     12
     12     12      9      9     10
     11     13      9     10     10
     11     13      9     10     10

      9     11      9     10     10
      9      9      8      8     12
      9      9      9      9      9
     11      9      8      8      8
     11      9      8      8      8

      9      9      7     10      8
      8     10      9     10     10
      8      8      7      7      9
     10      7      6      8      8
     10      7      6      8      8

     10      7      7      8      8
     10      8      6     10     10
      8      8      9      7      8
      9      9      7      9      9
      9      9      7      9      9

      8      7      8      9      7
     11      8      8     10      8
     12     12     10      9      9
      9      9      8      8      8
      9      9      8      8      8

      8      7      9      8      9
      8      7      6      9     10
      8      8     10      8      7
      9      6      6      9      9
      9      6      6      9      9

      7      6     10      8      6
      7      7      7      7      6
      7      7      9      6      7
      9     10      6      7      8
      9     10      6      7      8

      9      8      8     10      7
      9      8      7      8      6
      8      8      9      9      9
      9      8      7     10      9
      9      8      7     10      9

      6      8      9      6      8
      9      8      7      6      9
      8      8      9      6      7
      7     10      6      6      8
      7     10      6      6      8

      7      5      5      7      5
      7      7      9      7      7
      9      9      7      4      6
      8      7      7      6      6
      8      7      7      6      6

      5      6      7      6      5
      8      7      5      7      6
      8      8      9      8      6
      7      8      6      8      6
      7      8      6      8      6

      6      7      6      6      7
      4      6      7      7      9
      7      7      6      7      8
      9      6      8      6      7
      9      6      8      6      7

      7      6      8      9      8
      8      8      7      6      7
      6      6      6      7      6
      9      7      6      7      6
      9      7      6      7      6

      6      5      7      5      8
      6      4      5      6      8
      8      8      6      7      5
      6      6      7      7      6
      6      6      7      7      6

      5      5      7      7      5
      5      7      7      6      7
      6      6      7      5      5
      9      7      6      5      8
      9      7      6      5      8

      5      8      8      6      7
      5      5      4      6      7
      8      8      7      5      5
      6      6      6      4      6
      6      6      6      4      6

      5      4      5      6      6
      7      6      5      5      6
      5      5      5      4      6
      6      6      4      6      6
      6      6      4      6      6

      6      5      2      4      4
      3      4      5      4      6
      5      5      6      4      4
      6      4      3      4      4
      6      4      3      4      4

      4      5      4      5      4
      6      6      4      5      6
      7      7      3      3      4
      3      6      2      6      6
      3      6      2      6      6

      6      8      4      6      3
      2      2      2      1      4
      5      5      2      2      4
      4      5      3      2      5
      4      5      3      2      5

      4      2      1      2      5
      2      4      6      4      3
      4      4      4      2      4
      4      5      3      2      4
      4      5      3      2      4

      3      3      3      4      2
      2      3      2      4      5
      3      3      4      3      2
      5      4      2      2      2
      5      4      2      2      2

      3      4      1      3      1
      2      2      1      3      3
      3      3      2      2      3
      3      2      1      1      5
      3      2      1      1      5

      4      2      0      1      1
      1      2      1      0      5
      3      3      1      1      1
      3      3      1      2      3
      3      3      1      2      3

      1      0      1      1      0
      0      1      1      1      4
      1      1      1      0      3
      3      1     -1      1      1
      3      1     -1      1      1

      1      2      0      0      0
      2      0      0      0      2
      0      0      0      0      0
      0      0      1      0      3
      0      0      1      0      3

      3     -1      1      0     -1
     -1      0      0      0      0
     -2     -2      0      0      0
      0      0     -1      0      0
      0      0     -1      0      0

      0     -1      0      0     -2
      0      0      0      0      0
      0      0      0     -2     -1
      1      0     -1      0      0
      1      0     -1      0      0

      1      1      0      0      0
     -1      0      0     -1      2
      2      2      1      0      1
      0      0     -1     -1      0
      0      0     -1     -1      0

      0     -1     -1      0      1
     -2      0     -2      0      0
     -1     -1      0     -1      0
      0      0     -3     -1      0
      0      0     -3     -1      0

      0      0     -1     -1      0
      1      0      0      0      0
      1      1      0      0     -2
     -1      0     -2      0      0
     -1      0     -2      0      0

      0     -1      0      0      0
      0      1     -2      0      0
      1      1      0     -1      0
      0      0     -2      0      0
      0      0     -2      0      0

      1      0     -2      0     -1
      0      0     -2     -1      1
      0      0      0     -1      0
     -1      0      0      0     -1
     -1      0      0      0     -1

      0      0      0     -1      0
      0      0     -1      0      0
      0      0      0     -1      0
      0      0      0     -1      1
      0      0      0     -1      1

      0      0      0      0      0
      0      0      0      0      0
     -1     -1      0      0      0
      0      0      0     -1      0
      0      0      0     -1      0

      0     -1     -1      0     -1
      0     -1      0      1      0
      0      0      0      2      0
     -1      0      0     -1      0
     -1      0      0     -1      0

     -2      0      0      0      0
      0      0     -2      0      0
      0      0      0     -1     -1
      0      0      0     -1     -2
      0      0      0     -1     -2

      0      0      0      0      0
      0      2      0      0      0
     -1     -1      0      2      0
     -1      1      0     -1      0
     -1      1      0     -1      0

      0      0      0      0     -1
      1      0      1      0      0
      0      0      0      1      0
      0      0      0     -1      0
      0      0      0     -1      0

      0      0     -1      0      0
     -1      1     -1      0      2
      0      0      0      0     -1
     -2      0      0     -1      0
     -2      0      0     -1      0

      0      0      1     -1      1
      0      0     -1      0      0
     -2     -2      0      1      0
      1      0      1      0      0
      1      0      1      0      0

      0      0      1      0      0
      0      0      0      0      0
     -1     -1      0      0     -1
      0      0      0     -1      0
      0      0      0     -1      0

     -1      1     -1      0      0
      0      0      0      0      0
      0      0      0      0      0
      0     -1     -1      0      0
      0     -1     -1      0      0

      0      0      0      0      0
      1      0      0      0      0
     -1     -1      0      0      0
      0      0     -1      0      0
      0      0     -1      0      0

      0      0      0     -1      1
      1      2      1      1      1
      0      0      0      0      0
      0      0      0      0      0
      0      0      0      0      0

      1      0      1      3      4
      2      2      1      2      0
      2      2      2      1      1
      0      0      1      1      0
      0      0      1      1      0

      1      2      3      2      2
      2      3      2      2      3
      1      1      2      3      2
      2      2      3      2      1
      2      2      3      2      1

      1      1      2      1      1
      2      1      2      1      1
      1      1      2      3      1
      0      2      0      1      1
      0      2      0      1      1

      0      0      0      1      1
      0      0      1      0      1
      0      0      0      0      0
      0      0      0      0      0
      0      0      0      0      0

      1      0      0      0      0
      1      0      2      0      1
      0      0      0      0      0
      1      0      0      0      0
      1      0      0      0      0

      2      1      1      2      2
      3      3      2      1      2
      3      3      2      2      1
      2      1      1      1      1
      2      1      1      1      1

      2      4      4      2      4
      4      4      3      4      3
      3      3      1      3      3
      4      2      2      3      4
      4      2      2      3      4

      1      3      2      2      3
      3      3      1      1      2
      1      1      3      2      3
      3      2      2      2      3
      3      2      2      2      3

      2      2      1      1      2
      1      2      2      1      1
      1      1      3      2      2
      1      1      1      1      0
      1      1      1      1      0

      3      1      2      2      2
      1      3      2      2      2
      1      1      2      3      2
      2      3      3      2      2
      2      3      3      2      2

      3      2      3      3      2
      2      3      3      3      1
      2      2      3      4      2
      2      3      2      2      1
      2      3      2      2      1

      1      2      3      3      3
      3      4      2      2      4
      2      2      2      3      4
      1      3      2      3      3
      1      3      2      3      3

      2      2      3      4      2
      3      3      3      2      4
      2      2      3      3      2
      1      3      4      2      4
      1      3      4      2      4

      3      2      3      3      4
      2      4      3      2      3
      3      3      3      5      3
      2      3      4      2      1
      2      3      4      2      1

      3      3      2      2      2
      4      3      4      4      3
      2      2      2      1      3
      2      4      2      3      4
      2      4      2      3      4

      3      4      3      3      2
      4      4      2      3      2
      2      2      2      2      2
      3      4      4      2      2
      3      4      4      2      2

      3      4      2      2      3
      4      2      2      1      3
      2      2      4      3      2
      4      4      2      3      3
      4      4      2      3      3

      2      2      4      2      3
      2      4      3      1      0
      1      1      2      2      3
      2      1      4      3      2
      2      1      4      3      2

      2      2      1      1      1
      3      4      2      2      3
      1      1      2      3      1
      2      4      1      1      1
      2      4      1      1      1

      2      2      2      2      2
      2      3      3      2      2
      1      1      2      3      2
      3      3      3      3      2
      3      3      3      3      2

      2      2      1      3      2
      0      2      2      3      2
      2      2      2      2      3
      2      2      2      1      2
      2      2      2      1      2

      1      2      3      2      1
      3      2      2      3      2
      2      2      3      1      1
      2      2      2      1      1
      2      2      2      1      1

      3      1      1      3      1
      0      3      3      2      2
      3      3      3      0      3
      3      1      1      1      1
      3      1      1      1      1

      2      0      2      3      2
      2      4      2      3      0
      0      0      3      1      2
      2      2      3      1      1
      2      2      3      1      1

      2      1      1      3      2
      3      4      2      3      3
      1      1      2      2      3
      2      1      2      1      3
      2      1      2      1      3

      2      2      3      1      3
      2      3      2      3      2
      2      2      0      2      1
      1      2      3      2      3
      1      2      3      2      3

      2      1      2      5      2
      2      3      1      2      2
      2      2      4      2      2
      2      1      1      2      2
      2      1      1      2      2

      2      1      3      4      4
      2      2      2      3      1
      3      3      1      0      1
      2      1      2      1      2
      2      1      2      1      2

      1      1      2      1      1
      1      4      2      3      2
      0      0      0      3      1
      1      0      1      1      2
      1      0      1      1      2

      1      3      0      1      1
      3      1      2      3      2
      1      1      2      2      4
      3      0      3      1      2
      3      0      3      1      2

      0      1      2      1      1
      0      2      1      1      0
      1      1      2      1      0
      1      1      2      0      1
      1      1      2      0      1

      0      3      0      1      1
      1      2      2      2      2
      1      1      0      2      2
      1      0      0      2      3
      1      0      0      2      3

      0      1      2      0      1
      0      1      0      1      0
      1      1      1      1      3
      1      2      0      2      1
      1      2      0      2      1

      0      3      0      0      2
      3      0      1      2      0
      1      1      0      2      2
      1      1      0      0      2
      1      1      0      0      2

      1      2      0      2      3
      1      1      0      3      0
      0      0      0      1      1
      0      0      1      1      2
      0      0      1      1      2

      0      0      0      0      1
      1      3      0      0      0
      0      0      1      0      0
      1      1      2      1      0
      1      1      2      1      0

      1      0      0      2      1
      0      2      0      1      1
      1      1      0      1      3
      0      1      0      1      1
      0      1      0      1      1

      3     -1      1      1      2
      3      2      3      0      1
      0      0     -1      1      1
      1      1     -1      0      3
      1      1     -1      0      3

      0      0      0      4      1
      1      0      0      0      0
      0      0      0      0      2
      0      0      0      0      0
      0      0      0      0      0

      0      0      1     -1     -1
      0      2      1      0      0
      0      0      1      2      2
     -1      0      0      0      0
     -1      0      0      0      0

      0      0      1      0      1
      0      2      3      0      1
      0      0      2      0      1
      1      1      0      0      0
      1      1      0      0      0

      0      0     -1      0      0
      1      0      2      0     -1
      0      0      2      0      1
      0      0      1      2      0
      0      0      1      2      0

      2      0      0      0      1
      1      2      3      0     -1
      0      0      2      0      1
      0      3      1      1     -1
      0      3      1      1     -1

      1      0      0      0      0
      0     -2      0      0      2
      1      1      3      0      0
      1      3      0      0      0
      1      3      0      0      0

      3      0     -1      0      0
      0      2      1      0      1
      0      0      0     -1     -2
      0      1      0      0      1
      0      1      0      0      1

      0      0      0      0      0
      0     -1      0      1     -1
     -1     -1      2      0      3
      2      2     -1      0      0
      2      2     -1      0      0

      1      2     -1      2      0
     -2      4     -2     -1      2
      1      1      1     -1      0
     -1      0      0     -1      2
     -1      0      0     -1      2

      0      2     -2      0     -1
      2      0      0      0      2
     -1     -1      1     -1      0
     -1      1      1     -1      0
     -1      1      1     -1      0

      0      0     -3      0      0
      0      0      2      0     -1
      0      0      0     -1      1
      0      1     -1      2      0
      0      1     -1      2      0

      0      0     -2      0      1
      1     -1     -1      0      0
      0      0      0      1      5
     -2      1      3      0      2
     -2      1      3      0      2

      2     -2     -2      0      0
     -2      0      0     -1      0
      0      0      1     -1     -1
     -1      0      0     -2     -3
     -1      0      0     -2     -3

      3     -2     -2      0     -1
      0     -3      0      2      0
      0      0      0      0      1
     -2      0      0      1      0
     -2      0      0      1      0

     -1      0      0     -4      0
     -1      0      0      0      2
      1      1      0     -3      1
     -4     -3     -2      1      3
     -4     -3     -2      1      3

