;
; ENVI ASCII Output of file: E:\Imaging\ROI_AVIRIS\5_0_15.img [Fri Nov 17 11:54:15 2017]
; File Dimensions: 5 samples x 5 lines x 224 bands
; Line Format    : (5i7)
;
    508    508    519    509    518
    519    504    519    513    492
    519    500    513    512    513
    510    500    513    512    505
    514    514    499    522    500

    619    619    616    625    611
    623    591    626    607    602
    623    606    625    632    614
    602    606    625    632    617
    620    620    609    602    627

    668    655    663    681    665
    673    653    666    645    658
    673    647    665    658    664
    665    647    665    658    658
    666    666    669    665    650

    846    838    846    838    830
    838    840    842    829    829
    838    853    833    823    831
    842    853    833    823    841
    834    834    841    843    854

   1228   1226   1225   1219   1214
   1232   1226   1220   1226   1212
   1232   1224   1232   1226   1222
   1225   1224   1232   1226   1232
   1225   1225   1231   1234   1224

   1268   1283   1292   1287   1274
   1279   1283   1286   1273   1282
   1279   1288   1282   1288   1283
   1286   1288   1282   1288   1280
   1301   1301   1290   1294   1279

   1210   1211   1199   1205   1198
   1213   1202   1216   1188   1185
   1213   1211   1206   1204   1199
   1200   1211   1206   1204   1214
   1212   1212   1208   1199   1206

   1105   1101   1098   1107   1094
   1107   1100   1111   1088   1101
   1107   1106   1102   1099   1107
   1101   1106   1102   1099   1108
   1108   1108   1107   1098   1103

   1181   1176   1179   1170   1186
   1178   1185   1187   1180   1178
   1178   1189   1194   1185   1174
   1181   1189   1194   1185   1183
   1199   1199   1194   1182   1189

   1195   1183   1195   1194   1183
   1182   1187   1185   1175   1189
   1182   1195   1187   1201   1186
   1197   1195   1187   1201   1195
   1197   1197   1199   1202   1192

   1154   1140   1148   1149   1140
   1154   1150   1155   1139   1146
   1154   1162   1155   1150   1145
   1153   1162   1155   1150   1153
   1160   1160   1162   1155   1158

   1070   1073   1077   1067   1065
   1075   1069   1078   1071   1068
   1075   1081   1070   1073   1081
   1076   1081   1070   1073   1088
   1087   1087   1081   1081   1085

   1008   1004   1008   1002    997
   1010   1008   1008    999   1007
   1010   1010   1011   1003   1007
   1016   1010   1011   1003   1010
   1015   1015   1018   1013   1012

    901    896    898    905    896
    900    901    901    896    893
    900    907    906    898    898
    904    907    906    898    904
    910    910    909    906    907

    805    805    806    807    809
    813    807    806    804    802
    813    811    809    809    805
    814    811    809    809    814
    816    816    814    811    810

    706    702    699    702    705
    704    708    706    696    694
    704    706    708    707    703
    708    706    708    707    711
    711    711    709    712    712

    614    612    615    610    608
    615    614    620    607    606
    615    614    619    613    614
    626    614    619    613    619
    621    621    620    619    619

    581    579    580    577    574
    582    579    581    574    573
    582    582    584    582    577
    588    582    584    582    586
    588    588    588    586    585

    547    544    543    544    539
    549    542    541    541    539
    549    549    549    550    540
    549    549    549    550    553
    553    553    555    553    549

    500    505    500    506    502
    507    505    508    498    502
    507    513    509    505    501
    511    513    509    505    510
    509    509    511    504    511

    462    454    459    461    455
    459    460    462    456    457
    459    464    455    463    461
    463    464    455    463    464
    466    466    467    466    460

    416    415    421    418    416
    414    421    421    412    419
    414    422    424    418    417
    424    422    424    418    427
    425    425    427    427    420

    387    387    387    387    386
    385    384    386    384    388
    385    387    389    389    384
    392    387    389    389    389
    387    387    394    387    390

    339    342    338    344    339
    345    338    345    338    340
    345    342    340    341    341
    346    342    340    341    345
    342    342    344    342    348

    317    316    314    317    313
    315    313    317    315    313
    315    319    316    317    312
    320    319    316    317    319
    318    318    321    321    322

    300    300    298    302    301
    305    302    300    298    298
    305    305    301    304    302
    305    305    301    304    310
    306    306    307    308    305

    283    283    281    280    275
    282    280    280    280    278
    282    282    278    282    279
    282    282    278    282    282
    284    284    280    283    286

    257    257    258    258    259
    261    258    261    258    258
    261    255    261    261    259
    261    255    261    261    262
    262    262    260    260    265

    247    247    246    247    247
    247    247    250    247    246
    247    246    246    248    246
    248    246    246    248    252
    250    250    247    248    249

    230    226    227    232    228
    228    224    227    229    228
    228    228    231    230    231
    227    228    231    230    232
    231    231    230    229    231

    215    210    218    218    215
    214    217    215    210    216
    214    218    219    219    218
    216    218    219    219    219
    222    222    217    216    222

    215    208    212    210    211
    211    210    214    208    213
    211    209    210    209    210
    213    209    210    209    214
    211    211    217    210    212

    213    211    213    210    211
    210    212    215    208    220
    210    210    209    207    211
    213    210    209    207    216
    211    211    218    210    213

    215    208    213    210    213
    212    210    213    208    213
    212    208    210    208    210
    212    208    210    208    214
    210    210    217    208    212

    197    192    197    195    198
    195    194    197    194    198
    195    193    194    191    192
    195    193    194    191    196
    192    192    200    194    198

    174    171    178    174    175
    175    173    172    169    176
    175    172    173    169    172
    170    172    173    169    179
    168    168    180    170    173

    153    151    157    153    156
    155    152    154    151    153
    155    150    149    147    150
    152    150    149    147    155
    148    148    156    149    154

    146    145    150    149    150
    146    146    147    145    148
    146    144    142    142    145
    150    144    142    142    148
    137    137    151    140    145

    133    132    137    134    140
    134    135    134    130    136
    134    130    130    130    131
    135    130    130    130    133
    126    126    138    127    133

    104    101    109    104    111
    108    105    102    101    105
    108    102    100     99    103
    105    102    100     99    103
     98     98    108     98    105

    113    107    116    112    117
    114    112    109    109    110
    114    108    106    107    108
    114    108    106    107    110
    106    106    113    103    111

    121    118    126    120    126
    121    122    117    117    119
    121    116    116    116    118
    119    116    116    116    119
    114    114    123    108    120

    120    115    126    124    131
    124    119    117    120    118
    124    115    117    118    117
    120    115    117    118    119
    113    113    121    111    120

     74     70     76     75     80
     75     73     68     72     71
     75     70     69     69     71
     71     70     69     69     73
     66     66     76     67     74

     93     89     99     95    101
     98     94     91     89     91
     98     89     91     91     92
     93     89     91     91     94
     85     85     95     84     94

    100     92    108     99    109
    103     98     95     95     97
    103     95     93     93     95
     98     95     93     93     97
     90     90     99     89     99

     91     87     96     90     99
     93     90     86     88     89
     93     87     86     89     89
     88     87     86     89     91
     81     81     92     80     91

     84     80     89     86     92
     87     84     81     82     83
     87     81     79     79     83
     82     81     79     79     83
     75     75     85     74     85

     76     74     84     81     86
     81     78     72     76     77
     81     73     73     75     74
     77     73     73     75     77
     68     68     79     69     79

     62     58     67     63     70
     64     64     57     61     61
     64     61     59     62     62
     63     61     59     62     62
     56     56     63     54     62

     64     61     69     64     72
     66     63     58     60     62
     66     59     59     59     62
     61     59     59     59     61
     55     55     62     55     63

     64     63     72     67     74
     67     66     61     65     62
     67     63     63     62     63
     64     63     63     62     64
     57     57     65     55     67

     68     65     78     70     78
     72     70     64     68     68
     72     66     65     66     67
     67     66     65     66     67
     60     60     71     59     70

     65     61     72     69     75
     68     65     61     62     64
     68     61     60     62     62
     66     61     60     62     63
     56     56     65     54     65

     62     60     72     65     75
     68     63     59     61     61
     68     58     59     60     62
     64     58     59     60     65
     54     54     65     51     64

     59     54     67     62     71
     64     61     54     58     56
     64     56     55     57     56
     58     56     55     57     58
     50     50     61     49     60

     55     52     63     58     68
     59     59     53     54     55
     59     53     52     53     54
     56     53     52     53     57
     49     49     58     47     57

     46     43     50     48     53
     46     45     41     45     42
     46     43     41     43     43
     42     43     41     43     44
     37     37     46     37     46

     39     36     44     40     46
     43     37     35     37     36
     43     36     35     37     38
     37     36     35     37     39
     32     32     37     30     39

     36     31     40     36     42
     39     35     32     33     33
     39     33     34     35     34
     34     33     34     35     35
     29     29     37     28     35

     33     27     37     33     38
     34     32     27     33     30
     34     30     29     30     32
     31     30     29     30     31
     24     24     31     25     32

     23     20     23     20     27
     23     21     18     22     20
     23     21     20     23     24
     22     21     20     23     22
     14     14     22     13     20

     16     13     17     17     19
     15     17     13     16     13
     15     14     13     14     15
     14     14     13     14     15
     13     13     17     11     17

     15     14     20     17     20
     21     18     14     17     13
     21     15     15     16     17
     16     15     15     16     15
     13     13     17     12     16

     26     22     29     26     33
     28     27     23     27     25
     28     25     23     25     25
     25     25     23     25     25
     20     20     26     20     27

     28     26     34     31     38
     32     32     27     29     28
     32     27     27     27     30
     30     27     27     27     29
     23     23     31     23     30

     35     31     41     37     43
     36     35     30     32     32
     36     31     30     32     32
     32     31     30     32     34
     26     26     34     25     36

     36     32     43     38     46
     40     37     31     35     34
     40     32     31     33     34
     34     32     31     33     35
     26     26     37     26     37

     34     31     41     37     45
     37     35     30     32     32
     37     32     31     33     33
     33     32     31     33     33
     26     26     35     26     34

     34     30     40     37     43
     38     36     30     34     32
     38     31     30     33     32
     33     31     30     33     33
     25     25     34     24     35

     33     29     42     36     44
     38     33     28     33     31
     38     30     29     32     32
     33     30     29     32     33
     25     25     34     24     35

     32     27     37     33     40
     33     32     26     30     27
     33     27     27     29     30
     29     27     27     29     30
     22     22     31     22     31

     31     27     37     32     40
     34     31     26     30     27
     34     27     28     28     28
     29     27     28     28     30
     22     22     31     22     31

     29     25     35     32     37
     31     29     24     28     25
     31     27     25     27     27
     27     27     25     27     29
     20     20     29     20     30

     27     25     35     32     38
     33     29     24     26     25
     33     26     25     26     26
     26     26     25     26     27
     20     20     30     18     26

     25     22     31     28     35
     28     26     21     25     22
     28     22     23     24     24
     24     22     23     24     24
     18     18     25     17     26

     23     20     29     26     32
     26     24     20     23     21
     26     21     20     22     22
     23     21     20     22     23
     16     16     23     15     24

     21     18     27     25     29
     24     22     19     22     19
     24     19     18     20     20
     21     19     18     20     21
     15     15     21     14     21

     17     13     22     18     24
     19     17     14     17     16
     19     14     15     16     15
     16     14     15     16     17
     11     11     17     11     17

     10      9     14     11     15
     13     11      8     12      9
     13     10      9     10     11
     10     10      9     10     10
      7      7     11      7     11

      6      5      6      5      3
      4      4      3      4      4
      4      5      3      4      5
      5      5      3      4      4
      2      2      6      2      5

      4      3      4      4      6
      4      4      3      4      4
      4      4      2      3      3
      2      4      2      3      3
      2      2      3      2      4

      6      3      7      6      5
      4      5      3      4      4
      4      4      4      5      5
      4      4      4      5      5
      3      3      4      2      6

      5      4      5      6      8
      5      5      4      4      4
      5      4      3      4      4
      4      4      3      4      4
      3      3      5      3      5

      6      4      8      8     10
      8      8      5      6      6
      8      6      6      6      6
      7      6      6      6      5
      4      4      6      4      7

     10      9     15     12     16
     12     12      9     10      9
     12      9      9     10     10
      9      9      9     10     10
      6      6     12      6     11

     12     11     17     15     20
     15     13     10     12     12
     15     11     12     12     12
     12     11     12     12     13
      8      8     13      8     13

     11     10     15     13     16
     13     12      9     12      9
     13     11     10     11     10
     10     11     10     11     11
      6      6     12      6     12

     12     11     17     14     17
     13     14     10     12     10
     13     11     10     11     11
     10     11     10     11     13
      7      7     12      7     12

     10      9     14     12     16
     12     11      8     11      8
     12      9      9     11     10
     10      9      9     11     10
      6      6     11      5     10

     12     10     17     13     17
     14     12      9     12     10
     14     11      9     11     11
     10     11      9     11     11
      7      7     11      7     12

     11     10     16     15     17
     14     12     10     13     11
     14     11     10     12     11
     11     11     10     12     13
      7      7     11      6     12

     13     10     18     15     20
     16     13     10     13     10
     16     12     11     13     12
     13     12     11     13     14
      7      7     13      7     13

     12     10     17     15     20
     14     14     10     12     11
     14     12     10     12     12
     13     12     10     12     13
      8      8     14      7     14

     11      9     15     15     18
     13     13      9     12     10
     13     11      9     11     13
     11     11      9     11     11
      7      7     11      6     13

     11      9     17     12     17
     14     12      9     11      9
     14     10      9     10     10
     10     10      9     10     10
      6      6     11      6     11

     11      9     15     15     18
     13     13      9     12     10
     13     11      9     11     13
     11     11      9     11     11
      7      7     11      6     13

     11     10     14     14     10
     12     11      9     12     10
     12     10     11     11     12
      9     10     11     11      9
     10     10     12      7     11

     15     13     15     12      8
     17     12     11     10      6
     17     14      9     12      8
     12     14      9     12      9
     12     12     14     12     10

     10     12     12     11     13
     15      8     13      9     12
     15     14     11     14     13
      9     14     11     14     10
     10     10     12      8     11

     11     11     10      9      8
     14     10     10      9     13
     14     10     11     13     11
     10     10     11     13     13
     10     10     15     11     12

      9     12     11      7      6
     11      7      7      6     10
     11     11     10     10     10
     11     11     10     10      9
     10     10      9      7      9

      9     10      9      7      9
      9      7      7      9     11
      9      9     10     10      4
      6      9     10     10      4
      7      7      8      8      9

     39     35     38     25     34
     49     41     54     77     58
     49     43     57     49     39
     59     43     57     49     58
     50     50     48     62     56

      5      3      4      4      4
      6      5      4      4      4
      6      5      5      5      4
      4      5      5      5      1
      3      3      3      3      2

      3      2      3      1      2
      2      2      2      3      3
      2      0      2      4      3
      3      0      2      4      2
      2      2      2      2      2

      1      0      0      0      0
      0      0     -1     -1      0
      0      1      0      0      0
      0      1      0      0      1
      0      0      0      0      2

      0     -1      1     -1      0
      0      0     -1     -1      0
      0      0      0      0     -1
      0      0      0      0      1
      0      0      0      0      0

      0      0      3      0      0
      1     -2     -1     -1      2
      1      0      0     -1     -2
      1      0      0     -1     -1
     -1     -1      0      0      3

      1      0      2      0      0
      1      0      0      0      0
      1      1      0      3      0
      2      1      0      3      0
      0      0     -1     -1      0

      3      0      2      1     -1
      2     -5     -1      0      4
      2      4      3      3      0
      5      4      3      3      4
     -1     -1      0     -3      2

      1      2      1      0      2
      2      1      0      0      2
      2      0      1      2      0
      0      0      1      2      0
     -1     -1      0      0      0

      2     -2     -1     -1      1
      1     -3      0      0      0
      1     -1      2      0     -1
      1     -1      2      0      0
      0      0      1      0      2

      0      2      1      2      1
      0     -1      0      0      1
      0      0      3      1      0
      2      0      3      1      1
      0      0      0      2      0

      1      0      1      2      1
      1      0      1      0      0
      1      0      2      2      0
      0      0      2      2     -1
      2      2      0      0      2

      0      3      1      1      1
      3      0      1      0      0
      3      2      0      3      1
      3      2      0      3      0
      2      2      4      0      3

      3      4      2      4      3
      4      3      1      0      3
      4      1      3      2      2
      5      1      3      2      2
      2      2      3      2      1

      4      3      4      5      3
      5      2     -1      1      5
      5      1      2      3      2
      4      1      2      3      3
      2      2      4      1      2

      3      3      3      2      6
      2      2      1      0      2
      2      2      1      1      0
      1      2      1      1      2
      4      4      4      1      5

      1      4      4      2      1
      3      6      1      3      3
      3      2      3      5      0
      3      2      3      5      3
      3      3      3      2      4

      5      6      8      7      5
      6      4      5      4      5
      6      6      7      7      5
      4      6      7      7      6
      6      6      8      7      5

      9     10      8      9      8
      9      7      8      8      8
      9      9      7     10      7
      8      9      7     10      9
      7      7     10      6      8

     10     13      9      9      9
     12      9      8      6      7
     12     10      9     11      7
     11     10      9     11      8
      8      8     10      9     10

     10     11      9     11     13
     11     10      9     10      9
     11     12     12     10     10
      8     12     12     10      9
     10     10     10     10      9

     11      9     11     11      9
     13     10      9     11     10
     13     11      7     11     10
     11     11      7     11     10
      8      8     10     10     11

     14     12     11     12     14
     13     11      8     12     12
     13     12     13     16     11
      8     12     13     16      9
     11     11     13      9     10

     12     11      9     11     10
     11     10      9      8     10
     11     11     10     11     11
     12     11     10     11      9
     10     10     10     11     11

      9     11     11     10      9
     12     10      7     10     10
     12     10     10     12      9
     13     10     10     12      9
     12     12     13      8     12

     11      9      9      8      9
      9      8     12      8      8
      9     11     10      9      9
      8     11     10      9     10
      9      9      9      9      9

      9     11      8     10      9
      9      8     10      9      9
      9     10      7     12      8
     10     10      7     12      8
      9      9      8      8      8

     10      8      8     10      8
      9      8      7      8      8
      9     10     12     12     10
     10     10     12     12      9
      9      9     10      7      9

      7      9     10      8      8
     10      9      7      8      7
     10      9      9     10      9
      9      9      9     10      7
      8      8      9      7     10

      8      9      7      9      8
     10      9      6      6      8
     10      6      8     11      6
      8      6      8     11      8
      7      7      9      4      9

     10      8      8      9      8
      8      9      8      7      9
      8     11     11     10      8
      9     11     11     10      8
      9      9      9      9      8

      8      9     10     11     10
     10      8      8      7      7
     10      9     10      9      7
      7      9     10      9      7
      7      7      9      6     10

      7      8      9      8      8
      8      6      8      6     10
      8      9     10     10      5
      8      9     10     10      7
      8      8      8      5      8

      7      9      8      8      8
      8      8      6      6      9
      8      9      8      9      7
      7      9      8      9      8
      6      6      8      7      7

      9      7      9      9      7
      7      6      6      7      6
      7      8      9      9      6
      8      8      9      9      6
      6      6      8      7      7

      7      8      6      6      6
      7      5      6      6      7
      7      7      7      6      7
      7      7      7      6      4
      5      5      7      6      8

      7      7      8      7      8
      6      7      7      6      7
      6      6      6      8      7
      8      6      6      8      7
      5      5      8      6      7

      7      7      6      7      7
      6      5      8      6      8
      6      8      8      7      8
      6      8      8      7      5
      5      5      7      5      8

      8      7      7      6      7
      6      4      7      7      5
      6      7      5      9      5
      5      7      5      9      7
      5      5      5      5      6

      6      7      7      6      5
      5      5      5      4      4
      5      7      5      7      6
      4      7      5      7      6
      5      5      5      5      3

      7      7      6      5      5
      5      3      4      4      5
      5      6      5      6      5
      6      6      5      6      3
      5      5      6      6      6

      5      5      4      5      5
      5      4      5      5      5
      5      7      7      7      4
      6      7      7      7      3
      5      5      5      3      6

      6      4      4      3      4
      3      1      3      2      3
      3      4      4      5      3
      5      4      4      5      6
      6      6      6      4      5

      5      4      5      2      1
      4      4      3      5      6
      4      3      5      6      3
      5      3      5      6      4
      5      5      3      4      5

      4      5      7      2      4
      5      3      2      3      5
      5      2      4      4      4
      5      2      4      4      4
      2      2      4      1      5

      2      1      3      2      2
      3      3      3      3      2
      3      2      4      3      2
      3      2      4      3      2
      3      3      4      3      3

      5      2      2      2      3
      4      0      3      2      3
      4      4      2      2      1
      2      4      2      2      1
      0      0      4      2      2

      1      1      2      0      2
      0      1      2      2      1
      0      1      1      0      1
      2      1      1      0      0
      0      0      0      1      1

      2      1      0      1     -1
      2      0      2      0      0
      2      1      1      4      0
      0      1      1      4      0
      0      0      1      0      2

      0      0      0      0      0
      1     -1      0     -1      0
      1      0      0      0     -2
      0      0      0      0      0
     -2     -2      0      0      0

      0      0      0      1     -1
      1      0     -1     -1      0
      1      0      0      1      0
      0      0      0      1     -1
      0      0      0      0      0

      0      0      1      0      1
      1     -1      0     -2     -2
      1      1      0     -2      0
      0      1      0     -2     -1
      0      0      0      0      2

      0      1      0     -1      0
      0     -1     -2     -2      0
      0     -1      0      0      0
      1     -1      0      0      0
     -1     -1      1      0      1

      0      1      0     -1      0
      1      0      0     -1      0
      1      0      0      0      0
      0      0      0      0      0
      0      0      0      0      0

      1      1      0      0     -1
      1     -3      0      0      0
      1      0      0      0      0
      0      0      0      0      0
     -3     -3      0     -2      0

      0      0      0      0      0
      1     -2     -3     -1      0
      1      0      0      1     -1
     -1      0      0      1      1
     -2     -2      1     -2      1

      0      1      0     -1      0
      0      0      0     -1      1
      0      0      1      1     -2
      0      0      1      1      0
      0      0      0      0      1

      0      1      0     -2      0
      0      0      1     -1      0
      0      0      0      1      0
      0      0      0      1      0
      1      1      0      0      0

      0      0      0      0      0
      1      1      1     -1      0
      1      0      0      2      0
      0      0      0      2      0
     -1     -1      1      0      1

     -1      1     -1     -2      0
     -1      0      0     -1      2
     -1      0     -1      0      0
      0      0     -1      0      0
      0      0      0      1      0

     -2      0      0     -1      0
     -1      0      0      0      0
     -1      0      0      2      1
     -1      0      0      2      0
      0      0      1      1      0

     -2      0      0      0      1
      0      0      0     -1      1
      0      0      0      2      1
      0      0      0      2      0
      1      1      0      0      0

     -2      1      0      0      0
     -1      0      0      0      1
     -1      0     -1      3     -1
      0      0     -1      3      0
     -1     -1      0      1      0

     -1      2      1      0      1
     -1      1      0     -1      0
     -1      0      0      0      1
     -1      0      0      0      0
      0      0      1      0      0

      0      1      0      0      0
      0      1      0     -1      0
      0     -1      0      1      0
     -1     -1      0      1      0
     -1     -1      0      0      0

     -1      1      0      0      2
      0      0      0      0      0
      0      0      0      0      0
      0      0      0      0      0
      0      0      0      1      0

      0      1      1      0      1
      0      0      0      0      1
      0      0     -1      1     -1
      0      0     -1      1     -1
     -1     -1      1      0      1

      0      1      1      0      2
      0      1      0      0      0
      0      0      1      1      2
      0      0      1      1      0
      1      1      2      3      1

      0      3      1      2      4
      0      2      2      0      4
      0      1      0      4      2
      1      1      0      4      3
      2      2      2      1      1

      0      4      2      2      3
      4      3      3      3      2
      4      2      4      3      2
      2      2      4      3      3
      2      2      4      3      2

      0      2      5      0      3
      0      3      2      1      2
      0      0      1      5      1
      1      0      1      5      1
      1      1      2      3      2

      0      0      0      0      1
      0      0      0      1      1
      0      0      0      3      0
      0      0      0      3      2
      0      0      0      0      1

     -1      2      1      0      2
      0      2      1      0      0
      0      1      0      3      1
      0      1      0      3      1
      2      2      2      2      1

      2      4      2      2      3
      3      1      1      3      3
      3      2      2      4      2
      2      2      2      4      1
      3      3      3      2      3

      2      5      4      3      4
      4      3      4      3      5
      4      3      2      5      4
      2      3      2      5      3
      4      4      3      4      5

      2      4      2      1      4
      2      2      3      3      2
      2      2      3      4      4
      3      2      3      4      2
      2      2      3      4      3

      0      3      2      2      4
      2      3      2      1      2
      2      2      2      5      3
      2      2      2      5      2
      1      1      1      4      3

      1      3      2      2      3
      2      2      2      4      4
      2      2      3      6      2
      3      2      3      6      2
      1      1      1      3      1

      2      5      3      3      2
      2      2      2      2      4
      2      2      4      5      3
      2      2      4      5      3
      4      4      2      4      3

      2      4      4      3      4
      2      4      3      4      4
      2      4      3      5      3
      4      4      3      5      4
      4      4      5      5      3

      2      4      4      1      3
      4      4      4      3      3
      4      4      4      5      3
      3      4      4      5      3
      4      4      5      4      4

      2      4      3      3      6
      3      4      5      5      4
      3      4      4      5      3
      3      4      4      5      3
      4      4      4      5      4

      3      4      3      1      3
      3      2      2      2      2
      3      2      4      4      3
      4      2      4      4      4
      3      3      4      3      5

      3      4      3      3      4
      2      3      2      3      3
      2      4      4      4      3
      3      4      4      4      4
      3      3      3      4      3

      0      2      4      5      5
      4      3      4      4      3
      4      3      4      3      3
      2      3      4      3      3
      5      5      4      5      4

      1      4      3      3      4
      2      4      4      3      4
      2      2      3      5      3
      2      2      3      5      3
      4      4      3      3      5

      1      4      3      3      5
      3      3      3      4      4
      3      4      2      4      2
      2      4      2      4      3
      3      3      4      5      3

      3      5      2      1      4
      1      3      4      3      2
      1      2      2      4      2
      1      2      2      4      2
      4      4      6      3      2

      3      5      3      2      3
      1      4      2      2      3
      1      3      3      5      2
      4      3      3      5      1
      2      2      3      3      3

      2      2      3      2      2
      1      1      4      3      2
      1      3      3      5      3
      2      3      3      5      3
      3      3      2      4      4

      1      4      3      0      3
      1      2      2      3      2
      1      2      2      4      3
      2      2      2      4      2
      1      1      3      2      5

      1      3      2      1      3
      1      2      3      2      3
      1      3      3      5      1
      2      3      3      5      2
      3      3      2      3      4

      2      4      3      2      4
      0      2      2      2      3
      0      2      2      4      2
      3      2      2      4      2
      2      2      1      2      2

      0      5      4      2      4
      1      2      3      4      5
      1      4      1      4      3
      3      4      1      4      4
      3      3      3      4      3

      2      3      3      2      4
      3      4      3      1      3
      3      2      2      4      2
      3      2      2      4      2
      1      1      4      3      2

      1      3      4      2      4
      2      1      3      1      2
      2      3      4      2      2
      0      3      4      2      3
      2      2      3      2      1

      0      3      1      2      3
      2      3      1      1      1
      2      2      1      1      1
      2      2      1      1      3
      2      2      4      3      3

      1      3      1      0      3
      1      4      3      2      3
      1      1      1      4      2
      2      1      1      4      1
      3      3      3      4      2

      0      4      2      1      3
      0      2      2      2      2
      0      0      2      3      0
      1      0      2      3      1
      1      1      5      1      2

      0      4      0      3      3
      1      1      2      1      2
      1      3      1      3      0
      2      3      1      3      4
      1      1      3      3      1

      0      4      2      1      4
      1      1      2      3      4
      1      0      3      3      4
      1      0      3      3      0
      0      0      1      2      2

      0      0      1      1      2
      3      0      2      1      3
      3      1      1      2      2
      0      1      1      2      2
      2      2      1      1      2

      0      2      2      1      2
      0      1      2      2      2
      0      1      3      4      3
      0      1      3      4      1
      0      0      1      3      3

      0      2      3      0      2
      0      3      0      0      2
      0      2      2      5      1
      0      2      2      5      2
      1      1      1      2      3

      0      1      0      1      3
     -1      3      2      0      0
     -1      0      3      3      0
      0      0      3      3      2
      1      1      2      2      2

      0      1      2      1      2
      0      0      4      1      1
      0      1      1      2      1
      0      1      1      2      4
      2      2      2      1      0

      0      0      1      0      2
      0      0      1      0      2
      0      1      1      2      0
     -1      1      1      2      3
      0      0      2      1      1

      1      2      3      1      2
      1      0      3      0      1
      1      1      1      1      1
     -1      1      1      1      1
     -1     -1      1      4      3

      0      1      1     -1      1
      0      0      1     -1      0
      0      0      1      4      1
      0      0      1      4      0
      0      0      2      0      0

      0      2      1      0      1
      0      0      3      1      0
      0      1      2      4      0
      0      1      2      4      0
      0      0      0      1      0

      0      3      4      1      2
     -1      0      0      1      3
     -1      2      0      3      2
      0      2      0      3      1
      0      0      1      4      3

      3      0      1      0      1
     -1      2      0     -3      2
     -1      1      1      2      0
      1      1      1      2      0
      0      0      2      0      0

      0      0      1      0      0
      1      4      0      0      0
      1      1      0      3      1
     -2      1      0      3     -1
      0      0      1      0      0

      0      0      1      0      4
      0      1      1      0      1
      0      0      0      3      0
      0      0      0      3      1
      1      1      1      2      1

     -1     -1      0      2      2
      0     -3      1      1      1
      0      2     -1      1      0
      0      2     -1      1      1
      0      0      0      0      2

      1      1      0     -1      2
     -1      0      0      0      1
     -1      3      1      1     -1
     -1      3      1      1     -1
      2      2      1      0      0

      1      1      0      0      1
     -2      0      2      0      0
     -2     -2      0      2      1
      1     -2      0      2      0
      0      0      1      0      0

      0      0      0     -2      3
     -2     -1      2     -1      1
     -2      0     -1      0      0
      0      0     -1      0      0
      0      0      1      0      1

      0      1      1     -1      0
     -1      0      2      0      3
     -1      0     -1      1      1
     -1      0     -1      1      1
      2      2      1     -2      0

     -3      1      0      0      0
      3      0     -1      0      1
      3      0     -1      0      0
     -1      0     -1      0      0
      0      0     -1     -2      2

     -1      2     -1      0      1
     -1      1     -1      0      0
     -1      1      0      3      1
     -1      1      0      3     -1
     -1     -1      2      0     -4

