;
; ENVI ASCII Output of file: E:\Imaging\ROI_AVIRIS\5_0_2.img [Fri Nov 17 11:52:04 2017]
; File Dimensions: 5 samples x 5 lines x 224 bands
; Line Format    : (5i7)
;
    516    518    509    499    514
    505    525    522    496    485
    488    515    515    494    519
    527    499    503    503    513
    510    510    509    519    540

    604    620    605    602    607
    618    609    620    605    610
    625    606    606    629    595
    620    608    600    608    618
    609    604    604    610    623

    663    661    648    649    666
    656    666    674    656    661
    654    651    651    657    671
    645    657    667    670    670
    650    655    650    652    675

    826    820    822    814    834
    835    836    827    835    827
    822    818    818    833    819
    819    836    827    838    826
    820    817    828    824    838

   1208   1206   1199   1201   1200
   1205   1212   1222   1197   1208
   1204   1195   1195   1197   1198
   1194   1210   1202   1212   1211
   1201   1195   1205   1190   1198

   1258   1252   1249   1261   1259
   1251   1265   1259   1251   1259
   1260   1257   1257   1253   1259
   1250   1251   1244   1257   1253
   1252   1246   1247   1257   1240

   1176   1191   1190   1179   1184
   1171   1173   1174   1185   1174
   1172   1182   1182   1169   1169
   1172   1166   1181   1179   1184
   1167   1178   1179   1173   1177

   1087   1081   1081   1087   1086
   1082   1083   1086   1077   1090
   1075   1078   1078   1077   1075
   1082   1077   1072   1080   1089
   1085   1078   1078   1076   1073

   1168   1159   1166   1159   1166
   1157   1170   1157   1158   1162
   1162   1160   1160   1149   1164
   1158   1156   1145   1166   1159
   1159   1159   1161   1151   1152

   1174   1170   1173   1169   1169
   1167   1177   1174   1173   1174
   1172   1155   1155   1162   1168
   1165   1163   1171   1167   1165
   1161   1178   1173   1179   1169

   1128   1139   1129   1130   1131
   1129   1124   1134   1128   1128
   1131   1123   1123   1126   1134
   1138   1127   1125   1126   1127
   1133   1131   1131   1121   1127

   1052   1055   1056   1052   1067
   1053   1056   1061   1060   1058
   1054   1049   1049   1050   1053
   1057   1058   1047   1057   1059
   1059   1061   1047   1057   1053

    994    989    986    989    991
    991    987    989    986    994
    985    988    988    989    986
    988    986    980    983    985
    992    986    984    989    989

    884    886    878    880    885
    880    882    881    882    884
    881    878    878    875    880
    880    883    878    877    878
    878    881    882    883    877

    785    791    787    791    793
    791    789    787    781    789
    783    790    790    786    787
    794    780    779    784    783
    785    782    786    785    782

    684    689    687    683    686
    680    681    684    678    686
    683    683    683    677    685
    680    678    683    680    676
    682    684    675    685    679

    594    599    593    596    596
    598    592    594    593    592
    588    595    595    593    591
    598    592    592    591    589
    594    599    591    592    586

    559    563    559    561    564
    565    560    564    561    560
    555    563    563    558    560
    563    557    558    559    557
    560    559    557    558    554

    523    527    524    526    532
    530    527    532    527    528
    520    530    530    522    528
    527    522    523    525    523
    525    519    521    524    522

    487    489    484    489    485
    487    484    483    482    484
    484    481    481    487    483
    483    487    480    487    487
    485    487    481    486    487

    438    444    438    444    442
    441    438    440    439    441
    440    442    442    444    438
    441    439    441    444    439
    444    442    447    441    440

    405    409    403    399    400
    400    401    407    400    402
    400    403    403    401    403
    399    399    400    402    403
    402    405    400    404    399

    369    368    373    366    372
    370    370    366    369    365
    370    372    372    367    370
    370    366    364    374    370
    368    371    370    369    368

    322    327    323    332    328
    326    325    328    327    326
    327    323    323    322    326
    329    322    325    321    326
    323    330    322    328    325

    300    299    300    304    300
    297    302    301    302    298
    297    298    298    300    300
    302    304    293    301    301
    304    304    298    302    299

    286    290    288    289    289
    287    286    290    287    287
    283    285    285    282    287
    290    288    287    289    287
    288    287    289    285    287

    268    265    266    268    266
    266    264    268    267    265
    265    268    268    265    261
    268    267    261    265    267
    267    267    262    265    267

    243    246    241    245    248
    245    246    246    247    245
    241    245    245    250    242
    246    244    242    251    246
    248    246    248    240    243

    233    238    232    232    235
    234    233    234    234    231
    231    234    234    232    232
    233    234    232    234    230
    234    236    237    237    232

    217    217    214    215    215
    215    215    218    216    216
    212    217    217    215    217
    213    216    213    214    219
    215    216    215    215    215

    205    209    205    206    210
    204    202    206    204    205
    204    204    204    200    205
    202    206    203    208    205
    206    205    200    206    207

    200    201    198    201    201
    199    202    200    199    200
    197    199    199    201    199
    200    201    197    196    202
    200    200    199    198    197

    201    202    195    197    207
    199    197    201    200    198
    198    200    200    198    200
    202    203    199    194    197
    203    200    198    199    201

    199    203    197    200    200
    199    202    200    199    199
    197    199    199    200    199
    200    201    197    195    201
    201    200    200    199    196

    181    188    176    183    188
    183    186    186    183    181
    180    187    187    185    187
    186    186    181    182    183
    188    187    186    184    178

    160    170    160    162    162
    163    165    164    164    159
    162    166    166    162    166
    160    165    162    161    159
    167    165    160    163    160

    141    150    137    141    144
    142    142    144    145    140
    141    147    147    144    143
    146    147    141    141    140
    146    147    145    145    140

    133    146    130    136    141
    133    138    139    138    130
    137    137    137    135    136
    139    140    136    135    137
    142    137    138    137    133

    119    134    119    125    127
    126    128    126    127    123
    126    128    128    123    126
    129    130    125    123    123
    130    129    126    124    123

     93    104     94     97     99
     98    101    100     99     94
     97    100    100     99     99
    100    102     98     94     94
    100     98     98     98     95

    100    114     98    101    107
    105    104    106    108    100
    105    107    107    104    104
    105    107    103    102    102
    107    108    108    103    101

    107    125    105    110    114
    113    115    113    112    109
    111    118    118    112    112
    112    118    113    108    107
    117    114    115    114    107

    108    127    107    109    113
    113    113    116    116    107
    113    116    116    110    113
    115    118    113    108    108
    118    115    116    113    109

     64     77     62     65     67
     69     70     70     70     64
     68     72     72     66     67
     70     69     69     66     64
     70     70     69     69     65

     85    100     81     84     88
     88     91     89     90     82
     87     88     88     85     87
     92     91     88     83     84
     94     91     91     89     82

     86    105     86     89     90
     94     91     97     95     84
     92     95     95     89     93
     92     97     91     87     88
     99     95     95     94     86

     79     98     78     80     83
     86     87     88     87     79
     84     87     87     84     85
     86     88     84     81     82
     90     88     89     88     81

     74     93     72     74     76
     79     81     81     81     71
     80     82     82     78     78
     79     82     79     74     74
     86     82     84     82     74

     67     87     67     68     72
     73     75     75     75     67
     73     74     74     70     72
     74     77     72     68     69
     77     76     77     77     68

     54     70     53     54     57
     59     60     61     62     53
     59     61     61     57     57
     59     62     60     57     57
     63     62     63     62     56

     56     71     55     56     57
     61     60     64     62     54
     57     63     63     58     61
     59     63     59     53     56
     63     62     63     63     54

     55     76     57     56     62
     60     63     63     64     56
     61     65     65     59     61
     60     65     62     58     58
     66     65     66     64     57

     60     81     59     61     64
     66     67     72     70     57
     66     68     68     63     66
     69     69     64     61     61
     70     69     70     67     61

     56     77     54     56     59
     61     61     63     66     55
     61     64     64     58     59
     62     65     61     56     57
     67     65     66     65     57

     53     77     55     53     57
     61     61     62     65     53
     60     63     63     58     58
     62     67     60     56     55
     64     62     65     61     55

     50     72     51     49     56
     56     60     58     61     49
     55     59     59     52     56
     58     61     57     52     52
     61     60     60     59     50

     48     68     47     50     51
     55     54     55     58     49
     52     57     57     52     52
     55     58     53     50     49
     59     59     58     58     48

     36     54     37     38     41
     43     45     43     43     36
     44     45     45     40     42
     45     46     43     38     40
     47     46     48     46     39

     31     51     33     34     37
     37     37     39     40     32
     36     38     38     34     36
     37     39     37     35     33
     40     39     40     38     33

     31     44     31     29     32
     34     35     35     34     29
     36     35     35     31     32
     36     38     33     32     31
     38     38     36     36     32

     27     44     27     26     32
     30     32     31     31     28
     32     34     34     29     32
     32     34     33     29     29
     35     33     34     33     28

     17     30     19     18     17
     18     21     19     24     18
     20     20     20     18     22
     20     22     18     19     20
     22     22     21     21     20

     12     22     13     12     15
     14     15     16     17     13
     16     14     14     15     15
     15     17     17     15     15
     17     16     15     17     16

     14     22     12     13     15
     15     16     17     15     13
     15     17     17     13     16
     15     17     14     15     15
     18     16     16     15     15

     21     34     20     21     24
     24     26     27     27     18
     25     27     27     23     26
     24     28     25     21     23
     28     26     29     24     21

     24     39     23     24     26
     27     29     31     29     23
     27     28     28     26     26
     27     30     26     26     26
     32     30     31     30     24

     26     46     27     28     30
     31     33     35     35     26
     31     32     32     28     32
     32     36     33     28     28
     36     35     35     33     28

     26     48     27     28     32
     34     33     35     37     28
     33     36     36     30     32
     34     36     35     28     30
     37     37     39     36     29

     27     48     28     28     31
     32     34     36     35     26
     32     35     35     29     32
     33     35     32     28     28
     37     34     37     35     28

     26     45     25     27     29
     32     33     35     35     26
     32     35     35     28     31
     33     34     33     28     28
     38     33     36     36     28

     27     46     26     26     30
     32     32     34     34     26
     30     33     33     29     31
     31     33     32     26     27
     36     33     36     34     27

     23     42     23     24     27
     30     30     31     31     23
     29     31     31     26     26
     27     30     29     24     24
     32     31     32     31     25

     23     44     23     23     28
     28     29     32     32     23
     28     32     32     26     27
     28     32     28     25     25
     33     32     32     31     23

     21     38     21     23     25
     27     28     30     29     22
     25     29     29     24     24
     27     29     26     22     22
     30     29     31     30     22

     20     40     22     21     23
     27     27     29     28     21
     27     28     28     23     26
     26     29     26     23     22
     30     28     30     29     22

     19     36     19     19     22
     22     25     26     26     18
     24     25     25     21     22
     23     26     23     20     20
     27     25     26     26     19

     17     34     17     17     20
     21     23     24     24     17
     22     23     23     19     20
     22     24     21     19     18
     25     24     25     25     17

     15     32     16     16     18
     20     20     22     22     15
     20     22     22     17     18
     20     21     20     17     17
     23     22     24     23     16

     12     25     13     13     15
     15     16     18     17     12
     15     15     15     13     16
     16     17     15     14     13
     17     19     18     18     13

      8     15      7      8      8
     11     10     12     11      9
      9     10     10      8      9
      9     11     12      8      7
     11     11     10     10      8

      3      8      4      4      3
      5      4      5      5      4
      4      3      3      4      4
      4      5      3      4      4
      5      5      3      4      4

      3      6      2      3      3
      3      4      5      4      3
      4      2      2      3      4
      2      5      4      3      4
      5      4      4      4      3

      3      9      4      4      4
      4      5      6      6      4
      6      5      5      5      5
      4      5      5      4      4
      4      6      6      6      5

      3      8      3      2      3
      5      6      5      6      4
      4      4      4      3      4
      5      6      6      4      5
      6      5      4      5      4

      5     10      5      5      5
      5      6      9      6      5
      5      6      6      5      7
      6      7      6      5      6
      8      8      9      7      4

      7     19      8      9      9
     10     11     12     11      8
     10     11     11     10     11
     10     13     11      9      8
     12     11     12     11      8

      9     21      8      9     11
     12     13     14     14      9
     12     14     14     11     12
     13     13     11     10     10
     14     13     15     14      9

      8     18      8      9     10
     11     11     12     14      8
     11     12     12      9     11
     10     12     12      9      9
     12     12     13     12      8

      8     18      8      9     11
     13     12     14     13      8
     11     13     13      9     11
     11     12     11      9     10
     13     13     14     12     10

      6     18      7      7      8
     10     11     11     11      7
     10     11     11      8      8
     10     12     10      8      8
     11     11     11     11      8

      9     21      7      8      9
     11     12     13     12      8
     10     12     12      9     12
     10     12     11      9      9
     13     12     14     12      8

      7     21      8      8      9
     12     12     11     14      8
     11     12     12      9     10
     10     13     11      9      9
     12     13     14     11      9

      9     20      9     10     12
     13     14     15     15      9
     13     14     14     12     11
     12     14     13     10     10
     14     13     15     15     10

      9     23      8      9     12
     12     14     14     14      9
     13     14     14     10     12
     12     13     13     10     10
     14     15     15     14     10

      8     17      8      9     11
     11     12     12     12      8
     10     14     14     10     10
     11     13     12      9      9
     14     13     14     13      9

      8     17      7      8      9
     11     12     12     13      7
     11     12     12      8      9
     10     11     11      9      8
     11     11     13     12      8

      7     17      7      9     11
     11     12     12     12      8
     10     14     14     10     10
     11     13     12      9      9
     14     13     14     13      9

     12     13     13      6     14
      6     12     13     14      8
     11     12     12      9      9
      4      8      8     11     10
     14     13     15     14      7

     10     10     13     12     16
     12     10     11     11      9
      9     13     13     13      6
      8      7     11     11     11
     10     10     13     13      7

     10     14     11     10     14
      8     13      8     14     10
     13     10     10      6     10
     10      8      8     16      9
     14     13     11     12     10

      9     14      8     11     13
     12     16     12     13     13
     11     13     13     13     11
      8     10      9     13      9
      9     13     12     12      8

      9     11     10      8     11
     10     13     12     10     10
     12     10     10      8      6
      8     11      9      9      8
     11      9      8      6      9

      5      9      6      6      7
      7     10      7      8      7
     10      7      7      8      8
      6      6      6     10      8
     11      7      8      8      6

    -11    -11     -5    -10    -10
    -12     -5    -11    -12    -10
    -18     -6     -6    -10     -4
     -5    -17    -12     -8     -7
     29     29     29     31    -10

      3      4      3      3      5
      4      5      5      4      5
      5      4      4      4      3
      5      3      3      5      5
      3      4      3      6      3

      3      3      2      2      4
      3      3      3      3      2
      3      3      3      2      3
      0      3      2      3      3
      3      3      6      4      2

      0      2      0     -1      1
      0      1      0      0      0
      1      2      2      0      0
      0      0     -1      0      0
      1      1      0      0      0

      0      0      0      0      1
      1      1      2     -3     -2
      0      0      0     -1      1
      0      0     -1      0      0
      1      0      1     -1      0

      0      0      2      0      2
     -1      0      1     -2      0
     -1      1      1      0      1
     -3     -1      0     -1      0
      1      0      2      0     -1

      0      1      0     -2      1
      0      0      0      0      0
      2      2      2      0      1
      0      1      0      1      0
      0      1      2      0      0

     -4      2      1     -2      4
     -7     -7     -2     -8     -3
      1      3      3      0      3
     -1      0      0     -1     -2
      3      0      1      0     -3

      0      1      0      0      0
      1      0      0      0     -2
      0      2      2      1      1
     -3      0      0      2      0
      0      0      2      0      0

     -1      2      2      0      1
      0     -1     -1     -1      0
      4      0      0      1      0
      0     -1      0      0      0
      3      0      0      2     -1

      1      3      0     -1      3
      0      5      0     -1     -1
      1      2      2      1      0
      0      2      0      2      2
      2      2      0      0      1

      0      1      0      0      1
      0      0      4     -1      1
      4      1      1      0     -1
      1      1      0      3      0
      4      3      0      0      1

      0      3      0      0      2
      1      0      0      1      0
      1      1      1      0      0
      0      0      1      1      0
      3      2      1      2      0

      1      5      1      1      2
      2      3      1      0      1
      4      4      4      1      4
      1      4      0      3      2
      5      4      3      3      0

      1      2      3      2      3
      2      5      4      4      4
      4      4      4      3      1
      2      2      0      2      3
      5      5      4      5      3

      1      4      0      3      1
      0      4      4      0      3
      4      4      4      4      2
      2      1      1      2      2
      1      1      5      3      1

      1      2      2      2      3
      1      2      5      5      2
      4      7      7      1      3
      3      2      1      3      2
      1      6      4      3      1

      6      4      6      6      7
      5      8      5      6      6
      8      8      8      6      5
      3      6      6      8      6
      9      5      8      4      4

      8      8      8      6      8
      8      9      7      8      8
      8     10     10      7      8
      7      7      8      7      6
     10     10      9      8      5

     10     12     10      8     10
      9     10      9      9      9
      9     11     11      9      7
      9      9      7     11      8
      9      9      9      7      9

      8     11      8      8     13
      9     11      9      7      9
      9     10     10      9      8
     10      9      6      8      9
     12     10     11      9      8

      7     11     10     11     11
     10      9      9     10     10
     10     12     12     10     10
      9      8     10      9     10
     12     11     10     10      8

      7     12     11     12     15
     10     14     11     14     14
     15     13     13     12     14
     13     12     11     16     13
     13      7     10      8     10

      9     12     11      9     12
     10     11     11      9      9
     13     12     12     11     12
     11     11      9     12     11
     11      9     11      9     10

      8      9     11      9     11
     11     11     11      8     10
      9     10     10      9      9
      9     11     10      9     10
     11     11     12     12     10

      7      8      9      6     10
     10      9      9      9      9
      9      8      8      7     10
      9      8      7      9      7
     10      9      9      9      6

      8      9      8      9      9
      8     10     10      8      9
     10      9      9      7      7
      8      8      8     10      9
      9     10      8      7      9

      7      9      8      8     11
      9     10      9      9      9
     10     10     10      9      9
     10      9     10      8      9
     10      9      9      9      8

      9     10     10     10      9
      9      9      9      6      6
      7      9      9      9      8
      5      9      9     10      8
      7      9      6      8      9

      6      9      6      9      8
      9      9      8      9      7
     10      7      7      8      7
      7      6      8      8      7
      9      9      9      7      7

      7     10      7      8     10
      7      8      7      8      8
      8      9      9      6      7
      9      8      6     10      6
     10      9      8      7      8

      9      7      9      9      9
      7      7      6      6      7
      9     10     10      8      9
      7      7      6      8      7
      8      8      7      8      7

      7      8      6      8      9
      6      9      7      5      7
      7     10     10      7      6
      7      8      7      6      7
      9      9      7      6      7

      8      9      7      6      8
      6      7      8      8      7
      7      7      7      6      7
      5      5      5      8      8
      7      8      7      7      7

      5      6      7      7      8
      9      7      8      7      7
      7      9      9      8      7
      5      7      6      8      6
      5      7      5      7      3

      8      8      6      6      6
      8      8      7      5      6
      8      9      9      6      7
      6      7      8      7      8
      7      7      9      5      5

      4      8      6      6      8
      7      6      7      7      6
      7      8      8      5      6
      5      4      6      8      7
      7      8      8      5      6

      7      7      7      5      8
      7      9      6      3      5
      6      7      7      6      5
      6      5      5      7      7
      8      8      9      6      6

      5      8      6      7      7
      6      5      7      5      6
      8      8      8      4      5
      6      6      5      7      7
      7      8      6      6      7

      6      7      4      6      6
      6      6      6      7      6
      5      5      5      4      4
      3      4      7      5      5
      8      4      7      4      3

      5      6      6      4      5
      6      7      5      4      5
      5      5      5      5      4
      4      6      5      7      4
      4      5      6      5      4

      2      5      4      3      6
      4      6      5      3      5
      7      5      5      4      4
      3      6      5      7      5
      7      5      5      6      3

      7      5      2      3      6
      2      4      3      4      5
      5      4      4      3      2
      1      4      4      6      2
      5      4      4      3      5

      3      4      4      4      4
      5      3      5      3      3
      6      6      6      3      4
      3      4      3      4      5
      4      4      4      2      2

      3      4      2      3      4
      4      4      5      1      1
      3      4      4      3      3
      3      2      2      4      4
      2      3      1      3      2

      1      5      2      2      5
      2      4      2      2      3
      3      4      4      3      3
      3      2      0      3      4
      5      4      4      1      1

      1      3      2      2      5
      3      3      1      1      1
      0      2      2      3      1
      2      2      2      1      2
      4      3      4      6      1

      1      3      2      0      1
      2      1      0      0      2
      2      2      2      0      0
      1      0      1      2      1
      4      1      2      0      1

      0      1      1      1      1
      1      1      0      1      0
      2      3      3      0      0
      2      1      0      1      1
      1      1      0      0      0

      0      0      0     -1      2
      0      0      0     -1      0
     -1      1      1      0      0
      0      0      1      0      0
      0      0      0      0      0

      0      0      0      0      1
      0      1      1      0      0
      1      1      1      1     -3
      0     -1     -1      0      2
      0      0      0      0     -1

      0      2      1      0      1
      0      0      0      0     -1
      0      0      0      0      0
     -2     -1      0      0      0
      0      2      1     -1      0

      0      0      1     -2      2
     -1      1     -1      0      1
      0      0      0      0      0
      0     -2      0     -1     -1
     -1      0      0      0      0

      0      1      2      0      1
      0      2      0      0      1
      1      1      1      0      0
     -1      1     -1      2      0
      0      1      0      0     -1

      1      0      0      0      2
      0      0      0     -2     -2
      0      1      1      1      0
      0      0      0      0      1
      0      0      0     -1     -1

      0      0      0      0      0
     -2      0      1      0      0
      2      0      0      0     -1
     -1      0     -3      0      0
      2      0      0      0     -1

     -1      1     -2      0      1
      0     -1      1      0      1
      0      2      2      0      0
      0     -2      0      1      0
      1      0      1     -1     -1

     -1      0     -1      0      0
      0      0     -1     -1      0
      0      0      0     -1      0
      0      0      2      0      2
      0      0      0      0      0

      1      0      0     -1      1
      0      1     -2     -2      0
      0      0      0     -1     -1
     -2      0      0      1      0
      0      2      0      0      0

      0      0      1      0      0
      0      0     -1      0      0
      0      0      0      0      0
      0      0      1      0      0
      1     -1     -1      0      0

      0     -1      0      0      0
      1      2     -1     -1      2
      0      0      0      0      0
     -1      1      0     -1      0
      2     -1      0      1     -1

      0     -2      0      0      0
      1      0      0      0      0
      0      0      0      0     -1
      0      1      2      1      1
      0      0      0      0      2

      0     -1      1      0      0
     -1      0     -1      0      1
      0      2      2      0      0
     -1      0      2      0      0
      0      1     -1      0      0

      1      0      0      0      0
      0      0     -2      0      0
      0      0      0     -1     -1
      0      0      2     -1      0
      0      0      0      0      0

      0      0     -1      0      1
      1      0      0      0      0
      0      1      1      0      0
      2      0      2      0      0
      0      0      0      0      0

      0      0      0      0      0
      0      0     -1      0     -1
      0      1      1      0      1
      0      0      3      0      0
      0      0      0     -1      1

      0      0      1      1      0
      0      1      0      0      0
      0      2      2      0      0
      0      0      3      0      0
      0      1      0      2      1

      1      2      1      1      1
      2      2      0      1      1
      0      2      2      2      1
      0      0      2      2      2
      2      1      1      1      1

      1      2      2      2      1
      3      3      1      1      1
      0      3      3      0      2
      2      1      4      1      2
      1      2      0      2      2

      1      2      3      2      2
      3      3      1      3      3
      3      5      5      2      1
      3      2      4      1      1
      3      2      1      4      2

      2      0      1      1      2
      0      1      0      1      1
      1      3      3      1      1
      2      1      4      0      2
      1      1      2      2      0

      1      0      0      0      1
      0      3      0      0      2
      0      0      0      0      0
      0      1      1      0      3
      0      0     -1      2      0

      1      2      0      1      2
      1      1      1      0      1
      1      2      2      1      1
      1      0      2      1      2
      0      1      0      1      1

      2      3      3      2      3
      3      1      1      1      1
      3      3      3      3      2
      2      1      4      2      3
      0      2      2      5      2

      3      3      4      4      5
      5      3      3      2      2
      3      2      2      2      3
      3      4      5      4      3
      3      2      2      4      4

      3      3      3      2      4
      2      3      2      1      3
      2      4      4      1      2
      2      2      5      3      4
      4      1      1      3      3

      2      2      3      1      3
      2      2      2      1      3
      1      2      2      2      1
      3      2      4      2      2
      1      3      1      3      2

      3      1      2      1      3
      1      3      1      0      1
      2      2      2      1      2
      2      1      4      2      3
      1      0      1      3      2

      3      2      3      1      3
      3      2      1      2      3
      2      4      4      3      2
      3      2      4      3      4
      3      1      2      4      3

      3      3      2      2      5
      3      3      3      4      3
      1      4      4      2      3
      4      3      6      2      5
      3      2      3      5      4

      3      4      5      4      5
      3      2      3      2      4
      2      2      2      1      2
      3      3      4      3      3
      3      2      2      3      3

      3      1      3      4      4
      4      4      2      2      5
      3      4      4      4      3
      3      3      5      3      4
      3      4      3      4      4

      2      4      4      4      4
      1      3      4      1      4
      3      5      5      1      3
      3      2      4      2      4
      4      2      2      4      4

      4      4      4      3      5
      4      3      3      1      4
      2      4      4      3      3
      3      3      4      4      4
      3      4      3      4      4

      2      4      3      3      4
      2      3      1      2      4
      3      2      2      2      2
      3      4      6      3      5
      5      2      3      5      5

      2      3      4      3      5
      3      2      3      2      2
      3      4      4      3      2
      2      3      5      4      3
      4      3      1      5      3

      3      4      3      3      3
      2      2      1      3      2
      2      3      3      3      3
      3      1      4      3      2
      3      2      2      4      3

      2      2      4      5      2
      2      4      2      3      2
      3      4      4      3      2
      3      2      2      3      2
      3      2      2      4      3

      1      2      2      2      4
      1      1      1      2      1
      4      4      4      2      2
      3      4      3      1      4
      1      3      1      2      2

      2      1      2      1      4
      2      3      2      1      2
      4      3      3      1      2
      3      3      4      0      4
      2      2      2      3      1

      1      3      3      3      4
      1      5      3      3      2
      3      4      4      3      1
      2      1      4      3      4
      2      2      1      2      3

      3      2      4      2      3
      1      3      0      2      2
      2      4      4      2      1
      3      1      4      0      3
      4      1      2      2      2

      1      1      2      1      2
      3      3      2      1      1
      4      4      4      1      1
      3      1      3      2      2
      4      3      2      4      3

      3      3      2      2      3
      1      3      2      2      3
      1      3      3      2      2
      2      2      3      3      3
      2      1      1      3      2

      2      3      2      3      4
      1      2      1      0      2
      4      3      3      2      2
      3      1      4      3      4
      1      3      2      2      2

      1      3      1      2      2
      2      4      0      0      2
      1      2      2      1      1
      2      0      3      1      3
      3      0      1      2      3

      1      2      2      1      3
      3      3      2      1      2
      1      2      2      0      1
      2      1      4      3      4
      3      2      2      3      3

      3      3      3      2      2
      1      2      0      0      1
      1      2      2      0      2
      4      1      3      0      3
      2      1      1      2      3

      2      1      3      1      2
      1      2      1      1      1
      1      2      2      2      1
      0      2      3      1      4
      3      2      2      3      3

      2      1      1      3      2
      1      0      1      1      3
      1      3      3      1      1
      3      2      3      1      2
      2      2      0      3      2

      2      1      1      1      2
      0      1      2      0      2
      3      2      2      1      0
      2      0      2      1      3
      0      2      0      3      3

      2      0      1      1      2
      2      1      1      2      1
      3      3      3      0      1
      1      2      2      1      1
      2      1      0      1      1

      1      2      1      0      1
      2      0      1      0      1
      0      3      3      1      2
      0      0      3      2      2
      3      1      2      2      0

      2      0      1      3      0
      2      3      0      0      0
      2      2      2      0      0
      0      2      4      1      3
      0      2      2      0      0

      1      1      1      3      3
      2      2      1      0      0
      0      0      0      2      3
      2      1      3      2      0
      1      2      1      1      2

      2      0      0      1      1
      0      3     -2      1      2
      1      2      2      2      2
      1      1      2      0      1
      2      2      1      2      0

      0      1      0      0      0
      3      0      2      1      2
      0      0      0      0      2
      2      1      2      0      4
      0      1      1      1      3

      0      0      0      1      2
      2      0      1      0      0
      0      1      1      0      0
      0      1      3      1      1
      2      0      0      2      1

      0     -2      1      2      0
     -1      1      0      0      0
      1      3      3      1      1
      1      1      6      0      2
      0      0      0      2      0

      1      0      0      0      0
      0      2      0     -2     -1
      0      0      0      0      0
      2      0      1      0      2
      0      1     -1      1      2

      1      1      1      0      0
      0      0     -1      0      2
      1      2      2     -1      0
     -1     -1      4      2      3
      0     -1      0      3      2

      0     -1     -1      1      2
      2      1     -1      0      0
     -1      4      4      1      0
      0      0      1      2      3
      0      0     -1      2      0

      0      0      0     -1     -1
      0      2      0     -3      0
      1      2      2     -1      0
      0     -2      0      0      1
      1      0      0      0     -1

      0     -1     -1      0      1
      0      1     -1      1      1
      2      2      2      0     -2
      1     -1      0      0      2
      0      2      0      1      2

      3      1      1     -1      1
      0      1      0      1      0
      2      2      2     -2     -2
      4     -2      1      1      1
      4      0     -2      2      1

      0     -1      2      1      0
      0      0      1      0     -1
      0      3      3      0     -2
      2     -2      0      0     -1
      0      0      1     -1      1

      0      0     -1      0      1
      0     -1      0      0      0
     -1      0      0      1     -2
     -1      1      5      0      2
      0      0      0      0      0

     -1      0      0      2      2
     -1      0     -2     -1      0
      0      3      3      0      2
     -1      1      0     -1      3
      1      1     -3      1      0

      0      0      0      1      1
      0     -3     -1     -1     -1
      1      1      1     -1      0
      0      2      2      1      1
      0      0      0      0      0

      1     -2      0     -2      2
      1     -1      0      0      0
     -4      1      1      1      0
      0      0      1      0     -1
     -1      0     -3      0      0

      0     -1      0      0      0
      1     -1      0      0     -3
      0     -1     -1      0      0
     -2      0     -1     -1      1
      0     -1      0      0      0

