;
; ENVI ASCII Output of file: E:\Imaging\ROI_AVIRIS\5_0_18.img [Fri Nov 17 11:54:39 2017]
; File Dimensions: 5 samples x 5 lines x 224 bands
; Line Format    : (5i7)
;
    513    553    521    534    527
    537    537    542    530    520
    537    557    542    520    505
    534    534    537    515    545
    529    553    523    546    528

    623    630    615    625    624
    628    619    641    607    613
    629    637    625    619    643
    636    636    639    617    642
    631    640    636    627    626

    666    663    676    662    677
    679    686    672    677    672
    682    675    691    667    670
    664    664    661    674    683
    675    667    661    683    669

    833    855    867    850    852
    853    851    850    857    834
    876    871    849    838    853
    841    841    851    858    860
    852    854    842    842    843

   1243   1240   1249   1235   1249
   1253   1237   1239   1237   1242
   1241   1254   1249   1234   1234
   1241   1241   1248   1232   1238
   1242   1244   1243   1250   1235

   1286   1312   1298   1302   1300
   1298   1295   1311   1300   1291
   1288   1310   1300   1300   1303
   1300   1300   1296   1300   1309
   1295   1296   1308   1302   1302

   1211   1219   1211   1210   1223
   1219   1218   1230   1219   1225
   1219   1227   1218   1237   1225
   1217   1217   1212   1226   1228
   1219   1212   1216   1231   1223

   1113   1112   1122   1114   1119
   1114   1118   1120   1119   1120
   1128   1124   1123   1112   1124
   1120   1120   1125   1124   1121
   1122   1110   1122   1124   1124

   1198   1203   1204   1199   1213
   1201   1199   1208   1194   1198
   1201   1212   1214   1207   1208
   1206   1206   1202   1194   1200
   1208   1203   1209   1200   1203

   1212   1211   1216   1215   1219
   1218   1215   1208   1220   1211
   1204   1219   1228   1217   1221
   1200   1200   1210   1211   1212
   1216   1212   1218   1220   1216

   1160   1173   1177   1168   1177
   1169   1172   1178   1174   1166
   1175   1175   1176   1173   1167
   1165   1165   1167   1170   1173
   1173   1172   1175   1180   1173

   1095   1095   1099   1090   1096
   1098   1099   1097   1090   1099
   1089   1100   1094   1105   1101
   1088   1088   1094   1093   1096
   1092   1094   1100   1102   1101

   1029   1027   1032   1022   1032
   1027   1030   1039   1032   1032
   1025   1034   1027   1033   1031
   1031   1031   1021   1030   1035
   1031   1031   1031   1028   1030

    930    926    922    919    924
    921    921    924    924    923
    926    926    928    924    928
    919    919    918    921    925
    915    920    928    927    925

    828    833    832    828    829
    833    832    830    837    825
    828    832    833    834    830
    831    831    830    827    835
    831    835    832    832    831

    730    731    730    729    735
    730    730    728    729    732
    726    728    728    731    725
    727    727    726    725    730
    726    732    725    726    730

    634    638    646    636    638
    641    638    636    639    642
    637    646    641    639    634
    638    638    636    634    640
    640    638    637    639    639

    597    606    608    601    603
    607    606    602    603    604
    603    611    604    604    601
    604    604    602    603    604
    603    604    605    608    607

    559    574    569    566    568
    572    572    566    565    566
    568    574    566    568    567
    570    570    567    570    567
    565    568    573    576    575

    526    527    525    526    530
    523    526    532    525    529
    529    532    525    527    531
    530    530    531    525    526
    526    531    530    535    530

    480    483    481    478    485
    482    481    485    483    479
    478    484    485    482    483
    479    479    479    476    483
    480    482    479    487    477

    434    439    442    441    440
    438    440    442    445    439
    441    443    441    443    441
    439    439    437    438    441
    442    437    443    438    442

    403    405    408    404    405
    403    406    410    404    411
    406    410    400    406    408
    407    407    402    404    407
    403    408    407    407    406

    357    358    357    360    358
    360    357    359    359    358
    359    362    360    361    358
    360    360    357    357    358
    356    357    358    362    363

    327    330    331    331    338
    329    331    334    330    333
    332    335    336    336    333
    333    333    333    334    334
    331    337    332    335    334

    317    321    322    317    320
    323    318    322    318    320
    318    322    323    320    318
    319    319    318    323    324
    320    322    322    322    317

    295    296    295    296    295
    298    297    295    298    299
    297    298    298    298    296
    297    297    297    295    298
    296    298    298    301    295

    271    272    272    277    274
    273    277    274    274    273
    277    277    272    275    273
    271    271    271    273    274
    272    277    275    275    271

    260    263    261    257    265
    266    261    263    262    261
    262    265    262    259    265
    259    259    262    263    265
    261    261    264    267    262

    238    238    244    242    243
    242    240    244    239    241
    244    240    244    239    238
    244    244    242    242    243
    241    249    241    244    240

    228    228    227    224    228
    229    228    232    230    228
    229    228    230    228    230
    227    227    228    228    231
    227    228    226    227    224

    218    222    224    220    224
    223    224    225    220    223
    227    227    223    223    228
    223    223    221    221    226
    224    225    224    227    224

    215    216    224    214    221
    222    220    223    217    225
    224    226    225    221    226
    224    224    223    220    225
    217    228    223    224    219

    217    222    224    221    224
    223    223    225    221    222
    227    226    224    224    228
    225    225    222    221    226
    225    226    222    227    223

    199    205    211    205    211
    208    203    209    207    204
    209    209    208    204    211
    207    207    213    202    210
    204    213    207    212    203

    177    181    188    182    185
    183    180    186    181    181
    186    185    188    184    188
    189    189    183    182    186
    184    190    180    185    181

    153    160    163    163    163
    161    159    158    160    161
    166    160    167    161    163
    168    168    159    158    161
    164    167    159    164    153

    147    153    155    156    159
    155    148    153    153    152
    161    156    155    156    159
    162    162    154    149    156
    157    160    152    155    147

    131    142    143    140    145
    143    136    139    141    138
    145    144    147    143    142
    148    148    142    139    145
    144    149    136    140    135

    105    109    111    112    111
    107    106    108    108    108
    115    110    112    113    110
    115    115    109    108    109
    110    114    106    111    103

    110    114    118    118    120
    116    113    117    117    112
    121    117    120    121    120
    123    123    116    115    117
    120    125    110    115    110

    117    128    129    132    130
    127    123    127    127    125
    130    128    131    129    132
    133    133    127    126    127
    130    135    120    127    122

    120    128    128    131    131
    127    119    128    130    121
    132    128    133    130    131
    136    136    129    127    128
    133    135    120    127    120

     72     76     77     81     79
     74     72     75     76     75
     81     76     83     79     78
     81     81     77     76     78
     81     79     71     76     70

     92     99    101    103    103
    100     92     98    100     95
    102     98    104    103     98
    106    106     99     98    100
    105    105     91     99     90

     95    104    107    111    109
    104     96    102    105    101
    111    103    111    110    102
    112    112    108    103    105
    110    112     95    103     97

     89     95     97    102     99
     96     90     95     97     92
    102     94    102     98     99
    103    103    100     94     97
    102    103     86     94     88

     81     89     92     95     91
     89     80     86     89     84
     94     85     94     92     91
     96     96     91     87     87
     95     96     80     86     82

     74     80     82     87     83
     83     74     78     82     79
     85     81     86     83     81
     90     90     83     80     81
     88     88     73     80     73

     58     65     68     70     69
     65     59     64     66     62
     70     64     68     70     64
     72     72     68     66     66
     73     71     57     63     58

     61     67     70     72     67
     68     59     63     68     63
     72     64     71     71     66
     74     74     68     67     65
     71     71     55     65     60

     63     67     70     75     73
     70     61     66     72     65
     73     66     76     73     71
     78     78     69     69     69
     76     76     61     67     60

     65     73     76     82     79
     75     64     71     73     70
     79     71     79     77     75
     82     82     75     72     73
     80     81     63     72     64

     63     69     70     76     73
     70     61     65     71     66
     72     67     75     72     68
     78     78     72     68     70
     75     76     59     66     59

     60     68     70     74     71
     69     57     65     68     60
     72     64     70     72     68
     76     76     71     68     67
     76     74     57     66     58

     56     64     64     70     68
     65     55     61     66     58
     70     61     68     68     63
     74     74     65     62     62
     72     71     53     62     54

     53     62     62     68     63
     62     54     60     62     57
     65     58     65     66     63
     70     70     63     60     61
     70     67     48     57     51

     41     49     47     54     50
     47     40     46     49     45
     50     46     52     50     48
     55     55     50     48     49
     54     55     38     47     38

     36     44     42     46     43
     41     34     38     40     38
     46     39     45     44     41
     46     46     42     42     40
     47     45     34     38     35

     35     37     38     42     39
     37     32     34     39     35
     41     36     39     40     38
     44     44     38     36     39
     43     41     31     36     30

     29     35     33     38     35
     32     28     32     33     31
     38     30     36     37     34
     41     41     36     33     33
     40     39     27     32     28

     20     22     20     26     24
     22     19     22     25     20
     32     21     22     26     20
     25     25     23     21     22
     28     27     19     20     18

     14     18     16     19     19
     16     14     14     17     14
     18     15     16     18     17
     20     20     17     17     16
     20     18     13     16     13

     15     19     17     20     17
     17     14     14     19     16
     19     16     17     19     17
     20     20     18     16     15
     20     21     13     16     12

     24     27     25     31     29
     27     23     27     28     25
     29     25     30     29     28
     34     34     30     27     27
     32     32     21     26     20

     27     32     32     35     32
     30     25     30     33     27
     34     29     35     36     33
     39     39     32     31     29
     38     38     23     29     24

     31     36     40     43     37
     39     30     34     38     32
     40     35     41     40     36
     44     44     38     37     36
     43     43     27     33     27

     32     40     39     46     41
     39     30     34     40     34
     43     35     43     41     38
     48     48     40     38     37
     47     43     28     35     29

     30     38     39     44     39
     38     30     35     40     33
     43     33     41     41     36
     45     45     40     37     36
     45     43     26     33     29

     31     37     39     44     41
     38     28     33     39     34
     41     34     40     42     35
     46     46     41     36     37
     44     44     26     33     27

     29     37     38     44     38
     39     27     33     38     32
     41     34     42     40     35
     45     45     39     36     34
     44     41     25     32     27

     27     34     34     40     35
     34     25     31     35     29
     38     29     37     38     33
     41     41     34     33     32
     39     38     23     29     24

     27     34     34     40     36
     35     25     30     35     29
     37     31     36     37     32
     41     41     35     33     33
     40     39     22     30     24

     24     30     31     38     33
     32     24     27     32     27
     34     27     34     35     30
     39     39     32     29     29
     36     36     21     27     23

     24     31     33     36     33
     32     24     28     30     25
     34     27     33     33     29
     40     40     32     29     29
     37     35     21     27     22

     22     27     28     34     29
     28     21     24     28     24
     31     24     30     31     27
     34     34     29     27     25
     33     32     17     24     19

     20     25     25     31     27
     26     19     22     26     22
     29     22     28     28     25
     31     31     27     25     24
     31     30     16     22     18

     18     23     23     27     26
     24     17     19     24     20
     26     20     26     26     22
     28     28     25     23     23
     29     28     15     20     16

     14     18     18     22     18
     19     12     17     19     15
     20     16     20     22     17
     23     23     20     18     17
     21     22     12     16     12

      9     11     12     15     12
     11      8     10     11      9
     13     10     12     12     11
     14     14     11     11     11
     14     14      7      9      7

      3      4      5      8      6
      4      3      3      5      3
      6      5      5      6      4
      6      6      4      4      4
      6      5      4      4      3

      2      4      4      5      4
      2      2      3      4      3
      3      3      3      5      4
      4      4      3      3      4
      4      4      2      4      2

      4      5      6      7      5
      5      4      4      6      3
      7      4      7      7      5
      5      5      6      5      4
      6      7      3      4      3

      4      5      4      6      5
      4      2      3      6      4
      6      5      5      5      4
      6      6      5      5      4
      7      6      3      4      3

      6      7      7      9      7
      6      4      5      7      5
      9      6      7      8      5
      8      8      7      7      6
     10      9      3      6      5

      9     12     12     14     13
     12      8     11     13     10
     14     10     13     14     11
     15     15     12     11     11
     15     14      7      9      7

     11     14     15     17     15
     13      9     12     14     12
     17     11     15     16     14
     18     18     13     14     12
     19     18      7     12      9

     10     13     12     17     13
     13      9     11     14     10
     14     11     13     14     12
     17     17     14     12     11
     17     15      7     10      7

     10     12     13     16     15
     14      9     11     14     11
     15     11     15     16     12
     18     18     14     12     13
     17     17      7     11      8

      8     11     12     15     12
     11      7      9     12      9
     14     10     13     12     11
     15     15     13     10     10
     14     14      6      9      7

     10     12     13     19     15
     13      9     11     13     10
     14     11     15     15     12
     17     17     15     12     13
     17     14      7     10      7

      9     14     14     18     14
     14      8     10     14     10
     17     11     15     16     12
     17     17     15     14     12
     18     16      7     11      7

     10     15     16     19     16
     15      9     13     16     12
     17     12     17     17     13
     19     19     17     15     13
     18     16      8     12      9

     10     14     14     18     16
     15      9     12     15     11
     16     12     17     18     13
     19     19     15     14     12
     20     18      7     13      9

     10     14     14     18     15
     13      8     11     15     10
     15     10     16     16     13
     16     16     15     13     12
     18     17      7     10      7

      9     13     13     17     16
     13      8     10     12     10
     13      9     13     15     11
     16     16     14     12     11
     16     15      6     10      7

     10     14     14     18     15
     13      8     11     15     10
     15     10     16     16     13
     16     16     15     13     12
     19     17      7     10      7

     14     13     11     14     14
      9     10     10     13     10
     13     11      9     12      8
     16     16     17     11      9
     18     11     12     14      9

     14     11     13     14     12
     12     12      8     12     11
     11      8     11     14     12
     14     14     11      8     13
     13     17      9      7     11

     13     13     15     10     11
      7     10     10     14     12
      9     11     13     13     13
     14     14     10     13     11
     14     13     12     11     12

      9      7     11     13     11
      8     13     13     12     10
      9     10     12      8     11
     14     14     14     11      9
     15     13     13     12      9

      8     12     13     10     10
      8     10      9     12      8
     10      7     10     11      9
     11     11     12     11     10
     12      6      5      9      9

      5      8     10      9      7
      6      8      7      9      6
      7      8      9      9      8
     10     10      9     10      9
      5      9      6      9      7

    -17    -15    -14    -18     -9
    -10     -8    -11      1    -19
     26     23     21     29     28
      4      4      0     -4     25
     24     -3      3     -7     -8

      2      4      5      8      5
      0      4      2      4      3
      1      3      5      5      3
      4      4      5      6      3
      4      5      3      5      2

      2      3      4      4      3
      1      2      3      4      0
      1      1      4      3      3
      3      3      2      5      3
      4      5      3      1      1

      0      0      0      2      0
      1      0      0      0      2
      0      0      1      0      0
      0      0      1      0      0
      0      2      0      0      0

      0     -1      0      0      0
     -2      0     -1      0     -1
     -2      0      0      0      0
      0      0     -1      0      0
      0      1      0      0      1

      1      0      2      1      0
      0     -1      0      1      1
      0      0      0      1     -1
      0      0      0      0      1
      0      0      0     -2     -1

     -1      0      0      0      1
      0      2      0      1      0
     -1      0      1      0      0
     -1     -1      1     -1      0
      0      0      1      0      0

     -3     -3      2     -1     -4
      1     -4     -2      0      2
      2      0      2      1     -2
     -1     -1      0     -4      0
      0      0      3     -6      2

      0      1      0      2      1
      0     -1      0      3     -3
      0      0      1     -2      1
      0      0      0      0      0
      1      1      0     -1     -2

     -4      0      2      1      0
      0      1      2      0      1
     -1     -3      0      1      0
      0      0      2      0      0
      0      1      0      0     -1

      1      3      1      3      1
      0     -1      0      2      0
     -1      0      0      0      0
      0      0      0      1      0
      0      1      0      0      2

      0      2      1      1      3
     -2      1      0      1      0
      0      0      1      1      2
      1      1      4      1      1
      3      1     -1      1      0

      2      0      0      1      0
     -1      0      1      1      0
      2     -2      2      0     -2
      1      1      2      1      0
      1      3      0      3      0

      3      3      4      3      1
      1      4      2      3      1
      1      4      4      4      1
      3      3      3      0      3
      4      2      2      3      1

      6      4      1      2      5
     -2      3      4      5      5
      2      1      6      2      4
      5      5      2      1      3
      1      2      3      4      3

      4      3      5      4      5
      1      2      4      3      0
      3      2      2      2      3
      2      2      4      2      2
      2      2      1      2      0

      2      3      5      5      2
      0      3      2      4      4
      2      4      5      4      3
      5      5      5      4      2
      2      4      2      4      4

      6      4      6     10      5
      5      5      5      5      5
      7      8      9      6      5
      6      6      6      4      7
      7      5      4      4      5

      6      7      8     10      6
      6      9      7      7      9
      7      8     11      8     10
      7      7      8      7      8
      8      8      8      8      8

     11      7      9     12     10
      7      9      9      7     10
     10     10     12      9     11
      9      9      9      9      9
     11     10      8     10     11

     10      9     11     12     11
      8     10      9     12      9
     11     12      9     11      9
     10     10     12     10     10
      9     10      7     12      9

     12      8     10     11     11
      9     12     10     11      9
     10     10     11     11     10
     11     11     11     10      9
     10     10      9      9      9

     11      9     10     11     11
      7     12     11     13     12
     11      9     11     11     13
     14     14     11     11     10
     12     11     11     14     11

     10     10     11     12     11
     10     11     10     13     11
     11     12     11     13      9
     12     12     11     10     13
     10     11     12     12     11

      9      9     10     13      8
      9      9     11     12      9
      9     10     13      9     10
     11     11      9     11     11
     10      8      9     10     10

      8     10     10     11     10
      8      8      9      9      7
      9      9     11     11      9
      8      8      9      6      9
     10      9      9      9      8

      9     10     10     11      9
      9      8     10     11      8
     11      8     11      9      7
      9      9      8      9     10
     10     10      8      7      8

      8     10      9     10      5
      9     10      9      9     11
      9      7     11      7     10
      8      8     12      9     10
      9      9      9     10     10

      8      9     10      8      9
      8      7      9      8      5
      9      7     10      7      9
     10     10      7      9      9
      7      9      6      9      9

      7      8      9      9      8
      8      7      8      7      9
      7      8     10      8      7
      8      8      7      9      9
      7      8      8      9      7

      8      9      8     10      9
      6     10      8      9      9
      9     10     10      8      8
      9      9     10     10     10
      7      9      8      9      9

      9      9      9      9      8
      7      8      7      9      9
      8      6     10      9      6
      8      8      9      8     10
      8      8      8      8      6

      8      7      7      8      6
      6      7      7      9      8
      5      8      9      8      7
      9      9      9      7      8
      7      9      7     10      7

      5      6      8      8      7
      6      6      8      7      8
      7      7      9      6      8
      8      8      7      6      8
      8      8      7      7      6

      5      6      8      7     10
      6      6      8      8      6
      7      7     10      8      7
      9      9      8      8     10
      9      9      7      8      5

      7      6      8      9      9
      6      5      8      9      7
      6      8      7      7      5
      8      8      8      5      7
      5      7      7      7      6

      6      8      9      9      6
      7      6      6      9      7
      7      7      9      7      7
      7      7      8      7      7
      7      6      7      6      8

      7      7      7      7      7
      5      5      6      6      7
      7      5      8      7      5
      9      9      7      7      5
      5      7      5      7      7

      5      6      6      9      6
      5      5      7      8      7
      7      7      5      8      5
      7      7      7      6      7
      8      6      6      6      6

      5      6      6      6      6
      4      6      6      7      6
      5      8      4      6      6
      7      7      7      6      7
      6      6      6      6      5

      7      4      8      6      4
      4      7      7      6      4
      4      4      6      5      6
      7      7      6      5      4
      6      6      5      4      4

      4      5      6      4      5
      4      6      4      4      4
      4      4      5      9      4
      6      6      6      6      5
      5      7      3      5      3

      4      6      5      5      6
      4      7      5      4      4
      5      4      5      6      6
      6      6      4      5      4
      5      7      4      5      2

      5      5      3      5      5
      2      4      4      5      3
      3      4      4      3      4
      4      4      3      5      3
      5      6      4      4      2

      4      4      4      4      3
      4      3      3      5      3
      4      2      6      3      5
      5      5      5      4      4
      4      5      3      4      5

      2      3      2      3      3
      0      1      2      3      3
      1      3      4      4      3
      4      4      1      3      4
      2      2      3      1      3

      1      2      5      4      0
      1      3      2      1      1
      1      2      3      2      2
      4      4      2      2      5
      2      3      5      2      3

      1     -1      1      3      1
      0      1      2      2      1
      2      2      2      0      0
      1      1      1      1      1
      1      3      2      2      1

      0      0      2      1      0
      0      2      1      2      0
      0      2      1      1      0
      2      2      3      0      1
      0      0      1      0      0

     -1     -1      0      0      0
      0      0      0     -1      0
      0     -1      1      1      0
      0      0     -1      0     -2
      0      2      1      0      0

      0      1      0      3      0
     -2      0     -1      0      1
      0      1      2     -1      0
      1      1      0     -1     -1
      0      1      0      0     -1

      0     -1      0      2      0
      0      0      0      0     -1
      0      0      1      0      0
      1      1      0      2      0
      0      0      0      0      0

     -2     -1      1      0      0
     -3      1     -2      0      0
     -1     -1      1     -1     -1
     -1     -1      2     -1      0
      0      0      0      0     -2

      1      0      1      0     -1
     -1      0     -1      0     -1
      0      0      1      0     -1
      1      1     -1      0      0
     -1      1      0      0     -1

      0      0      0      0      0
     -1      2     -1     -1     -1
      0      0      0      0      0
      0      0     -1      0      0
     -2      0     -1      1      0

      0      0      1      0     -1
      0      0      0      0      0
      0      0      0     -1      0
      1      1      1      0      2
     -2      1     -1      0      0

      0      0      0      0     -1
     -1      1     -2      0     -1
     -2      0      0     -1      0
      3      3     -1     -1      1
      1      0      0      1      0

      1      2      0      1      0
      0      0     -1      0      1
      0      0     -1      0      0
      0      0      0      0      0
      0      0      0     -1      0

      0      0      0      1     -1
      0      0      0      2      1
      0      0      1      0     -2
      1      1      0      1      1
      0      0      0     -1      0

      1      1      0      2      0
      0     -1      1      0      0
      0      1      1      0      0
      0      0      0      0      2
      0      0      0      0      0

      0      0      0      0     -1
     -1      0      0      0      0
      0      2      0      0      0
      1      1      0      0      0
      0     -1      0      0      0

      0      0      0      0      0
     -1     -1      0      0      0
     -1      1      0      0      0
      0      0      0      0      0
      0      0      1      0      0

      0      0      0      0      0
     -1      0      0      0      1
     -1      0      1      0      0
      0      0     -1      0      1
      0      0      0     -1      1

      0      0      1      0      0
      0      0      0      0      1
     -1      0      0      0      0
      0      0     -1      0      0
      0      0      0      0      0

      0      1      1      1      0
      0      0      0      0      0
      0      0      0      0      0
      0      0     -1      1      1
     -1      0      0      0      0

      0      0      0      0      0
      0      0      0      0      1
      0      1      0      0      0
      1      1      0      0      0
      0     -1      0      0      1

      0      0      0      0      0
      0      0      0      1      0
      0      0      0     -1      0
      0      0      0      0      0
      0      0      0      0      1

      1      0      0      1      0
      0      2      1      1      4
      0      2      1      0      0
      2      2      0      1      3
      0      0      0      3      2

      2      2      2      2      2
      1      1      3      2      3
      0      3      2      2      1
      0      0      2      0      2
      3      2      2      2      2

      3      3      2      3      1
      3      2      2      2      3
      3      4      3      1      3
      4      4      1      3      5
      3      3      3      2      1

      2      3      2      2      2
      0      3      1      0      2
      1      1      1      1      1
      3      3      0      1      0
      1      1      3      1      3

      0      0      0      0      0
      1      1      0      0      2
      0      3      0      1      0
      0      0      0      0      2
      0      0      1      0      0

      2      0      1      1      2
      0      0      0      1      2
      1      1      1      2      0
      2      2      1      0      2
      1      0      0      0      1

      2      3      2      3      3
      1      0      1      2      3
      2      3      1      2      3
      3      3      1      3      3
      2      2      3      1      2

      4      3      2      3      4
      4      4      4      2      4
      3      3      3      3      2
      4      4      4      3      5
      4      4      3      3      2

      3      2      3      3      4
      2      4      3      3      3
      3      4      3      3      3
      4      4      2      3      4
      2      1      3      3      4

      2      1      3      1      2
      2      4      2      1      4
      1      2      2      2      0
      3      3      2      2      3
      2      2      1      1      2

      3      3      1      3      4
      2      3      2      2      2
      2      4      3      1      3
      3      3      1      1      3
      3      2      3      2      2

      3      3      2      3      1
      2      2      1      3      3
      2      4      3      3      2
      2      2      2      3      3
      4      3      2      2      2

      3      3      2      4      3
      2      2      3      4      5
      3      4      3      4      4
      4      4      3      3      4
      2      3      3      3      4

      2      4      2      4      2
      2      2      3      3      3
      2      3      3      4      4
      3      3      3      3      4
      3      3      3      2      3

      3      5      3      5      2
      4      3      2      2      3
      3      4      3      4      4
      3      3      3      4      4
      3      3      3      4      2

      4      4      2      4      3
      2      3      3      4      3
      3      4      4      3      2
      3      3      1      3      4
      3      3      3      3      2

      4      4      3      2      4
      2      2      2      5      4
      2      4      3      4      3
      3      3      3      4      3
      3      3      3      3      4

      3      3      2      4      3
      3      5      2      3      4
      4      4      3      2      2
      5      5      2      3      5
      3      3      4      3      3

      3      3      2      5      3
      3      4      3      2      4
      2      3      3      2      4
      4      4      3      4      3
      3      2      2      3      3

      4      2      2      3      2
      2      2      2      2      4
      1      3      2      2      3
      4      4      1      4      2
      2      2      3      3      2

      3      1      3      3      3
      2      3      2      2      3
      2      3      1      2      3
      4      4      2      3      2
      4      2      2      3      2

      2      4      3      2      3
      1      1      1      2      3
      3      2      3      0      3
      2      2      3      4      4
      4      2      2      2      2

      3      2      1      3      2
      2      1      2      2      2
      2      4      1      2      3
      3      3      2      1      3
      3      3      4      3      4

      1      4      2      3      1
      1      2      3      1      3
      2      3      3      2      1
      3      3      1      2      2
      3      1      2      0      3

      3      1      1      2      4
      2      0      2      1      1
      3      3      2      2      3
      2      2      0      2      4
      3      1      2      2      3

      2      4      3      2      2
      2      3      2      2      3
      3      2      2      1      2
      1      1      1      3      3
      2      1      4      3      3

      2      3      2      3      3
      1      1      3      2      2
      4      2      2      1      3
      2      2      1      1      2
      4      3      2      3      2

      2      2      2      2      3
      2      3      2      1      3
      2      4      1      1      3
      3      3      2      2      5
      0      0      1      3      3

      1      3      3      2      1
      2      2      2      1      1
      2      2      2      2      2
      2      2      2      4      4
      3      1      0      2      2

      3      4      2      1      2
      5      4      3      2      1
      1      3      3      1      2
      2      2      1      2      4
      4      2      4      0      1

      2      2      4      1      1
      3      2      1      3      1
      0      0      1      1      2
      2      2      0      2      3
      1      1      2      1      2

      3      1      1      1      2
      1      1      2      1      3
      1      2      1      2      3
      3      3      2      3      2
      2      1      2      3      3

      3      1      4      2      0
      1      1      1      4      3
      0      0      0      0      1
      1      1      0      2      2
      2      2      2      1      4

      1      0      3      2      2
      1      1      0      3      1
      1      1      0      0      1
      2      2      2      2      2
      2      0      2      3      1

      1      1      1      3      3
      0      3      3      1      2
      2      1      2      2      3
      1      1      1      4      4
      1      1      2      0      4

      3      1      3      3      0
      0      0      2      1      2
      3      4      1     -1      0
      1      1      0      4      1
      2      1      1      1      1

      2      1      1      1      1
      1      0      1      0      0
      0      2      0      0      0
      5      5      0      4      1
      0      1      2      3      1

      1      0      2      0      2
      0      2      3      1      0
      0      2      0      2      0
      2      2      0      1      3
      4      2      2      1      3

      0      1      4      1      2
      0      0      1      1      1
      1      5      0      0      1
      2      2      0      1      0
     -1      2      1      0      1

      0      3      2      0      2
      1      1      0      1      0
      0      2      0      0      1
      1      1      2      2      2
      0      2      1     -1      1

      1     -1      0      2      0
      1      1      3      1      2
     -1      2      1      3      0
      0      0      0      0      2
      1      0      1      0      0

      0      0      0      0      0
      0      0      0      0      0
      1      3     -1      0      0
      2      2      1      2      4
      2      2      0      0      2

      2      0      1      0      1
      1      0      0      0      2
      0      0      1      0      1
      0      0     -2      1      2
      2      0      0      1      0

      2      0      0      1      1
      0      1     -2      1     -2
     -1      1      1      0      2
      0      0      1      1      3
      2      1      0      0      1

      1      0      2      0      1
      0      0      4     -2      0
      0      2      0      0     -2
      2      2     -1      3      2
      0     -1      2      1      0

      0      1      0      0      1
      1     -1      0      1      1
      0      0      0      0      0
      0      0     -1     -2      0
      0      0      0      0      0

      2      1      0     -1      1
      0      0      2      1      3
      0      0      0     -1      2
      2      2      1      1      0
      0      0      0      0      0

     -1      2     -2      1     -4
      0      1      0      2      4
      0      0      0      1      0
      2      2     -3      0      1
     -2      1      2      0      2

      0      1      1     -1      3
     -1      0      1      0      0
     -2      2      0     -2      0
      1      1     -1      1      2
      0      0      0      1      0

      1     -1      1      0     -1
      0      3     -2      0      1
      0      3     -1      0      0
     -1     -1     -1      0      1
      2      0      0      1      2

      0      1      0      0      2
      0      1      0      0      1
      0      1      0     -1      0
      0      0      0     -2      0
      0     -2      2      0      4

     -2      0      0     -1     -2
      0      0     -3      0      3
      0      0     -2     -1      0
      0      0     -3      0      1
      1     -1      0      0      0

      0     -3      0      0      1
     -1      0     -1      1      0
     -2      0     -1      0     -1
      0      0     -2      0      1
      0     -1      0     -1      0

      0     -3      1      1     -1
     -1      0     -1      0      1
      0      0     -2     -2      0
      0      0     -2      0      0
      0      0     -1      1      0

