;
; ENVI ASCII Output of file: E:\Imaging\ROI_AVIRIS_TestSet\5_0_4.img [Wed Dec 06 10:46:01 2017]
; File Dimensions: 5 samples x 5 lines x 224 bands
; Line Format    : (5i7)
;
    476    481    486    485    472
    491    484    483    492    480
    478    460    497    481    481
    469    478    475    478    480
    472    477    476    473    482

    576    565    556    568    588
    578    572    565    546    546
    574    574    558    569    580
    564    570    560    570    557
    565    574    572    558    580

    603    612    619    615    614
    630    610    614    607    618
    614    615    596    631    612
    619    642    614    606    620
    600    616    626    617    621

    798    792    800    790    781
    791    797    785    783    790
    794    779    772    786    773
    798    790    788    786    777
    787    784    807    791    794

   1161   1170   1158   1155   1156
   1170   1169   1166   1151   1160
   1160   1162   1158   1170   1157
   1149   1152   1162   1162   1146
   1167   1177   1171   1149   1161

   1228   1220   1220   1219   1211
   1225   1228   1217   1222   1224
   1221   1229   1221   1220   1210
   1221   1218   1223   1221   1224
   1228   1226   1222   1225   1220

   1146   1148   1144   1144   1145
   1156   1156   1146   1149   1143
   1153   1158   1149   1144   1147
   1155   1144   1144   1149   1144
   1150   1157   1161   1152   1155

   1060   1064   1058   1054   1052
   1055   1052   1064   1060   1048
   1065   1066   1060   1056   1049
   1058   1056   1059   1065   1060
   1065   1059   1060   1065   1061

   1146   1142   1138   1136   1135
   1144   1139   1133   1135   1132
   1140   1141   1143   1136   1131
   1146   1140   1131   1145   1132
   1145   1148   1149   1141   1143

   1155   1157   1151   1142   1143
   1162   1157   1152   1145   1148
   1159   1152   1156   1149   1148
   1160   1159   1141   1147   1152
   1157   1153   1159   1161   1156

   1114   1109   1107   1107   1109
   1117   1113   1108   1110   1107
   1109   1125   1117   1117   1107
   1125   1118   1109   1118   1112
   1118   1118   1113   1118   1119

   1043   1047   1041   1037   1033
   1045   1054   1038   1040   1036
   1045   1041   1044   1043   1041
   1050   1042   1038   1039   1038
   1046   1041   1046   1045   1041

    980    972    977    971    975
    990    983    974    983    965
    984    986    978    978    969
    985    978    973    978    977
    987    991    982    983    978

    880    878    873    874    872
    885    879    875    873    871
    887    879    880    884    875
    880    881    870    882    877
    886    888    880    879    884

    795    789    787    778    782
    800    794    794    786    785
    796    797    793    791    791
    794    788    792    793    792
    795    798    792    798    797

    700    694    694    687    686
    698    690    693    684    691
    705    693    695    690    694
    698    699    689    694    701
    692    703    704    695    698

    605    609    602    599    610
    615    607    603    602    607
    608    618    613    608    599
    608    607    608    613    606
    611    611    612    608    612

    572    576    571    569    574
    578    576    573    570    572
    580    582    578    573    571
    577    576    574    581    575
    581    580    576    576    581

    538    541    538    538    538
    540    544    542    538    536
    551    545    541    536    543
    545    543    539    547    543
    550    549    540    544    550

    505    497    500    499    496
    504    506    501    496    497
    506    503    504    504    502
    506    513    498    508    500
    503    507    507    501    509

    459    457    459    453    454
    458    453    457    456    452
    462    460    458    456    452
    457    457    453    461    457
    459    459    461    460    459

    417    418    418    415    414
    421    419    411    413    412
    421    421    416    420    416
    421    417    419    416    415
    422    426    422    417    421

    379    388    385    379    385
    385    386    383    387    389
    392    387    383    388    383
    387    386    383    392    384
    389    388    388    389    387

    339    336    338    341    337
    341    340    340    340    338
    343    342    341    341    337
    341    344    340    341    342
    343    343    342    340    343

    313    313    316    310    317
    316    320    313    313    312
    317    316    312    313    317
    317    316    312    312    315
    317    317    319    312    317

    302    305    297    298    299
    304    307    300    301    302
    303    303    303    304    303
    304    306    300    301    308
    302    310    304    306    303

    282    280    277    278    282
    282    283    279    277    278
    282    280    278    280    282
    281    282    281    284    284
    285    282    285    280    286

    259    259    259    256    258
    261    262    253    257    256
    263    258    260    257    256
    258    261    257    262    258
    260    260    263    264    266

    252    249    245    243    247
    249    245    250    245    245
    249    248    249    252    248
    248    248    244    247    249
    248    250    250    250    249

    226    228    227    229    229
    232    231    223    226    230
    226    229    228    228    230
    229    229    227    231    228
    228    228    229    229    233

    217    218    213    213    217
    215    216    219    216    215
    214    218    214    216    215
    219    217    214    218    218
    218    219    220    218    222

    209    211    207    207    210
    213    213    209    212    211
    212    213    211    213    213
    209    214    210    214    213
    212    214    212    214    212

    208    206    207    210    210
    209    209    207    215    213
    209    214    214    210    215
    210    208    213    212    215
    213    216    206    212    215

    208    211    208    206    210
    213    214    210    212    211
    212    212    211    212    212
    210    215    209    214    212
    212    214    211    212    214

    193    196    193    190    197
    195    195    197    200    199
    193    198    199    196    196
    195    198    195    201    197
    198    196    193    191    204

    170    173    172    169    175
    170    173    174    176    176
    171    177    173    177    174
    176    176    172    178    175
    174    178    170    168    180

    152    151    154    147    152
    148    153    155    153    154
    153    150    153    153    154
    155    156    152    156    152
    151    156    150    145    160

    142    144    145    140    144
    146    147    150    148    147
    144    148    145    148    143
    149    152    143    148    143
    145    147    141    139    155

    133    133    131    128    132
    130    136    139    135    136
    129    134    133    135    130
    137    139    131    136    132
    130    139    130    127    146

    105    104    104    100    104
    102    104    109    107    104
    102    102    104    103    103
    106    113    102    108    102
    101    107    101     95    110

    107    109    110    103    110
    108    112    116    110    109
    106    110    108    109    110
    114    118    107    114    108
    107    114    108    104    117

    117    120    117    111    121
    115    121    129    121    119
    118    118    118    118    117
    128    124    116    123    118
    116    125    116    110    131

    117    119    119    113    119
    115    123    128    121    120
    117    119    118    119    118
    127    128    115    125    116
    117    122    116    109    132

     71     72     74     66     69
     72     76     79     74     73
     70     72     73     70     70
     74     77     69     75     70
     69     74     68     65     79

     91     93     93     87     94
     93     97    100     94     92
     90     93     92     93     93
     99    100     89     96     91
     88     94     89     84    104

     94     97     97     92     97
     96    100    108     99     96
     95     97     98     97     95
    105    106     92    101     92
     94    101     92     86    110

     87     90     90     84     91
     90     92    100     89     88
     87     89     91     92     90
     99     99     84     92     84
     84     93     85     78    104

     79     84     83     76     81
     81     86     93     83     82
     78     82     82     83     79
     89     91     77     87     78
     79     86     80     72     95

     73     77     77     69     74
     74     80     85     77     76
     74     77     76     75     74
     84     85     70     80     70
     73     79     72     66     90

     60     64     62     56     61
     59     65     68     62     62
     59     60     59     62     58
     67     68     58     65     59
     59     63     59     52     73

     60     62     63     57     60
     59     62     69     63     62
     59     61     62     62     60
     68     68     56     68     58
     58     65     59     53     72

     62     65     65     59     63
     62     68     73     65     61
     61     63     64     65     60
     71     73     59     69     60
     61     66     60     54     76

     67     67     70     62     69
     66     72     79     69     67
     66     68     67     67     66
     78     79     63     75     63
     64     71     65     57     83

     62     64     63     55     64
     63     70     75     63     62
     59     62     63     64     62
     73     72     60     70     58
     59     67     60     52     77

     61     65     65     53     61
     61     68     74     63     60
     58     61     62     63     60
     71     72     57     67     58
     58     65     57     52     77

     59     60     61     52     59
     56     63     70     60     56
     56     57     57     56     56
     65     68     54     64     53
     55     64     55     47     72

     54     57     56     49     56
     56     59     66     57     53
     55     54     57     55     53
     65     65     50     60     49
     52     59     50     46     70

     44     45     46     36     45
     42     46     54     45     42
     43     44     43     43     42
     49     53     40     48     40
     39     49     40     35     54

     37     37     38     32     37
     36     41     46     39     37
     36     37     37     37     36
     43     43     35     42     35
     36     38     34     29     47

     35     36     36     28     36
     33     35     45     36     32
     33     32     35     34     33
     38     40     32     38     30
     30     37     31     26     43

     31     32     34     26     32
     29     33     40     32     31
     29     31     31     30     29
     36     38     27     34     29
     28     32     27     25     39

     18     21     23     18     21
     19     21     27     22     19
     17     21     22     20     19
     24     26     19     22     18
     19     25     17     15     27

     14     16     15     12     14
     14     15     21     15     14
     15     14     14     16     14
     16     16     14     17     14
     14     16     11     13     18

     15     16     17     13     16
     14     16     19     16     15
     15     16     15     16     15
     18     19     14     17     14
     14     17     13     11     19

     25     26     27     22     26
     23     28     34     27     22
     24     24     25     25     23
     31     31     21     29     22
     23     27     22     17     34

     28     30     30     24     29
     28     31     38     31     27
     25     28     29     29     26
     33     34     25     32     25
     25     32     26     21     37

     32     34     35     27     34
     31     35     43     35     31
     31     31     33     32     31
     41     40     27     35     28
     28     33     29     23     43

     34     36     38     30     36
     32     37     46     37     33
     32     33     35     35     32
     41     43     30     38     31
     31     38     30     24     48

     32     35     36     27     33
     33     36     46     35     31
     31     32     34     33     30
     40     43     29     38     29
     30     36     29     23     46

     32     35     34     26     32
     31     36     44     35     30
     31     31     33     34     31
     42     42     28     37     27
     29     36     29     23     46

     31     31     35     27     31
     31     36     43     34     29
     30     31     32     32     29
     41     42     27     36     28
     29     35     28     22     46

     28     30     33     23     28
     29     33     39     30     28
     26     28     29     28     25
     36     36     25     34     25
     27     31     25     20     42

     28     30     33     23     29
     28     33     41     30     28
     27     29     29     29     26
     37     36     25     34     25
     25     33     25     19     41

     26     29     30     22     27
     27     30     38     28     26
     25     26     27     27     24
     34     36     22     32     23
     24     28     23     18     38

     26     27     29     20     26
     26     30     37     27     25
     24     25     26     27     24
     33     35     22     31     23
     24     29     23     18     37

     23     25     27     19     23
     22     26     35     25     22
     22     23     23     24     21
     30     31     19     27     20
     20     27     21     16     35

     21     23     24     17     21
     20     24     32     23     20
     20     22     21     22     20
     28     30     18     26     19
     19     25     19     14     33

     20     20     22     15     20
     18     22     29     21     18
     18     21     19     21     18
     27     28     16     25     17
     18     23     17     13     31

     15     16     17     12     16
     16     17     23     16     14
     14     15     16     15     13
     20     21     13     18     13
     15     18     13     10     22

      8     10     10      7      9
      9     11     15      9      8
     10      9     10      9      9
     12     14      8     12      8
      8     11      7      6     14

      4      5      6      3      4
      4      4      6      4      4
      4      5      4      4      3
      6      6      3      5      3
      3      6      3      3      6

      3      3      4      1      4
      3      4      5      3      3
      4      3      5      4      4
      4      4      2      4      3
      3      4      2      2      5

      5      6      6      3      5
      4      5      6      5      5
      4      4      5      5      4
      6      8      3      4      5
      4      5      4      2      6

      4      6      5      3      5
      3      3      7      4      3
      5      5      5      4      4
      6      6      3      6      3
      4      6      3      2      4

      7      7      7      5      7
      7      5     10      6      6
      5      6      6      6      6
      8      8      4      7      6
      6      7      5      4      9

     10     12     11      7     11
      9     10     16     11      9
      9     10     11     10      9
     13     15      7     12      8
      8     11      8      5     14

     12     12     14      8     12
     11     13     20     13     11
     11     11     11     13     11
     15     16     10     14      9
     11     14     10      7     21

     10     11     11      8     11
     10     13     17     11     10
     10     10      9     11     10
     14     15      9     12      8
      9     11      8      6     17

     11     12     12      9     11
     11     12     19     11     10
     10     11     11     11      9
     16     16      7     14      8
     10     13     10      6     18

      9     11     11      6     10
      8     11     15     12      8
      9     10      9     10      8
     13     15      8     11      8
      8     11      8      5     14

     10     12     14      7     11
     10     13     17     12     10
     10     10     11     11     10
     14     16      8     12      8
      9     13     10      6     18

     11     12     13      8     12
     11     14     17     12     11
     10     11     11     11     10
     18     16      8     13      8
      9     13     10      5     18

     12     13     15      9     13
     11     14     20     13     12
     11     12     12     12     11
     16     18      9     15      9
     10     14     11      6     21

     11     14     14      8     12
     11     13     20     13     11
     11     12     11     12     11
     17     17      9     16     10
     10     14      9      6     19

     10     13     13      8     12
     11     13     18     12     10
     10     11     11     12     10
     15     16      8     13      9
     10     14      9      5     17

     10     12     12      7     11
     10     12     17     12     10
     10     10     10     10      9
     14     15      7     13      8
      9     12      8      5     17

     10     13     13      7     12
     11     13     18     12     10
     10     11     11     12     10
     15     16      8     13      9
     10     14      9      5     17

     13     14     11     13     15
     11      9     13      9     10
     11     14     13     10     11
      7     14     13     15     15
     13     14      7     10     11

      9     14     11      8     10
     11     10     11     10      9
     11     13     14     10     13
     11     12     12     15      9
      9     18     10      8     13

     12     13     12     11     10
      9     11     10      9     11
     12      8     16      8     12
     12      9     10      8     12
     12     14      8      8     12

      9     12     10     11     16
      9     12     10      9     10
      9     13     16      8     10
      9     13     10     11     11
     14     12      7      6     13

      8     11      9     10      8
      5      8     12      9      8
      8     12      7     10      8
     11     10      6     10     10
     11     14      4      8     10

      6      9      8      8      7
      8      6      7      9      6
      9      6      8      6     10
      8      8      8     10      7
      9      9      4      8      6

    -11    -10    -10    -12      0
     44     40     40     57     38
     55     60     75     66     58
     49     56     53     49     46
     21     32     28     34     34

      5      3      3      3      6
      3      4      3      4      3
      6      5      5      4      5
      2      5      3      5      5
      5      3      2      4      6

      3      4      2      3      4
      0      2      1      4      0
      0      4      4      3      2
      4      2      3      4      1
      6      3      1      1      3

      2      1      1      0      0
      0      0      0      0      0
      0      1      2      0      0
      1      0     -1      0      0
      2      2      0     -2      1

      1      0      1      0      0
      0     -1     -1      0     -1
      0     -1      1      1      2
      1      2      0      0      0
      0      1     -2     -1      0

      0      0      0      1      0
      0     -1     -1     -3     -1
      0      0      0      2      0
      0     -1      0      0      0
     -1      1     -1     -1      1

      0      1      0     -1      1
      0      0      0      0      0
      0      0      1      0      0
      0      0     -1      0      0
      0      1     -1     -2      1

     -1     -4      0      0     -2
     -1     -2     -5     -2      2
     -1      1      1      1      0
      0      0      0     -4      0
     -2      0     -4      0      0

      1      1      2      0      3
     -1      0     -1     -2      0
     -2     -1      3      0      0
      2      0      3      1      0
      0      5     -4     -1      2

      1      2      4      2      1
      0     -2      0      0      0
      1      0      2      0      0
      3      0      2      0      0
      1      4     -1     -2      0

      3      1      1      0      1
      1      0      2      3      0
      0      1      2      2     -2
      1      2      0      0      0
      2      2      0     -2      0

      1      2      3      2      0
      0     -1      0      2      1
      2      1      2      2      1
      0      0      2      2      0
      0      2      0     -1      0

      0      1      1      0      2
      1      0      1      0      0
     -1      1      2      1      2
      1      1      1      1      0
      2      1      0      0      1

      2      3      1      1      2
      1      0      2      2      0
      2      1      3      0      2
      3      4      1      0      1
      3      4      0      2      1

      2      4      3      4      5
      0      4      4      4      1
      2      3      1      3      3
      3      1      4      3      0
      5      7      1      0      2

      3      2      1      3      2
      1      3      2      3      1
      3      3      2      2      0
      2      2      3      2      2
      2      4      2      0      4

      3      4      5      3      3
      1      2      2      3      3
      1      2      3      6      5
      1      4      1      3      3
      5      6      2      1      3

      4      6      6      7      6
      4      4      8      6      5
      5      4      6      4      2
      6      6      4      6      4
      8      6      3      2      5

      7      9      8      6      9
      4      5      8      8      7
      7      7      9      8      9
      6      9      7      9      9
      9      9      6      4      9

      8      8      9      8     11
      9     11     11      7      7
      8      7     11      9      8
      9     10      8      9      8
     11     11      7      7     11

     10      8     10      8      9
     10      8     10     10      8
     11      8     10      9     10
      7     10     10      9     10
      9     13     10      8     10

      8      9     10      9     10
      8      9      9      8      9
     10     10     12      9     10
      9     11      9     10      8
     10     13      8      9     10

     12     10      7      7     10
      9      9     10      8      8
      8     11     15     10     14
     14     14     14     11     11
      6     12     10      7      6

     10      9     10     10     12
      9      9     10     11     11
     10     11     12      9     12
      9      9      9     11      9
     11     11      6     10     12

     11     11      8     10     11
      8      9     10      9      9
     11      8     11      9      9
      9     11      9     10      9
     11     10      9      9      9

     10      9      8     10     10
      7      9      9      8      9
      9     10      9      9      9
     10      9      7      8      8
      9     11      7      8     11

      9      9      9      9     10
      8      9      8      7      8
      8      9     11      8     10
      9      7      8      8      8
     11     10      8      9     11

     11     10     10     11      9
     11      9      8      8      9
     11      7      9      8      9
      8      9     10      8      9
      9     11      7      7      9

      8      8     10      8      8
      6      8      9      6      8
      9      8      9      6      6
      7      7      6      8      7
      8      8      6      8     10

      7      8      7      8     10
      7      7      8      8      7
      7      7      9      7      7
      9      7      7      8      8
      8      8      6      8      9

      6      8      8     10     11
      9      8      9     10      8
      8      7      9      9      8
      9      8      8     11      8
      9      9      8      7      9

      7      9      8      9      8
      8      6      7      7     10
      7      7     10      8      9
      8      8      8      8      7
      6      7      6      8      8

      7      6      7      7      7
      7      7      5      8      6
      8      7     10      8      7
      6      8      6      7      8
      6      8      6      7      9

      7      7      7      8      6
      7      6      7      7      6
      5      6      8      7     10
      7      7      7      7      6
      7      9      7      4      7

      7      8      6      8      7
      7      6      7      7      5
      8      8      7      7      7
      8      7      7      7      5
      7     10      7      5      9

      7      9      6      7      9
      7      5      6      5      6
      7      5      7      6      7
      7      6      6      7      6
      6      7      5      5      7

      6      8      6      5      8
      7      5      7      5      5
      6      6      7      5      7
      6      6      4      7      7
      5      8      6      5      5

      6      7      6      6      5
      4      4      7      6      5
      5      7      6      7      4
      8      7      7      7      6
      7      9      7      4      7

      6      6      5      5      6
      4      6      7      6      4
      6      7      6      5      9
      6      5      5      7      6
      7      7      5      2      8

      6      8      5      3      7
      4      4      6      7      5
      5      6      3      4      6
      6      5      4      5      6
      8      6      4      5      7

      5      6      6      5      6
      6      6      6      5      4
      5      4      7      5      4
      5      7      5      5      5
      5      8      4      3      5

      4      5      4      5      7
      4      4      3      5      4
      5      3      7      5      5
      5      4      4      4      3
      4      5      5      2      7

      2      2      3      4      6
      3      3      4      3      3
      2      3      6      4      4
      4      5      2      5      5
      1      3      2      1      3

      3      4      4      4      5
      2      4      3      5      4
      4      4      5      5      4
      4      4      4      5      3
      5      5      4      1      6

      3      3      4      4      4
      1      2      3      3      2
      3      4      4      5      2
      2      3      3      4      2
      3      4      3      2      4

      3      2      2      4      5
      2      1      2      3      1
      4      2      4      3      3
      3      5      1      2      3
      3      5      1      1      2

      2      2      3      2      3
      1      1      2      1      0
      1      2      1      4      3
      2      1      3      1      1
      2      1      2      2      3

      0      2      0      0      3
     -1      0      2      1      2
      2      2      2      2      1
      2      2      0      1      0
      1      0     -1      0      1

      1      3      0      0      0
      0      0      0      0     -1
      0      0      1      1      0
      0     -1      0      2     -1
      2      1      0     -1      2

      0      1      0      0      0
     -1     -1      0      0      0
      0      0      2      0      0
      0      0     -1      0      0
      0      0     -1     -2      0

      0      1      1      0      0
      0     -1      1      0      0
      0      1      0      0     -2
      0      0      0      0      0
      1      0      0     -1      0

      0      0      0      1      2
      0      0      0     -2      0
      0      0      1      0     -1
      0      2     -2      0      0
      2      4     -1     -2      2

      0      0     -2      0     -1
     -1      0      0     -1      0
     -1     -1      0      0     -1
      0     -1     -2      0      0
      0      0     -1     -2      0

      1      1     -1      0      1
      0      0      1      0      0
      0     -1      0      1      1
      0      0      0      0     -1
      0      3     -2     -2      1

      0      0      0      0      0
      0     -1      0      1      0
      1      0      2      0     -1
      0      0      0      2      0
      1      1      0      0      0

     -1      1      0      0      0
      0      0     -1      0     -1
      0      0      0     -1      0
      1      0      1      2      0
      1      1      0     -1     -1

      0      0      0      1      0
      1      0      1     -1      0
     -1      0      0      0     -1
      1      0     -1      0      0
      1      1     -2      0      3

      0      0      0      1      0
     -1      0      0      0     -1
     -1      0      0     -2      0
      1     -1      0      0      0
      0      1      0      0      0

      0      2      1      1      0
      0      1      0      0      1
      0      0      0     -3      0
      0      0      0      0      2
      0      0      0      0      0

      1      0      0      0      1
      0      1      0      0      0
      0      0      0     -2      1
      0      0      0      1      0
      0     -1      0      0      0

      1      0      0      1      0
      0      0      0      0      0
      0      0      0     -2      0
      0     -1      1      0      1
      0      0      0      0      0

      2      1      0      1      0
      0      1      0      0      1
     -1      0      0     -4      0
      0     -1      0      0      3
      0      0      0      0      1

      0      0     -1      0      0
     -1      0      0      0      0
     -2      0      0      0      0
      0      0      1      0      0
     -1     -1      0      0     -1

      0      0      0      0      0
      0      0      1      0      0
      0      0      0     -1      0
      1      0      1      1      1
      0      0     -1      0      0

      0      0      0      0      1
      0      1      0      0      0
      0      0      0      0      0
      0      0      1      0      1
      0      0     -1      0      0

      1      0      0      0      0
     -1      1      0      0      0
      0      0      2      0      0
      0      0      2      0      0
      1     -1      0      0     -1

      1      0      0      0      1
      0      1      0      0      0
      0      0      1      0      0
      0      0      1      0      1
      0      0     -1      0      0

      1      2      0      0      1
      1      2      3      1      2
      0      0      3     -1      0
      1      1      1      3      1
      2      0      0      0      2

      1      2      2      2      2
      1      2      1      2      2
      2      2      3      0      2
      2      2      3      5      1
      1      2      2      1      2

      3      3      2      2      2
      2      4      3      1      3
      1      3      4      2      3
      2      4      4      3      1
      1      2      2      1      2

      0      2      2      1      2
      1      3      2      3      4
      1      1      2      0      2
      1      1      2      1      1
      2      2      1      1      2

      1      0      0      0      0
      2      0      2      0      0
      0      0      1      0      2
      0      0      2      0      1
      0      0      0      0      1

      2      0      1      1      1
      2      1      1      1      1
      1      0      1      0      2
      2      1      0      1      0
      1      0      1      0      2

      4      4      2      2      2
      2      3      4      2      5
      1      2      3      1      2
      2      3      3      3      2
      2      1      1      2      3

      4      4      3      4      4
      2      3      4      3      4
      4      3      2      2      4
      4      3      4      4      2
      3      5      1      3      4

      3      3      2      4      3
      3      2      5      3      4
      3      5      3      1      4
      5      3      4      3      3
      3      3      1      3      3

      3      3      3      3      2
      1      3      2      2      1
      2      1      2      2      3
      4      1      3      3      2
      1      2      1      2      2

      3      2      2      1      3
      1      3      3      2      2
      2      3      2      0      1
      3      3      2      1      2
      2      2      0      2      3

      5      3      3      2      3
      2      3      4      4      5
      2      5      2      1      3
      5      4      3      3      3
      3      3      2      2      3

      5      4      3      4      3
      3      4      3      3      3
      3      3      4      3      3
      2      3      4      3      4
      4      3      2      2      4

      3      4      2      2      3
      4      4      3      2      3
      3      4      4      2      3
      4      5      2      4      4
      2      4      2      3      3

      3      4      3      4      3
      3      3      3      3      4
      2      3      3      2      4
      3      3      5      3      4
      3      3      2      3      4

      3      3      3      2      3
      2      5      2      3      4
      3      4      2      2      3
      3      3      4      5      3
      2      4      3      2      3

      3      3      2      3      3
      3      2      4      5      3
      4      3      2      2      3
      3      4      3      3      4
      2      3      3      3      4

      5      2      3      3      3
      3      6      4      3      4
      4      3      3      2      4
      3      4      2      4      4
      4      3      2      3      3

      4      3      2      2      3
      3      3      3      5      4
      4      4      4      1      4
      2      3      4      4      3
      3      4      3      3      4

      3      4      3      1      3
      3      3      3      3      4
      1      3      3      2      3
      2      3      4      4      2
      3      3      2      3      2

      3      2      2      3      3
      3      3      2      3      3
      1      3      3      2      3
      3      4      3      5      3
      2      2      3      5      4

      3      2      1      4      2
      2      2      3      3      2
      2      2      1      3      3
      3      3      3      3      3
      3      4      2      2      2

      2      3      2      1      1
      1      3      2      1      2
      2      4      2      2      4
      2      2      3      3      2
      2      3      2      1      3

      3      2      3      2      3
      2      2      2      2      3
      0      2      3      2      4
      2      2      5      2      1
      2      3      1      1      2

      3      2      2      2      1
      1      4      3      2      3
      2      3      3      2      3
      1      1      3      4      3
      1      3      3      1      4

      3      3      0      3      3
      1      3      3      3      3
      1      4      3      2      2
      3      2      3      3      2
      1      2      2      1      2

      3      2      1      2      2
      1      3      2      3      4
      2      2      2      0      2
      3      2      3      2      3
      1      1      2      2      2

      3      1      1      1      3
      1      2      2      2      3
      2      3      2      1      3
      3      3      3      1      2
      2      2      1      1      2

      3      1      2      1      5
      2      1      2      1      4
      3      3      2      1      2
      2      2      2      3      1
      3      2      1      1      2

      2      2      1      3      3
      1      3      3      3      3
      1      2      3      0      3
      2      1      1      3      1
      2      1      3      3      4

      1      0      1      2      1
      2      2      4      1      3
      0      1      0      0      4
      1      1      2      2      2
      1      2      2      0      2

      1      1      0      3      3
      1      1      1      1      1
      1      1      1      1      1
      1      1      2      2      2
      2      3      1      3      2

      2      2      3      2      3
      1      2      1      1      3
      1      2      1      2      4
      2      1      4      3      0
      2      2      3      2      3

      0      1      2      3      3
      1      1      1      3      1
     -1      2      2      1      2
      2      3      1      2      1
      0      4      0      0      1

      1      4      2      1      2
      2      2      2      0      2
      2      2      3      0      3
      1      3      2      2      2
      2      2      0      3      1

      1      1      0      1      3
      4      2      0      0      2
      1      0      3      0      3
      0      2      1      2      1
      1      2      1      1      2

      2      1      0      2      3
      1      2      1      1      4
      1      1      1      2      2
      3      1      2      2      0
      3      0      3      1      0

      0      3     -1      0      3
      0      2      3      1      1
      2      1      2      0      2
      1      2      1      1      1
      1      1      0      1      2

      1      1     -1      3      2
      0      1      0      0      0
      2     -1      3     -1      1
      2      1      0      1      2
      2      1      1      2      3

      1      3      0      3      0
      0      2      1      0      0
      1      0      0      0      1
      1      0      0      0      1
      0      1      1      0      1

      1      2      0      2      3
      0      1      0      1      0
      1      0      1      1      1
      2      1      1      0      0
      1      0      0      0      3

     -1      1      0      2      1
      0      1      1      1      2
      1      0     -1      0      0
      0     -1      1      1      0
      2      3      0      0      1

      0      3      0      1      0
      0      2      2     -2      0
      0      1      1      0      1
      1      2      1      1      0
      0      0      0      0      0

      0      0      0      0      1
      0      1      0      1      1
      1      0      0     -1      1
      2      0      1      0      1
      1      0      1      2      3

      0      0      0      1      1
      0      3      1      0      3
      0      3      1      0      1
      1      1      3      3     -1
      2     -2      1      1      0

      0      0      1      0      0
      2      1      0      0      0
      0      0      2      0      0
      0      0      3      0      1
     -1      0      1      0      0

      2      1     -1      0      2
      0     -2      0      0      1
      0      0      0      0      1
      1      0      3      1     -1
      0     -1      0      1      2

      0      2     -3      0      3
      1     -2      0      1      3
     -1     -1      1      0      1
     -1      1      0     -1      0
      3      0     -2      1      0

      0      0      0      0      0
      1      0      0      0      1
      0      0      1      0      0
      0      1      0      1     -1
      0      0      2     -1      0

      1      3     -1      0      0
      0      0      0      0      4
      0      3      0     -1      0
      0      0      1      2      0
      2      0     -1      1      0

      1     -1      0      0      0
      0     -3      1      0      1
      0      0     -1      0     -1
      3      1      0     -1      0
      0      0      0      0      2

      1      1     -2      0      0
     -1     -1      2      0      2
      0     -1     -2      1      0
      0      0      1     -1      0
     -3      0     -1      0      0

      2     -2      0      0     -1
      1      0      1     -2      0
     -1     -1      1     -1      0
      0      0      0     -1      1
     -1      1     -1     -2     -1

      0      0     -1      0      1
      0      0      2     -3     -1
     -1      0      0     -3      0
      0      0     -2     -1      0
      3      1     -1     -2      0

