;
; ENVI ASCII Output of file: E:\Imaging\ROI_AVIRIS_TestSet\5_0_2.img [Wed Dec 06 10:36:46 2017]
; File Dimensions: 5 samples x 5 lines x 224 bands
; Line Format    : (5i7)
;
    504    505    489    492    495
    491    487    478    478    487
    478    493    494    491    483
    491    513    485    485    502
    476    489    489    496    495

    587    598    582    574    573
    580    592    584    584    587
    588    593    566    573    557
    595    567    579    579    584
    575    582    584    600    573

    631    635    611    643    613
    627    617    629    629    638
    614    638    626    626    610
    631    627    614    614    627
    616    617    611    642    603

    794    783    775    782    773
    772    776    775    775    780
    785    787    769    781    778
    789    786    782    782    781
    778    774    779    786    794

   1145   1151   1159   1148   1167
   1151   1154   1139   1139   1156
   1141   1146   1138   1141   1158
   1154   1154   1148   1148   1153
   1148   1145   1134   1147   1147

   1205   1207   1202   1204   1198
   1194   1197   1201   1201   1199
   1208   1194   1197   1191   1202
   1217   1193   1203   1203   1198
   1198   1199   1203   1201   1191

   1129   1128   1127   1131   1141
   1121   1127   1127   1127   1134
   1134   1121   1117   1121   1124
   1120   1124   1126   1126   1138
   1123   1124   1124   1127   1122

   1037   1039   1034   1047   1039
   1034   1028   1037   1037   1039
   1036   1031   1033   1029   1026
   1024   1035   1026   1026   1034
   1031   1024   1038   1038   1034

   1107   1107   1117   1118   1115
   1111   1113   1114   1114   1111
   1103   1111   1104   1106   1104
   1107   1102   1114   1114   1112
   1109   1105   1112   1109   1105

   1121   1132   1115   1128   1129
   1115   1112   1119   1119   1116
   1121   1112   1119   1113   1119
   1110   1119   1119   1119   1117
   1120   1117   1117   1114   1119

   1080   1087   1082   1082   1080
   1080   1076   1083   1083   1076
   1079   1078   1078   1074   1085
   1082   1082   1075   1075   1085
   1078   1079   1077   1079   1080

   1009   1015   1009   1017   1017
   1003   1006   1007   1007   1011
   1001   1009   1002    996   1012
   1017   1004   1000   1000   1008
   1003   1013   1011   1006   1011

    948    949    946    953    947
    936    943    946    946    947
    943    943    939    941    942
    950    948    947    947    951
    942    944    940    936    948

    854    851    847    854    850
    842    849    848    848    848
    849    845    841    845    847
    853    849    846    846    845
    841    845    838    845    848

    769    771    765    770    768
    759    760    759    759    764
    755    756    757    758    756
    760    760    763    763    761
    764    756    761    761    761

    660    669    671    670    676
    673    661    667    667    670
    661    664    668    668    662
    669    663    671    671    666
    664    663    666    668    667

    582    585    587    586    586
    581    587    583    583    582
    576    584    587    578    581
    582    584    581    581    583
    578    580    583    585    581

    551    553    554    552    554
    552    551    551    551    551
    546    554    551    548    549
    551    549    553    553    553
    545    547    551    552    550

    518    520    521    518    521
    522    514    517    517    519
    517    522    515    518    516
    518    513    525    525    522
    512    513    518    518    517

    481    480    481    486    484
    478    476    478    478    484
    478    476    479    476    480
    485    477    480    480    484
    478    477    481    483    479

    440    438    440    440    440
    438    432    438    438    441
    432    433    434    434    433
    434    435    436    436    438
    435    432    437    438    440

    397    398    400    404    401
    395    404    397    397    396
    399    401    393    396    398
    403    397    401    401    401
    396    397    397    401    402

    368    369    369    368    365
    363    369    369    369    366
    368    371    364    369    366
    370    368    365    365    367
    366    366    366    370    369

    321    329    328    326    328
    323    328    325    325    325
    321    324    327    322    317
    327    327    321    321    326
    322    325    329    327    327

    299    305    304    302    301
    303    301    301    301    299
    296    301    300    301    298
    302    296    303    303    300
    299    299    304    297    304

    291    285    288    292    290
    287    284    290    290    288
    290    286    289    285    286
    289    288    289    289    284
    285    285    289    291    287

    270    272    269    267    268
    269    270    267    267    263
    266    271    272    269    269
    268    268    270    270    266
    268    267    270    264    267

    247    251    250    251    247
    245    248    250    250    246
    245    247    245    245    247
    248    245    247    247    247
    247    241    249    249    248

    238    235    234    239    239
    235    238    234    234    230
    234    239    237    235    235
    235    234    235    235    235
    235    238    240    236    234

    220    220    218    217    217
    217    218    217    217    219
    218    219    215    217    217
    219    220    215    215    219
    210    216    219    217    219

    207    207    204    208    206
    206    208    207    207    207
    202    203    206    206    204
    207    208    204    204    205
    202    207    204    207    204

    204    201    204    204    202
    203    200    198    198    201
    198    200    201    198    201
    203    199    198    198    204
    198    204    201    202    202

    209    200    206    202    197
    200    198    197    197    198
    200    198    198    195    198
    205    196    195    195    204
    197    206    202    203    205

    205    202    203    203    203
    204    200    198    198    201
    198    201    201    198    200
    204    198    199    199    204
    199    204    200    202    202

    190    184    187    188    184
    189    183    180    180    182
    183    185    186    181    185
    187    184    187    187    189
    186    188    184    187    189

    174    165    165    166    162
    166    157    161    161    163
    159    167    164    161    162
    165    163    165    165    167
    164    166    162    166    165

    152    146    146    149    144
    147    140    141    141    145
    143    147    143    142    142
    147    145    147    147    145
    145    147    143    144    152

    147    140    138    138    140
    143    134    132    132    135
    135    141    141    136    134
    142    136    140    140    137
    139    140    138    138    142

    137    128    126    131    127
    129    119    123    123    125
    122    132    128    125    123
    129    126    129    129    124
    129    127    124    126    127

    108    101     99    101    100
    103     94     97     97     97
     95    102     98     98     94
    103     96    102    102     99
    102    101     97     97    101

    114    107    104    108    108
    108     99    101    101    103
    100    108    107    104     99
    110    104    109    109    106
    108    104    106    104    106

    120    116    112    116    116
    117    108    111    111    111
    109    117    113    113    106
    115    111    120    120    115
    118    113    111    112    117

    123    116    111    118    118
    119    110    112    112    115
    108    120    114    110    108
    117    111    121    121    112
    120    114    113    112    119

     74     70     64     68     67
     74     63     65     65     66
     67     72     67     66     64
     72     67     73     73     67
     72     70     65     67     70

     96     91     87     90     94
     93     81     87     87     89
     85     94     85     87     84
     90     85     94     94     86
     94     88     84     87     93

     96     95     88     93     96
     97     87     89     89     92
     87     99     93     92     86
     94     90     99     99     91
     99     92     85     91     94

     92     88     82     84     90
     92     79     84     84     85
     81     91     84     83     79
     91     83     94     94     85
     91     86     80     83     89

     85     81     77     78     83
     86     73     77     77     78
     74     87     78     78     72
     84     76     86     86     76
     86     80     76     78     79

     82     77     69     73     75
     76     70     71     71     71
     68     78     70     70     67
     77     70     80     80     70
     78     73     67     71     74

     64     63     56     60     64
     62     55     57     57     60
     56     64     59     59     54
     63     56     64     64     56
     63     60     55     57     60

     65     64     57     61     64
     64     54     59     59     56
     56     61     57     58     53
     65     57     65     65     57
     66     59     54     56     60

     67     64     58     61     66
     66     55     59     59     61
     57     67     60     61     54
     65     58     69     69     63
     66     63     58     58     64

     72     68     61     65     69
     69     60     64     64     66
     62     71     63     64     59
     72     63     73     73     61
     74     67     63     64     67

     69     64     58     62     64
     68     56     59     59     62
     57     65     60     60     52
     66     60     69     69     59
     68     63     57     59     64

     67     64     55     62     65
     65     53     59     59     58
     56     64     58     59     53
     66     58     67     67     57
     66     60     55     58     62

     65     57     52     58     59
     63     49     54     54     54
     52     62     55     55     50
     60     52     63     63     57
     61     57     49     53     60

     62     61     49     52     58
     59     47     51     51     52
     50     60     52     53     46
     57     49     59     59     54
     60     55     48     52     55

     50     46     39     41     48
     49     37     41     41     43
     40     47     40     42     37
     46     41     49     49     42
     49     43     37     42     44

     42     39     33     37     39
     39     31     37     37     34
     35     41     36     35     32
     41     35     43     43     36
     43     37     31     36     36

     38     36     30     35     38
     38     28     31     31     30
     31     38     31     34     28
     39     31     42     42     33
     38     34     28     33     36

     38     34     28     28     33
     38     26     29     29     30
     29     32     30     28     27
     34     27     34     34     29
     35     33     28     31     30

     23     26     19     22     23
     23     18     19     19     18
     21     23     21     19     17
     24     16     26     26     19
     24     22     15     20     22

     18     16     14     14     17
     18     12     15     15     14
     15     15     15     15     12
     17     13     17     17     14
     17     15     13     15     17

     18     16     14     15     17
     21     13     15     15     16
     15     17     15     16     12
     17     14     18     18     14
     18     15     12     15     16

     28     27     21     24     27
     30     19     25     25     25
     22     27     25     25     21
     28     22     28     28     24
     29     25     22     24     25

     32     28     25     27     32
     33     22     26     26     28
     24     30     27     27     23
     33     25     34     34     26
     32     30     22     27     29

     37     37     29     31     36
     37     27     32     32     31
     28     36     31     30     26
     37     29     40     40     30
     35     32     26     29     32

     39     37     29     32     38
     37     29     30     30     33
     30     40     32     33     26
     36     31     40     40     31
     41     33     28     31     33

     38     36     28     32     36
     39     27     32     32     32
     29     36     31     33     24
     37     30     41     41     30
     39     32     26     30     32

     36     34     28     32     37
     38     26     31     31     29
     29     36     31     31     24
     37     30     40     40     32
     38     33     26     31     33

     37     36     28     31     36
     37     27     30     30     32
     28     36     31     30     24
     36     30     39     39     30
     37     32     25     29     33

     33     32     23     29     33
     35     22     28     28     27
     25     33     28     28     22
     32     26     35     35     27
     33     28     23     26     29

     34     32     24     28     33
     34     22     28     28     28
     25     33     28     27     22
     33     25     36     36     28
     34     30     23     27     29

     32     29     23     25     29
     30     21     25     25     26
     23     30     25     26     21
     31     24     33     33     25
     31     26     21     25     27

     31     29     21     25     30
     29     21     24     24     26
     23     31     25     24     20
     30     23     34     34     23
     31     27     20     24     26

     27     26     19     22     27
     27     18     23     23     22
     21     27     23     22     18
     26     21     30     30     21
     28     23     18     21     24

     25     24     18     21     25
     26     16     21     21     21
     19     25     21     20     16
     25     20     28     28     20
     26     21     17     20     23

     23     23     17     20     23
     24     14     19     19     19
     18     24     19     18     14
     24     18     26     26     19
     24     19     16     18     22

     19     17     14     15     17
     17     12     15     15     16
     13     19     14     15     12
     18     13     20     20     14
     20     16     12     15     15

     12     12      8      9     11
     12      7     11     11      8
      8     11      9      9      8
     11      9     13     13      8
     12     10      8      9     10

      4      5      4      4      5
      5      3      4      4      4
      5      6      3      4      3
      4      4      4      4      4
      5      5      3      4      4

      5      4      3      4      4
      5      2      3      3      1
      3      4      3      3      2
      4      2      2      2      3
      5      4      2      2      3

      7      5      4      4      5
      7      4      5      5      4
      5      5      3      4      3
      5      4      6      6      4
      8      6      3      5      4

      5      5      4      3      5
      7      3      4      4      3
      3      5      4      5      3
      6      4      6      6      4
      7      5      2      4      5

      9      8      5      6      8
      8      4      6      6      6
      6      8      5      5      4
      7      6      8      8      6
      9      8      4      6      6

     14     13      8     10     13
     13      8     10     10     11
      8     12     10      9      7
     12      9     14     14      9
     15     11      7      9     10

     15     16     10     12     15
     16      8     11     11     12
     11     14     11     11      9
     14     11     17     17     11
     15     13     10     11     12

     14     13      9     11     13
     12      8      9      9     11
      9     13     10      9      7
     14      9     15     15     10
     16     12      9     10     11

     16     13      8     11     13
     16      8      9      9     12
      9     13     11     11      8
     12     10     16     16     10
     14     11      8     11     11

     12     11      8      9     12
     13      7      8      8      9
      8     12      8      8      7
     13      8     14     14      8
     14      9      8      9      9

     15     14      9     12     14
     15      7     11     11     11
     10     13     10     10      7
     13     10     14     14      9
     15     10      8     10     11

     15     13      9     10     14
     15      8     10     10     12
     11     15     11     10      8
     13      9     15     15     10
     15     12      9     11     12

     17     15     10     13     15
     15      9     12     12     11
     10     16     11     12      8
     16     10     17     17     11
     17     13      8     10     12

     16     13      9     12     16
     16      8     11     11     12
     11     16     11     11      8
     15     10     18     18     10
     16     12      8     10     12

     16     14      8     12     15
     15      8     10     10     11
     10     14     11     10      8
     14      9     17     17     10
     15     13      7     10     12

     15     12      8     10     14
     12      7     10     10     10
      8     13     10     10      7
     13      9     16     16      8
     14     11      7      9     10

     16     14      8     12     15
     15      8     10     10     11
     10     14     11     10      8
     14      9     17     17     10
     15     13      7     10     12

     11      9     12     13      9
     10      5     14     14     11
      9      7     12     10     11
     15     11     13     13     14
     14      4      6     14     12

      8     13     10      9     13
     11     11     11     11      9
     11     13     12     12     10
     11      9     13     13     16
     13      6      8     13     11

     11     10     11     11     10
     12      9     10     10     10
      9     11      8      9      9
     13      8     14     14     12
     11      9      6     13     12

     14     10     10      9     10
      8      8      9      9     11
      9     14     11     10     10
     11      5     11     11     13
      9     10     11      7      9

     10      8      6      9      9
      6      9      8      8     12
      6      8     10      6      7
     11      5     11     11     10
     13      9      6      6      9

      9      7      9      5      7
      5      6      4      4      8
      6      7      7      7      7
     10      6      9      9     11
      7      7      4      7      8

     25     23     22     23     35
    -30    -31    -26    -26    -19
    -29    -32    -31    -35    -39
    -37    -46    -39    -39    -35
      4      2      5      5      7

      7      2      3      2      3
      3      3      3      3      5
      4      5      3      4      5
      4      3      5      5      4
      2      1      2      3      3

      2      2      3      1      2
      1      1      2      2      1
      2      2      2      1      2
      3      3      3      3      1
      3      3      1      2      1

      2      1      0      0      0
      0      0      0      0      0
     -1      0      0      0      0
      0      0      1      1      0
      0      0      0      0      0

      0      0     -1      0      0
      1     -1      0      0      0
      0      1      0      0      0
      0      0      1      1      0
      0     -1      0     -1      0

     -1      1      0      0      1
     -1     -3     -1     -1      0
      0      0      0      0      0
      0     -1      1      1      1
      0      0      0      3      1

      0      0      0      0      0
      0      0     -1     -1      0
      0      1      0      0      0
      2      1      1      1      0
      0      0      0      1      0

      6     -1      1     -5      1
     -2     -1     -3     -3     -2
      0      0     -4     -1      0
      4      0     -4     -4     -7
      4      2     -3      2     -1

      3      1      1     -2      0
      0      0      0      0      0
     -1      1     -2     -1      1
      2      0      1      1     -1
      4      0      0      0      0

      0      1      1      0      1
      1     -2      2      2      1
      1      0      0      0      1
      1      0      1      1      0
      0      0     -1      1      1

      2      0      0      0      3
      1      0      0      0      0
     -1      2      0      0      0
      2      0      0      0      0
      2     -1      0      2      0

      1      2      0      1      2
      0      1      0      0      2
      1      3      0      0      1
      3      1      2      2      0
      0      1     -1      0      0

      0      0      0      1      0
      2      0      2      2      2
      1      2      1     -1      0
      1      2      2      2      0
      2      0      1      0      0

      1      2      1      2      2
      2      2      2      2      2
      1      1      0      1      0
      1      1      1      1      0
      3      0      2      1      2

      4      2      1      4      5
      3      3      3      3      2
      3      5      0      2      0
      3      2      5      5      4
      4      0      0      3      5

      4      2      0      2      2
      1      2      4      4      1
      2      2      1      2      2
      2      3      0      0      1
      3      1      1      2      3

      3      3      2      1      5
      4      1      5      5      3
      4      2      0      2      3
      3      3      4      4      3
      4      2      4      2      1

      6      8      5      6      7
      6      4      6      6      6
      5      7      5      5      5
      6      4      5      5      6
      5      5      6      3      5

      8      7      7      7      8
      5      7      8      8      7
      7      7      6      5      7
      7      7      6      6      8
      9      6      7      7      7

     11      8      7      8      8
      9      8      9      9      8
     10     10      6      7      9
     11      8      8      8      8
      7      9      9      9      7

     10     10      9      8     11
     10      8      9      9      8
     11     10      5      9     10
      9      8      9      9     10
      8     10      9      9     10

     10      9     10      8     10
      9      9      9      9     10
      9     11     10      9      9
      9      9      8      8     10
     10      8      8     11      9

     10      8      9      8      9
     13     13     16     16     15
     12     10      7      6     12
     12     13     13     13     11
     10     10      9     14     11

     10     10     10     10     11
      8      9     12     12     11
     10     11      9      9     10
     10     11     10     10     10
     11      9      9      9      9

     11      9      7      8      9
      8     10     10     10      8
     10      8      9      9      8
     10      8      9      9     10
     12      9      8     10      9

      8     10      7      8      9
      7      9      8      8     10
      8      8      8      7     10
      9      8      9      9     10
     10      7      9      8      7

     11      7      8      6      8
      9      7      7      7      7
      9      8      7      7      8
      9      8      9      9      9
      9      7      7     10      7

     11      8      8      8      8
      8      7      9      9     10
     10      7      7      7      9
      9      8      9      9      9
     10      9      8     10      9

      8      9      8      8      8
      6      8      5      5      8
      8      9      8      8      7
      8      9      7      7      7
     10      7      6      8      7

      8      7      7      8      8
      7      7      7      7      8
      8      8      7      7      8
      7      6      6      6      7
      8      7      6      5      7

      8      9      6      7      8
      6      9      7      7      8
      7      7      7      6      8
      8      7      8      8      8
      8      6      7      8      8

      8      6      6      7      8
      8      8      8      8      8
      8      9      8      6      8
      8      7      8      8      6
      9      8      6      6      7

      8      7      6      8      8
      6      6      6      6      6
      6      8      6      7      6
      6      7      8      8      7
      8      6      7      7      5

      7      8      7      4      8
      6      7      6      6      8
      8      6      7      5      7
      8      8      6      6      7
      8      8      5      7      6

      5      6      7      6      7
      7      5      7      7      7
      6      7      5      5      6
      9      6      6      6      7
      7      5      6      5      4

      8      7      4      7      8
      5      7      7      7      6
      7      8      5      6      7
      6      7      7      7      7
      8      6      7      6      6

      7      5      7      6      9
      8      6      6      6      7
      8      7      5      6      5
      7      7      5      5      7
      6      7      5      7      5

      5      4      5      6      7
      5      7      6      6      5
      7      6      4      7      5
      7      7      6      6      5
      6      4      5      7      5

      6      8      6      6      5
      6      6      5      5      6
      7      7      5      6      6
      6      6      6      6      6
      6      6      3      4      5

      5      6      3      5      6
      5      3      5      5      5
      5      7      5      4      4
      6      5      6      6      6
      6      3      4      5      5

      5      4      6      5      4
      5      7      4      4      5
      6      6      4      4      3
      5      5      6      6      5
      4      3      5      4      3

      6      4      4      3      5
      3      5      4      4      4
      4      5      4      4      4
      5      3      4      4      4
      5      6      2      5      4

      6      5      5      4      5
      4      4      5      5      4
      4      3      4      3      6
      3      3      4      4      4
      4      5      5      6      8

      5      3      4      4      4
      3      2      4      4      3
      5      4      4      4      3
      5      4      3      3      3
      3      2      2      3      3

      1      4      2      3      3
      3      2      4      4      2
      1      3      3      2      4
      4      3      2      2      4
      3      5      3      5      2

      4      3      2      2      3
      2      3      3      3      2
      2      3      2      2      1
      3      2      2      2      1
      3      2      4      2      3

      3      4      0      1      2
      2      3      2      2      2
      2      3      2      0      1
      1      3      2      2      2
      3      2      2      2      2

      3      2      0      0      2
      2      1      1      1      1
      3      2      1      0      2
      1      1      2      2      0
      2      0      0      0      0

      0      0      0      0      0
      1      0      0      0      0
      1      1      0      0      1
      1      2      1      1      0
      3      1      0      1      1

      0      0      0      0      1
      0     -1     -1     -1      0
      0      0      0     -2      0
      0      1      0      0      0
      0     -2      0     -1     -2

      0      1     -1     -1      0
      0      0      1      1      0
      0      1      0      0      0
      1      0      2      2      0
      3      0      0      0     -1

      0      0      1      0      2
     -2      2      0      0      0
      0      0      0     -1      0
      1     -2      0      0      0
     -1      1      0      0      0

      1      0      0      0      1
     -1      0      0      0      0
      0     -1     -2     -1      0
      0     -1      0      0      0
      1     -2     -2      0      0

      0      0      0      1      0
      0      0     -1     -1      0
      0      1     -1      0      2
     -1     -2      0      0      1
      2     -2     -2      0     -1

      1      0      0      0      1
     -2     -1     -1     -1      0
      1      0     -2      2      0
      0      0      0      0      0
      1      0     -2      0     -1

      1      1      0      1      2
     -1     -2      0      0      1
      1      1      0      0      1
      1      0      2      2      2
      2      0     -1      0      1

      0      0      0      0      1
      0      0      0      0      0
      0      0      0     -1      0
      3      0      2      2      0
      0      0     -1      1      0

      0      0      1      0      1
      1     -1      1      1      0
      0      0      0      0      0
      0      1      0      0      0
      0      0      0     -1     -1

      0     -1      0      0      0
      1      0      0      0      0
      0      0      0     -2      0
      0      0     -2     -2     -1
      0     -2      0      0      0

      0      2      0      0      0
      2      1      2      2      0
      0      0      1     -1      2
      0      0     -1     -1     -1
      0      0      0      0      0

     -1     -1     -1     -1      0
      0      0      1      1      1
      1      2      0      0     -1
      0      0      0      0      0
     -2      0      0      1     -1

     -1      0      0     -1     -1
      1      0      2      2      1
      1      0      3     -1      0
      0     -1      0      0      0
      0     -1      0      0     -1

     -1     -2      0     -1      0
      0      0      0      0      0
      0      1      0      0      0
     -2      0      0      0      1
      0     -1     -1     -1      0

     -1      0     -2      0     -1
      0      0      0      0     -1
     -1      1      1     -1     -1
     -1      0     -1     -1      0
      0     -1      0      1     -1

      0      0      0      0      0
      2      0      0      0      0
      0      0      0      0      0
      0      0      0      0      1
      0     -1      0      1     -1

      1      0      0      0      2
      0      0      0      0      1
      1      1      1      0      0
      0      0      0      0      0
      1     -2      0      0      0

      1      1      0      0      1
      0      0      1      1      0
      0      0      0      0     -1
      0      0      0      0      1
      1     -1      0      0      0

      1      1      0      0      1
      1      0      1      1      0
      1      1      2      0      0
      1      0      2      2      1
      1      0      1      0      0

      1      1      3      0      2
      4      0      2      2      1
      1      2      3      0      0
      1      2      0      0      4
      2      0      2      3      1

      1      2      3      2      2
      2      1      4      4      2
      2      3      2      0      4
      2      2      3      3      1
      3      2      1      1      1

      0      1      2      1      2
      2      1      2      2      0
      3      1      1      0      2
      1      1      2      2      2
      3      0      1      3      0

      1      1      1      0      1
      2      0      0      0      0
      1      0      0      0      1
      0      0      0      0      2
      0      1      0      0      0

      0      0      1      1      2
      1      1      2      2      1
      1      1      0      0      1
      0      0      1      1      1
      1      0      2      1      0

      2      2      1      2      3
      3      1      3      3      2
      3      2      2      2      3
      1      1      3      3      3
      1      1      1      2      0

      2      3      3      1      4
      4      2      4      4      2
      3      4      4      2      2
      3      4      5      5      4
      2      3      3      4      2

      3      1      2      0      2
      3      2      3      3      4
      3      3      2      1      3
      2      4      1      1      4
      2      1      4      3      2

      2      1      1      2      2
      3      1      1      1      2
      1      2      2      1      2
      1      2      1      1      2
      1      1      3      2      0

      2      3      1      2      1
      3      1      3      3      1
      1      3      3      1      3
      2      2      1      1      3
      1      1      2      1      1

      2      2      2      3      3
      4      2      4      4      3
      3      3      2      0      1
      3      2      3      3      3
      2      1      3      2      2

      2      2      4      3      3
      3      0      3      3      3
      2      3      4      1      3
      1      2      1      1      3
      3      0      1      3      1

      2      2      3      3      4
      4      1      4      4      4
      3      2      4      3      2
      3      3      1      1      4
      3      2      4      4      1

      2      3      3      3      4
      3      2      3      3      4
      4      3      4      2      3
      3      3      3      3      4
      4      2      2      3      2

      2      3      3      3      4
      3      2      4      4      5
      3      3      3      3      3
      2      3      2      2      4
      4      1      3      4      0

      1      2      2      3      4
      4      2      3      3      3
      4      3      3      1      2
      2      2      3      3      3
      3      2      2      3      3

      4      3      3      3      5
      5      3      4      4      3
      4      2      4      4      4
      2      2      1      1      3
      2      2      3      3      2

      2      4      2      3      2
      3      2      4      4      3
      5      5      4      3      2
      2      3      3      3      3
      3      2      3      3      1

      3      1      2      3      4
      2      3      6      6      2
      3      2      3      2      3
      2      2      1      1      3
      1      1      2      2      1

      1      3      1      3      3
      3      3      6      6      4
      4      4      2      2      2
      1      2      2      2      4
      3      2      3      3      2

      2      2      2      2      2
      1      2      3      3      3
      3      3      2      2      3
      3      2      1      1      2
      3      0      2      2      1

      2      3      2      3      3
      3      1      4      4      2
      3      3      2      2      2
      4      2      1      1      4
      3      1      4      2      1

      0      1      2      2      1
      2      1      4      4      2
      2      3      1      3      3
      2      2      2      2      2
      3      1      1      2      2

      4      1      3      2      1
      2      3      4      4      1
      2      2      1      2      2
      2      3      2      2      1
      2      3      3      3      2

      1      2      2      3      2
      3      2      3      3      3
      2      4      4      2      3
      1      2      3      3      3
      2      1      1      1      3

      1      1      2      1      1
      4      0      3      3      2
      3      3      4      2      3
      2      2      2      2      2
      2      1      2      2      0

      1      2      1      2      1
      1      1      2      2      3
      2      3      2      1      2
      0      1      1      1      2
      1      1      2      2      1

      1      0      2      2      2
      2      1      3      3      2
      2      1      2      1      1
      2      2      1      1      2
      2      2      4      1      1

      0      1      1      1      1
      3      2      3      3      3
      2      3      0      2      2
      3      1      1      1      4
      2      1      2      2      2

      2      3      1      2      1
      2      2      2      2      2
      2      2      3     -1      1
      2      1      0      0      2
      4      1      1      2      2

      0      2      3      0      2
      1      1      2      2      2
      2      2      1      1      1
      1      0      1      1      2
      1      0      2      2      1

      2      1      1      1      2
      3      1      3      3      1
      4      3      3      1      2
      3      0      4      4      3
      2      1      3      1      0

      1      3      1      1      1
      1      1      3      3      1
      1      1      2      1      0
      2      1      2      2      2
      1     -2      1      1      1

      2      1      1      1      0
      1      1      1      1      0
      2      3      0     -1      1
      0      1      0      0      2
      1      0      2      0      0

     -1     -1      1      1      0
      3      1      3      3      0
      3      3      2      0      2
      0      1      0      0      2
      2      0      1      1      1

      1      1      0      1     -1
      3      2      1      1      3
      2      2      2      1      1
      1      1      3      3      3
      3      2      2      0      0

      1      1      0      0      2
      1      0      2      2      0
      3      2      0      0      0
      2      0      0      0      1
      2      0      1      2      2

      0      0      1      2      0
      1      1      1      1      0
      3      2      0      0      0
      0      2      1      1      2
      0      0      0      1      2

     -1      0      0      1      1
      3      0      2      2      0
      0      1      1      0     -1
      0      1      0      0      1
      0      1      1      2      0

      0     -1     -1      2      1
      0      0      1      1      0
      2      5      1     -1      1
      2      1      0      0      3
      0      0      0      1      1

      0      0      1      0      0
      2      1      1      1      1
      2      2      0      0      0
      0     -1      0      0      0
      2     -1      2      1     -1

      0      2      1      1      1
      2      0      2      2      1
      1      0     -1     -1      0
     -2      0      0      0      1
      0      0      2      1      0

      0      0      1      0      0
      1      0      1      1      0
      2      1      0      0      0
     -1      0      1      1      1
      3     -1     -1      0      0

     -3      0      0      1     -2
      1      1      0      0      2
      0      3      1     -1      0
     -1     -1     -2     -2      1
      2      2      1      1     -1

      0      0     -1      1      0
      0      0      1      1      1
      1      0     -2      0      1
      0     -1      2      2      0
      1      0      1      0      0

      0      0     -1      0      0
      0     -2      2      2      1
      2      2      1      0     -1
     -2      0      1      1      1
      0      0      3     -2     -2

      0     -1      0      1      1
      1      0     -2     -2      0
      1      0      0      2      0
      3     -1      1      1     -3
      0      2      0      1      0

     -2      0      2      2     -1
     -1      0      0      0      1
      1      2      0     -1      0
      2      0      0      0      0
      0     -4      0      3     -1

      0      1      0      2     -1
      1      0      0      0      0
      2      1      0      0      0
      0     -1      0      0      0
      2     -3      4      0     -2

     -1      0     -2      4     -3
      0      0      1      1     -1
     -1      0      0      0      1
      2     -1      1      1      0
      1      0      0      0     -1

     -2      0      2     -2      0
      0      0     -2     -2      0
      0     -1      0      0      0
     -1      1      1      1      0
     -1      2      0      1      1

      0      0      2     -2     -2
      0     -1      1      1      2
      0      2      0     -2     -1
      0      0      1      1      1
     -1     -2      1     -2     -1

     -2     -3     -1     -4      1
      1      0      0      0      1
     -1     -1      0     -1     -1
     -2      0      0      0      2
      0      0      1      0     -1

