;
; ENVI ASCII Output of file: E:\Imaging\ROI_AVIRIS\5_0_7.img [Fri Nov 17 11:53:05 2017]
; File Dimensions: 5 samples x 5 lines x 224 bands
; Line Format    : (5i7)
;
    532    531    541    530    542
    526    507    532    524    505
    522    512    503    524    532
    553    514    517    524    503
    539    519    519    509    544

    604    623    629    634    635
    626    620    625    618    632
    619    590    616    614    606
    628    622    634    614    622
    636    605    605    608    634

    661    659    660    665    669
    664    671    661    651    664
    654    644    650    677    671
    672    649    673    677    682
    673    666    666    664    674

    838    828    832    843    835
    829    830    843    820    831
    843    824    824    832    836
    847    820    845    832    833
    834    845    845    827    862

   1214   1214   1221   1225   1226
   1216   1216   1223   1220   1215
   1220   1204   1212   1212   1213
   1231   1208   1222   1212   1222
   1218   1219   1219   1220   1240

   1271   1275   1272   1276   1266
   1275   1273   1273   1274   1275
   1265   1279   1261   1276   1259
   1278   1279   1275   1276   1279
   1278   1273   1273   1285   1275

   1198   1188   1200   1184   1188
   1193   1191   1196   1192   1194
   1205   1197   1199   1190   1183
   1205   1190   1195   1190   1199
   1198   1201   1201   1183   1200

   1094   1087   1089   1097   1092
   1095   1094   1095   1085   1091
   1089   1089   1086   1085   1093
   1097   1085   1095   1085   1097
   1091   1089   1089   1100   1094

   1167   1171   1171   1167   1172
   1169   1175   1171   1163   1170
   1177   1172   1171   1170   1161
   1179   1171   1177   1170   1171
   1178   1174   1174   1170   1177

   1174   1177   1181   1181   1184
   1179   1177   1175   1173   1179
   1188   1177   1174   1167   1176
   1184   1174   1173   1167   1174
   1185   1173   1173   1181   1181

   1131   1131   1141   1135   1142
   1143   1137   1129   1137   1137
   1143   1132   1141   1139   1127
   1149   1133   1141   1139   1149
   1137   1140   1140   1133   1140

   1060   1057   1062   1060   1072
   1065   1060   1063   1059   1065
   1065   1068   1060   1059   1066
   1065   1065   1062   1059   1067
   1068   1067   1067   1057   1077

   1000   1002    994    992    994
    996    994    996    989    996
    997   1002    995    987    990
    998    997    988    987    998
    993    986    986    992   1009

    892    886    893    891    892
    895    894    889    891    891
    891    892    883    888    892
    891    885    890    888    887
    893    891    891    887    892

    796    787    793    797    798
    799    799    800    795    801
    800    801    786    798    797
    791    797    797    798    793
    792    796    796    795    801

    692    694    694    686    690
    692    688    693    689    695
    688    692    689    685    690
    696    694    688    685    694
    695    688    688    696    692

    605    609    605    601    604
    609    601    602    597    601
    605    602    603    602    599
    602    602    603    602    600
    602    602    602    603    607

    572    573    570    569    570
    572    570    569    563    569
    574    569    569    566    567
    568    566    569    566    567
    567    567    567    567    575

    538    536    534    536    535
    534    538    535    527    536
    543    535    533    530    534
    534    530    534    530    533
    531    532    532    530    543

    494    494    496    493    490
    493    493    497    494    496
    495    488    495    494    493
    493    490    492    494    493
    499    490    490    494    496

    447    449    449    451    452
    445    449    447    438    448
    450    454    443    446    442
    448    448    448    446    450
    450    449    449    448    458

    411    411    411    409    412
    411    408    409    404    407
    410    413    411    408    407
    408    408    402    408    418
    407    410    410    405    414

    379    379    378    377    380
    378    378    378    381    382
    380    374    379    374    379
    376    377    373    374    384
    377    378    378    377    382

    334    331    329    335    338
    333    337    334    329    332
    333    334    329    330    331
    332    336    333    330    335
    329    329    329    334    337

    306    304    306    306    307
    308    307    306    306    308
    308    307    302    302    309
    305    306    305    302    311
    304    307    307    306    312

    295    292    292    292    298
    292    293    293    291    292
    295    295    292    294    289
    295    292    292    294    296
    292    293    293    293    298

    275    273    274    271    277
    272    277    277    274    276
    272    274    273    272    274
    270    274    272    272    275
    272    272    272    269    275

    252    252    253    251    252
    252    252    249    250    255
    253    250    250    250    254
    254    252    249    250    255
    256    256    256    250    260

    240    239    243    237    242
    239    241    242    241    242
    244    242    239    243    236
    243    242    242    243    237
    238    242    242    241    245

    224    221    223    225    225
    224    224    224    224    226
    220    222    222    224    220
    221    221    224    224    226
    224    222    222    224    229

    209    210    212    212    212
    210    215    214    209    213
    210    208    208    209    210
    211    211    213    209    210
    210    206    206    210    214

    208    206    209    208    207
    207    206    210    204    206
    206    207    205    207    207
    209    201    207    207    207
    205    204    204    204    211

    204    205    209    206    207
    206    203    212    199    208
    204    204    201    210    205
    209    203    205    210    210
    206    198    198    200    208

    209    205    209    208    207
    208    206    210    204    206
    206    207    206    207    207
    209    202    206    207    208
    205    204    204    203    211

    191    191    193    189    188
    194    190    196    188    193
    191    189    189    191    189
    193    188    190    191    192
    190    187    187    188    196

    169    166    172    171    171
    172    166    171    166    173
    169    168    168    169    173
    171    166    166    169    170
    168    168    168    166    173

    152    146    153    149    152
    154    148    156    148    149
    150    148    148    150    153
    152    146    148    150    152
    152    147    147    147    151

    143    138    143    140    144
    147    139    143    143    142
    145    139    144    142    144
    146    141    140    142    148
    144    139    139    140    146

    132    128    132    133    132
    136    129    134    129    133
    133    129    130    128    138
    133    130    127    128    135
    130    132    132    127    133

    103     99    103    102    101
    106    101    103    100    106
    102    101    103    104    104
    104    100    101    104    107
    105    103    103    100    105

    109    105    110    109    109
    113    106    115    110    109
    110    107    111    109    113
    108    107    106    109    111
    108    111    111    106    110

    118    112    120    115    118
    122    116    120    116    118
    120    117    122    118    124
    118    118    116    118    120
    121    119    119    115    117

    119    113    121    118    117
    124    116    121    120    117
    118    115    124    118    125
    118    120    114    118    123
    120    120    120    114    118

     72     67     70     71     73
     74     68     73     72     72
     74     69     71     72     74
     71     70     67     72     75
     75     72     72     69     73

     95     86     96     95     93
     95     90     96     92     89
     94     90     95     94     93
     92     91     89     94     98
     94     96     96     88     92

    100     89    100     97    100
    100     94     99     96     96
     97     93    102     96     99
     96     95     94     96    100
    101     98     98     90     95

     90     86     95     89     90
     93     88     93     90     87
     89     86     94     89     92
     89     90     86     89     93
     95     90     90     86     88

     84     75     84     83     86
     89     79     85     83     82
     84     79     90     82     84
     81     86     82     82     87
     87     84     84     77     82

     79     72     80     77     79
     80     74     77     76     77
     78     75     82     76     79
     77     77     72     76     83
     78     79     79     70     75

     62     56     64     63     64
     64     60     65     64     61
     64     61     65     62     64
     62     63     59     62     67
     65     65     65     59     64

     65     56     67     62     65
     66     62     65     64     62
     62     62     66     62     67
     61     63     60     62     68
     65     65     65     56     62

     67     58     67     65     66
     70     62     65     66     66
     65     62     72     64     68
     66     65     62     64     68
     68     66     66     60     65

     71     61     73     67     70
     75     67     70     70     69
     68     65     76     68     73
     68     73     66     68     75
     72     73     73     64     70

     67     58     67     65     67
     69     62     65     66     64
     66     64     70     63     65
     65     68     63     63     71
     66     68     68     59     63

     67     56     67     63     66
     69     60     63     64     63
     65     61     67     61     67
     62     64     60     61     69
     67     66     66     58     63

     60     52     62     59     62
     64     56     61     60     57
     63     58     67     59     62
     59     62     57     59     66
     64     63     63     54     62

     60     50     62     56     59
     62     54     59     59     56
     59     55     62     57     60
     56     57     53     57     61
     60     59     59     53     56

     46     39     48     44     47
     49     45     44     50     44
     46     44     51     45     45
     44     45     43     45     49
     48     48     48     42     45

     39     33     41     39     40
     43     37     40     42     36
     40     36     43     38     41
     39     40     36     38     44
     44     42     42     38     38

     35     29     36     36     37
     39     32     37     39     35
     36     34     39     35     38
     35     37     33     35     40
     39     38     38     31     35

     34     28     34     33     34
     35     31     35     35     30
     33     31     37     33     35
     33     35     30     33     34
     38     37     37     30     33

     22     19     21     25     22
     23     20     23     25     19
     19     22     22     21     23
     20     22     21     21     25
     27     26     26     20     21

     15     12     16     17     14
     17     14     15     18     16
     15     16     16     16     18
     16     14     13     16     17
     18     18     18     13     15

     19     13     18     17     18
     18     16     17     17     16
     16     17     18     15     18
     17     16     15     15     19
     18     17     17     15     17

     29     24     29     27     27
     28     26     28     28     25
     27     25     31     27     28
     25     27     25     27     30
     29     29     29     24     26

     31     25     32     30     31
     33     29     31     32     29
     31     28     33     29     33
     30     32     28     29     35
     34     33     33     27     29

     37     28     36     33     35
     38     32     35     36     34
     35     32     41     35     37
     33     36     32     35     39
     40     38     38     30     33

     39     29     39     36     37
     39     33     37     39     35
     37     36     43     34     39
     37     38     33     34     41
     40     40     40     33     36

     40     28     38     35     37
     40     32     36     38     35
     38     33     41     35     37
     34     36     32     35     41
     40     39     39     31     35

     37     28     37     35     36
     40     34     36     38     33
     35     32     40     35     39
     34     38     33     35     40
     39     39     39     31     35

     36     27     39     34     35
     38     32     34     36     33
     36     32     42     35     39
     33     36     32     35     39
     38     38     38     29     34

     33     25     34     31     31
     35     29     31     33     29
     32     28     38     31     33
     30     33     28     31     37
     36     35     35     27     31

     34     23     34     31     33
     34     30     32     33     29
     33     29     37     30     35
     30     33     28     30     36
     34     34     34     27     32

     30     23     31     28     30
     31     27     30     32     29
     31     27     35     28     31
     28     31     26     28     34
     32     32     32     25     28

     32     23     31     30     30
     34     27     29     33     27
     31     27     35     27     32
     27     31     26     27     33
     32     32     32     24     29

     27     20     27     26     27
     29     24     27     29     24
     27     25     31     25     29
     25     27     24     25     30
     30     29     29     23     25

     26     18     26     24     25
     27     22     24     27     23
     26     23     29     23     26
     23     26     22     23     28
     28     27     27     21     24

     25     17     24     22     22
     25     20     22     24     21
     24     21     28     21     23
     21     25     20     21     25
     25     26     26     19     22

     18     14     19     16     18
     18     15     17     20     16
     18     16     22     16     19
     17     18     15     16     22
     21     21     21     15     17

     12      8     10     10     11
     11     10     11     11     10
     12     10     12     10     13
     11     11     10     10     12
     13     14     14      9     11

      4      3      4      5      4
      5      4      5      5      4
      4      5      4      5      5
      4      5      3      5      5
      7      5      5      4      4

      4      2      2      4      5
      4      3      3      4      4
      3      3      4      3      5
      3      4      3      3      4
      6      5      5      4      3

      5      4      5      5      4
      5      4      6      6      4
      5      5      6      4      6
      4      4      3      4      7
      7      6      6      5      4

      6      3      4      5      6
      6      4      5      6      5
      5      5      6      4      5
      4      3      4      4      5
      6      6      6      4      5

      8      5      8      6      7
      8      6      6      8      7
      7      6      9      7      8
      7      7      6      7      8
      8      9      9      6      6

     13      8     13     11     12
     14     10     11     13     11
     12     11     14     11     13
     10     13     10     11     14
     13     13     13     10     11

     13     10     16     14     15
     15     12     13     16     12
     14     12     17     14     16
     13     14     13     14     18
     16     16     16     10     14

     14      9     13     12     12
     14     11     12     15     12
     12     12     15     12     13
     11     13     11     12     16
     14     15     15     10     12

     13      8     13     14     13
     15     12     12     15     12
     13     12     17     12     16
     14     14     11     12     16
     14     15     15     11     13

     12      8     12     11     11
     13      9     12     12     10
     12     10     13     10     13
     10     12      9     10     13
     13     13     13      9     11

     14      8     13     12     13
     15     11     13     15     12
     12     11     16     13     15
     12     14     10     13     15
     15     16     16     10     12

     14      9     14     12     15
     14     12     13     14     12
     14     11     17     12     15
     12     14     11     12     16
     16     15     15     10     13

     15      9     15     13     16
     14     12     14     16     14
     15     12     18     15     16
     13     16     12     15     18
     16     16     16     11     14

     15      9     16     14     15
     15     12     14     16     13
     14     13     19     13     16
     14     17     11     13     16
     18     16     16     10     14

     14      8     14     13     14
     16     12     12     14     12
     14     12     15     13     15
     13     13     12     13     16
     15     16     16     11     12

     13      7     13     12     12
     13     11     12     13     10
     13     11     15     11     14
     11     13     10     11     13
     15     13     13      9     12

     14      8     14     13     14
     16     12     12     14     12
     14     12     15     13     15
     13     13     12     13     16
     15     16     16     10     12

      6     16     12     13     12
     11      8     15     17     13
     12     14     15     13     13
     11     10     11     13     13
     12     14     14     13     15

     13     14     15     14     14
     12     11     17     12     12
     15     10     12     12     10
     14      9     12     12     13
     14     13     13     14     14

     12     14     16     10     13
      9     13     13     10     10
     14     14     10     12     15
     14     11     16     12      9
     13     14     14     17     16

     14     12     10     13     16
     11     11     14     11     15
     15     11     13     14     12
      8     13     13     14     14
     14     16     16     14     10

     12     11     13     10     10
     11     10      9      9     11
     11      9      8      8     11
     11     10      8      8     11
     11     14     14     10      9

      8     11      7      9     11
     10      8      9      8      9
     10      9      5      8      9
      7     10     11      8      9
      7      9      9      6      8

     21     27     23     -4    -14
      4      4    -16     14     -5
      7      5     12    -15     -1
     -6      1     -3    -15    -14
      5    -11    -11      1     -1

      5      6      6      4      5
      3      3      3      4      6
      7      5      6      5      4
      4      5      4      5      3
      4      5      5      3      4

      3      3      1      3      4
      0      3      2      3      3
      3      3      2      2      2
      4      3      3      2      3
      4      2      2      5      1

      2      1      0      1      2
      0      1      1      1      1
      3      2      0     -2      2
      0      0      0     -2      1
      1      0      0      1      1

      0     -1      0      0      0
     -2      1      0      0      1
      2      0      0      0      1
      0      0      0      0      0
      1      0      0      0     -1

      0      2     -1      0      0
     -2      1      2      2      1
      1      0      0      0      0
     -1     -3      2      0      0
      0      0      0      0      1

      0      0      0      0      0
      0      0      0      0      1
      1      0      1      0      0
     -1      1      0      0      0
      0      0      0      0      1

      0      4      0     -1      2
     -2      0      0      0      0
     -1      6      0      0      5
      2      1      0      0     -5
      0      0      0      1      4

      0      1      0      2      2
     -2      4      2      0      3
      4     -2      0      0      2
     -1      1      0      0      0
      1      2      2      2      0

      2      0     -1     -1      1
     -2      1      3      1      1
      2     -1      0      0     -2
      1      1     -1      0      1
      0      0      0      0      0

      3     -1      0      1      2
      0      0     -2      0      3
      3      0      2      2      0
      1      2      0      2      0
      3      1      1      0      4

      1      1      0      1      0
     -1      2      0      1      3
      2      0      1      1      2
      0      0      0      1      0
      0     -1     -1      3      1

      1      0     -1      0      1
      1      1      1      1      1
      1      1      0      2      3
      1      1      1      2      0
      3      1      1      1      3

      3      3      1      2      2
      0      4      3      2      3
      4      1      1      0      6
      3      3      3      0      0
      2      0      0      1      4

      4      3      4      4      1
      1      5      3      4      3
      6      2      2      7      0
      3      2      3      7      3
      3      4      4      3      2

      5      2      4      3      1
      2      3      4      2      2
      1      2      4      3      3
      2      1      3      3      1
      3      1      1      4      4

      6      5      4      3      3
      2      4      3      5      4
      7      2      4      3      3
      5      5      4      3      2
      4      4      4      5      1

      7      6      6      6      7
      5      3      6      5      7
      7      6      6      6      7
      6      6      8      6      6
      6      8      8      8      5

     10     12     10      9      8
      8     10      9      9      8
      9     11      6      8     10
      9      8     11      8      7
     11      9      9      9      9

     11      9     11     10     13
     11     11     10      9     13
     10     13     11     11      9
     11      9     10     11     12
     11     11     11     10     12

     10     12     12     10     10
     11     10     10     11     12
     14     13     11     10     13
     11     12     11     10     10
     13     12     12     12     12

     12     12     12     11     13
     11     12     11     12     10
     13     13     13     11     11
     12     10     11     11     12
     10     11     11     11     11

     12     12     15     16     14
     15     16     14     12     14
     12     12     11     15     15
     10     14     13     15     14
     11      8      8     13      9

     12     12     14     13     13
     14     13     13     14     14
     13     14     11     13     12
     12     13     11     13     12
     13     12     12     13     11

     13     10     12     11     13
     12     12     12     10     14
     13     12     11     12     11
     14     10     13     12     12
     12     10     10     12     12

     13     13     11     11     10
     10     11     11     12     10
     13     12      9     10     12
     11      8     12     10     10
     11     12     12     10     10

     12     11     11      9     12
      8     12     13     11     10
     13     11     11     11     11
     10      9     10     11      9
     10     12     12     11     10

     11     11     10     11     11
     11     11     11     10     13
     11     11     10     11     11
     11     12     10     11      8
     10     11     11     10     11

     11     10     10     10     11
      9     10     12      9     10
     10     10      9      9     11
      9     11      9      9      9
     11     11     11     11     10

     11      9     11      9     11
      9     11     10     11     11
      9     10     10      9     11
      8      9     10      9      9
     11     10     10      9     10

     11      8     10     12     11
     10     12     10      9     12
      8     11      9     10     12
     12     10     10     10      9
     10      9      9      9     11

      9     10     12     11     12
     10     10     12     11     11
     10     10     10      8     11
     10     10     10      8      8
     11     10     10      9     11

     10      8      8      9     11
      7     11      9      9     11
     10      6      9      8      9
      8      9      9      8      9
     11     10     10      9     11

      9      9      9      8      8
      9     11      9     10     10
     11     10      8      9      8
     10      9      8      9      8
     11      9      9      9     10

      8      9      8      9      9
      8      9      8     10     10
      9      6      9      9     10
      9      7      9      9      8
      9      9      9     10      8

      7     10      9      6     11
      9      8      8      6      8
      8      8      6      7      9
      8      9      8      7      6
      9     10     10     10      9

      9      9      9      9      8
      8     10      9      9      8
     10      7      7      7      8
      8     10      8      7      9
      8      7      7      8      7

      8      7      8      6      8
      8      6      8     10      7
      8     10      9      7      7
      8      9      7      7      8
      8      7      7      7      6

      7      9      9      7      9
      6      6      9      8      7
      8      7      7      8      8
      7      8      7      8      9
      9     10     10      8      8

      5      8      7      7      8
      7      7      7      7      6
      9      7      6      6      8
      8      7      6      6      8
      7      8      8      7      7

      6      7      6      7      6
      5      7      7      7      6
      7      7      6      6      8
      8      5      6      6      6
      7      6      6      7      7

      5      7      8      7      5
      5      6      6      7      6
      8      8      4      6      7
      7      7      5      6      5
      7      7      7      7      7

      5      6      7      7      4
      3      3      4      4      7
      6      6      5      6      7
      7      6      7      6      9
      7     11     11      6      6

      5      5      5      5      5
      4      4      5      5      7
      7      4      5      3      4
      6      6      7      3      6
      6      5      5      4      6

      5      5      6      5      3
      4      7      5      5      5
      6      6      3      4      3
      4      5      4      4      5
      6      6      6      4      3

      3      2      4      4      3
      3      5      1      3      4
      6      5      4      1      4
      4      3      2      1      3
      3      3      3      3      3

      4      4      4      4      2
      2      4      3      3      4
      4      4      2      2      3
      0      1      3      2      3
      5      4      4      2      1

      3      2      3      2      2
      0      1      0      2      3
      3      2      2      0      3
      0      3      0      0      0
      2      2      2      0      0

      1      1      1      0      0
      0      0      2      1      3
      3      2      0      2      1
      1      2      0      2      0
      2      1      1      0      0

      0      1      0      0      1
     -2      0      1      0     -1
      0      1     -1      0      0
      0      0      1      0     -2
      0      0      0      0      0

      1      1      1      1      0
      0      0      1      0      0
      1     -1      0      0      1
      0      1      0      0      0
      1      0      0      0      1

      1      0      2      1      0
      0      1      1      1      1
      1      0      0      0      0
      0      0      0      0     -2
      0      0      0      0      0

      0      0      1     -1      1
      0     -1      1      0      0
      0      0     -2     -1      0
      0      1      0     -1     -1
      0      0      0      0      0

      0      3      0     -1      0
      0      1      0      1      0
      0      0      1      1      2
      0      1      1      1      0
      0      0      0      0      2

      0      0      0      0     -1
      0      2      0      0      1
      2      2     -2      0      0
      0      2      2      0      0
      0     -1     -1      1      2

      0      1     -1      0      0
      0      0      0      0      0
      0      0     -2      0      0
      0      0      0      0      0
      0      0      0      0      1

      0      0      0      0      0
      0      1      0     -1      0
      1      0      0     -1      0
      1      0      0     -1      0
      1      0      0     -1      0

      0      0      0      0      1
      0      0      1      0      1
      0      1      1      0      0
      0      2      0      0      0
      1      0      0      0      0

      1      0      1      0      1
      0      0     -1      0      0
      0      0      0      1      0
      0      0      1      1      1
      0     -2     -2      0      0

      0      0      0      0      0
      0      0     -1      0      2
      0     -1      0     -1      0
      1      2      0     -1     -2
      1      0      0      0      0

      1      0      1      1      0
     -1      0     -1      0      0
     -1      0     -1      0      0
      1      2      0      0      0
      1      0      0      1      0

      2      0      0      0      0
      1      0      0     -1      2
      1      0      0      0     -1
      0      1      0      0     -1
      0     -1     -1      0      0

      1      0      0      0      1
     -1      0     -1      0      0
     -1      0      0      0      0
      0      0      0      0      0
      0     -2     -2      0     -1

      1      0      0      0      0
      0      1      0      0      0
      0      1      0      0     -2
      0      2      1      0      0
      0      0      0      2      0

      2      0      0      0      0
      0      0     -1      0      0
      0      1      0      0     -1
      2      1      0      0     -1
      0      0      0      0      0

      1      0     -1      0      1
      0      0      0      1      0
      0      1      1      1      0
     -1      3      0      1      0
      1      0      0     -1      0

      2      0      0      1      0
      1      2     -1      0      1
      1      2      0      0      0
      0      2      0      0      0
      0      0      0      0     -1

      3      1      0      1      2
      2      1      0      0      2
      1      3      0      1      2
      1      3      0      1      0
      1      1      1      0      0

      5      1      3      1      2
      3      3      1      3      3
      3      3      1      4      2
      2      1      2      4      2
      2      3      3      2      2

      4      3      3      3      3
      3      4      3      4      3
      2      4      2      5      4
      4      6      2      5      2
      4      3      3      2      3

      4      2      1      1      3
      1      1      3      1      4
      1      2      2      3      4
      2      1      2      3      2
      3      3      3      3      1

      2      0      1      0      0
      0      1      1      1      2
      0      1      0      0      0
      1      1      0      0      0
      3      0      0      2      1

      3      2      2      0      1
      3      2      2      0      2
      1      1      1      1      0
      1      2      1      1      0
      2      2      2      0      1

      4      4      2      3      3
      3      2      3      3      4
      2      4      4      4      4
      4      3      2      4      2
      4      4      4      4      3

      4      5      4      3      4
      5      4      3      4      4
      3      4      4      4      4
      5      6      4      4      3
      4      4      4      4      5

      6      3      4      3      4
      4      3      4      4      5
      3      4      4      3      3
      3      5      3      3      2
      4      3      3      3      3

      4      2      2      2      3
      3      4      2      3      2
      2      3      3      4      3
      4      4      3      4      2
      3      2      2      3      2

      4      3      4      2      3
      2      4      3      2      4
      2      4      4      3      3
      2      4      2      3      1
      3      3      3      3      4

      6      3      3      4      4
      4      4      2      6      5
      4      3      4      4      4
      5      5      4      4      2
      4      3      3      4      2

      6      6      5      3      5
      4      4      3      4      4
      3      5      3      4      4
      4      7      5      4      3
      4      4      4      5      5

      5      4      5      4      5
      4      3      5      5      6
      5      6      5      5      5
      5      4      4      5      2
      6      4      4      5      6

      5      5      4      4      5
      4      5      4      5      5
      4      4      5      5      3
      5      5      4      5      3
      5      5      5      6      4

      5      3      4      3      5
      4      4      3      4      6
      4      6      5      6      3
      4      4      4      6      2
      4      4      4      5      3

      6      4      3      4      5
      5      4      2      4      3
      6      5      4      4      4
      4      5      5      4      3
      6      4      4      4      5

      6      4      5      3      5
      5      4      4      4      6
      5      4      5      6      3
      4      4      3      6      4
      5      4      4      4      4

      6      6      3      4      6
      5      4      2      4      4
      5      4      5      6      4
      5      4      3      6      4
      4      6      6      6      4

      4      3      3      3      6
      4      5      3      4      5
      4      5      6      4      4
      4      5      3      4      4
      3      4      4      4      4

      5      4      4      3      3
      3      4      2      3      6
      4      5      4      5      2
      2      6      4      5      3
      4      4      4      3      3

      6      2      4      4      3
      3      4      3      3      4
      3      3      4      4      4
      4      4      3      4      4
      4      4      4      4      4

      4      3      2      2      3
      5      4      2      3      4
      4      5      4      3      3
      4      3      2      3      2
      4      2      2      3      4

      5      3      2      1      4
      3      4      3      3      4
      5      5      3      3      4
      3      5      2      3      2
      5      3      3      3      2

      4      1      3      2      5
      3      3      3      3      3
      3      7      5      3      3
      5      3      4      3      3
      5      3      3      5      4

      4      2      2      4      4
      3      3      4      2      5
      3      4      4      4      2
      6      4      2      4      2
      5      3      3      3      3

      5      2      2      2      4
      3      5      4      3      4
      3      5      4      2      3
      4      5      3      2      3
      3      4      4      2      3

      5      2      2      3      2
      4      3      1      4      5
      3      4      5      4      4
      5      4      3      4      2
      3      3      3      3      3

      5      5      4      0      3
      4      2      3      2      4
      3      5      5      4      2
      4      5      4      4      2
      4      4      4      3      5

      3      2      3      2      3
      3      4      3      3      4
      4      6      4      3      4
      5      5      2      3      1
      3      4      4      2      3

      5      3      3      2      1
      4      3      2      3      3
      2      4      4      3      3
      4      5      2      3      0
      3      3      3      4      5

      6      4      2      1      2
      2      3      2      2      5
      2      3      4      4      1
      2      5      2      4      3
      3      4      4      4      3

      4      3      3      2      4
      2      2      3      2      2
      2      3      3      3      2
      4      3      3      3      1
      2      4      4      3      3

      4      2      1      2      1
      3      1      0      2      1
      2      3      4      5      3
      4      6      1      5      4
      4      2      2      2      2

      4      2      3      1      4
      2      3      1      1      3
      5      4      3      4      2
      4      3      0      4      1
      2      3      3      1      3

      4      0      0      1      1
      2      2      0      1      1
      1      3      2      3      3
      2      5      2      3      0
      3      3      3      2      2

      2      3      3      3      2
      3      2      3      0      1
      2      2      0      3      0
      3      5      0      3      0
      4      2      2      3      2

      3      1      3      1      3
      2      2      1      0      1
      2      5      2      3      2
      1      3      2      3      1
      3      0      0      3      1

      1      0      0      2      2
      3      2      2      4      4
      1      3      3      3      1
      1      3      1      3      0
      3      2      2      3      2

      2      3      0      3      2
      1      2      3      2      2
      2      3      0      0      1
      2      2      0      0      0
      3      3      3      0      0

      5      0      0      0      2
      0      3      0      0      4
      2      2      0      1      1
      1      2      0      1     -1
      3      1      1      0      1

      2      2      1      1      2
      0      1      0      0      1
      2      3      1      1      3
      2      3      0      1      0
      0      0      0      1      0

      0      1      1      0      0
      1      0      1      1      0
      1      2      0      0      2
      1      0      0      0      2
      1      0      0      1      1

      5      0      0      0      2
      0      0      1      2      0
      2      4      1      2      2
      3      2      1      2      1
      0      2      2      0      0

      3      2      0      1      0
      3      0     -1      3      4
      3      0      1      1      1
      0      4      1      1      1
      1     -2     -2      0     -1

      1     -1      1      0      0
      1      0      0      1      0
     -2      0      0      1      0
      0      4      0      1      0
      2      0      0      1      0

      0      0      2      0      2
      1      0      0      3     -1
      1      3      2      2      1
      1      2      0      2     -1
      2      1      1      2     -1

      3      0      2      5      0
      0      2      0      1      1
      0      0      1      1      0
      7     -1     -2      1     -1
      1     -2     -2     -1      0

      2     -2      0     -2      0
      0      0      0      0      1
      0      0      0      0      0
      2      1      0      0      0
      1      0      0     -2      0

      0     -1      1      0      0
      0      1     -1     -1      1
      2      2      3      0     -1
      0      4      0      0      0
      0      3      3     -2      0

      0      0      3      1      1
     -1      1      2      0      0
     -1      1      2      5      1
      1      0      0      5     -1
      3      0      0      0      0

      1      1      0     -1     -1
      2     -1      1      2      0
      0     -1     -1      0      1
      0      0     -1      0      0
      3      1      1      1     -1

      1      2     -2      1      0
     -2      0      1     -1     -2
      0      0     -1      0      1
      0     -1      0      0     -1
      2      0      0      0     -2

      0     -2     -2     -1      0
      0      1      0      0     -1
      0      1     -2      0     -1
      3      0      0      0     -1
      0      0      0      1      0

