;
; ENVI ASCII Output of file: E:\Imaging\ROI_AVIRIS\5_0_4.img [Fri Nov 17 11:52:39 2017]
; File Dimensions: 5 samples x 5 lines x 224 bands
; Line Format    : (5i7)
;
    525    507    500    503    513
    538    517    537    524    508
    515    533    523    519    513
    542    508    519    499    503
    517    512    524    495    521

    613    610    617    612    601
    621    615    597    599    592
    603    620    605    632    611
    605    619    621    618    617
    611    610    619    620    617

    657    658    663    669    643
    667    642    656    655    626
    656    667    671    673    649
    656    646    648    667    645
    651    644    675    640    647

    839    825    840    831    811
    826    828    831    831    822
    823    829    837    835    835
    819    824    826    837    843
    818    834    828    823    826

   1220   1199   1198   1204   1194
   1209   1211   1213   1207   1196
   1212   1209   1205   1215   1205
   1218   1211   1204   1212   1198
   1213   1191   1204   1210   1217

   1253   1264   1261   1249   1250
   1264   1264   1254   1260   1259
   1266   1268   1260   1255   1249
   1268   1267   1263   1258   1261
   1264   1263   1259   1262   1267

   1190   1184   1176   1174   1183
   1180   1187   1189   1183   1171
   1186   1188   1183   1190   1189
   1190   1187   1186   1192   1189
   1179   1179   1178   1185   1190

   1080   1092   1088   1073   1075
   1086   1087   1080   1085   1080
   1092   1087   1084   1078   1084
   1096   1086   1083   1084   1094
   1088   1084   1091   1081   1086

   1164   1177   1163   1159   1149
   1167   1163   1162   1158   1154
   1171   1163   1165   1163   1159
   1163   1172   1180   1166   1168
   1160   1165   1167   1165   1159

   1175   1179   1170   1166   1163
   1178   1169   1173   1175   1168
   1178   1166   1180   1178   1183
   1173   1171   1180   1187   1172
   1181   1171   1171   1176   1189

   1142   1137   1131   1136   1129
   1137   1141   1143   1135   1122
   1134   1149   1138   1135   1126
   1138   1137   1133   1140   1135
   1136   1135   1134   1131   1133

   1071   1056   1061   1048   1052
   1063   1067   1061   1057   1063
   1057   1063   1052   1055   1060
   1066   1059   1063   1060   1061
   1062   1061   1060   1057   1058

    997    990    986    990    985
    998    993    992    991    988
    995   1001    987   1002    991
    996    992    995   1000    986
    998    992    994    999    998

    885    888    886    880    878
    889    889    888    889    886
    891    885    885    890    890
    889    888    888    892    891
    890    888    884    883    886

    790    797    789    787    793
    795    797    799    797    791
    793    801    792    792    795
    798    799    795    801    793
    796    793    794    793    796

    701    683    687    687    693
    696    688    693    688    692
    696    698    692    689    689
    696    685    691    691    693
    688    687    694    693    688

    603    600    600    597    597
    605    603    603    604    604
    603    607    604    608    605
    602    601    607    606    603
    601    598    604    600    602

    574    566    564    567    565
    572    570    570    570    567
    571    574    574    574    571
    569    568    570    571    572
    570    565    571    569    570

    545    532    528    537    532
    538    536    537    535    530
    537    540    542    539    535
    535    533    532    536    541
    538    530    537    538    538

    499    493    492    491    490
    500    497    495    491    493
    500    500    494    490    498
    500    492    498    497    497
    492    494    494    492    493

    453    454    444    445    447
    452    454    447    454    450
    455    453    452    453    451
    452    450    455    451    452
    451    450    449    449    453

    417    411    410    408    405
    408    414    411    410    411
    408    415    411    409    414
    412    409    411    412    414
    411    412    406    413    411

    386    381    378    376    375
    377    381    381    382    378
    376    383    376    382    379
    374    378    383    379    385
    380    380    380    375    376

    340    338    334    333    328
    335    333    332    333    334
    337    338    337    333    334
    338    333    334    337    336
    335    333    335    334    335

    312    309    307    310    306
    312    310    311    314    305
    312    313    304    309    308
    312    304    312    310    309
    312    307    306    302    309

    302    295    295    294    294
    296    295    300    298    293
    299    299    296    298    301
    300    295    298    297    296
    296    297    296    297    299

    276    279    275    274    270
    276    274    275    277    277
    277    277    275    274    279
    274    273    280    277    278
    271    276    276    274    273

    254    254    253    253    253
    257    251    255    254    253
    254    254    256    254    255
    254    252    255    254    251
    250    251    250    254    257

    244    245    244    240    242
    245    244    248    242    245
    243    246    245    244    244
    245    240    240    240    244
    246    243    244    241    243

    230    227    223    221    221
    224    227    227    221    225
    227    225    224    227    227
    223    228    223    226    222
    225    227    225    225    221

    214    215    212    210    211
    212    214    212    216    211
    212    212    212    209    213
    216    211    211    212    212
    213    209    213    212    209

    210    208    208    207    208
    210    207    207    208    207
    208    209    206    210    210
    209    207    210    208    206
    209    206    205    203    206

    211    205    211    206    204
    205    211    199    211    205
    205    208    206    214    208
    208    210    207    209    209
    207    205    203    204    210

    209    208    207    207    208
    210    207    208    207    205
    208    207    205    210    210
    209    207    210    209    206
    211    206    205    203    205

    195    189    195    190    191
    192    198    189    197    189
    195    192    188    197    199
    191    190    194    198    191
    196    188    192    187    193

    173    170    168    174    169
    170    173    171    173    168
    170    169    169    173    171
    169    171    173    170    167
    176    168    167    168    171

    152    150    151    155    151
    147    155    150    149    144
    150    151    149    154    152
    151    151    150    155    148
    156    145    147    147    150

    144    142    143    144    142
    147    150    147    142    140
    143    141    141    145    144
    144    143    143    147    142
    151    142    141    142    141

    132    133    133    133    135
    132    137    132    129    129
    129    131    130    131    133
    132    128    135    135    129
    139    128    129    130    131

    102    102    102    102    103
    101    109    106    102     98
    101     99    103    106    105
    105    100    101    102    102
    108    103    100    101    106

    110    109    109    112    110
    109    115    114    108    104
    110    106    109    111    110
    107    109    111    112    109
    118    107    107    107    109

    118    118    116    120    119
    118    125    121    116    114
    120    114    117    117    119
    119    118    120    123    117
    129    116    116    116    116

    122    121    117    119    120
    118    124    123    117    111
    118    113    114    119    119
    118    122    121    125    117
    131    115    119    117    113

     72     71     70     75     71
     72     77     73     69     65
     70     68     68     71     71
     73     72     73     77     70
     79     68     69     71     71

     93     93     91     96     92
     91    100     95     88     85
     93     87     89     93     92
     91     94     92     99     90
    104     90     91     91     90

     99     97     95     97     97
     97    102    102     95     88
     96     90     93     96     97
     97     98     97    101     95
    109     94     92     96     94

     90     91     88     93     91
     91     95     96     83     82
     88     83     85     90     87
     90     92     94     97     88
    103     88     87     88     88

     85     82     83     85     83
     82     91     92     80     75
     84     75     80     83     80
     84     86     83     89     83
     97     80     80     83     78

     78     75     77     79     77
     76     83     83     72     69
     75     72     74     78     75
     76     78     77     82     75
     90     75     77     75     75

     62     63     60     65     62
     63     68     68     57     57
     61     55     58     61     61
     61     63     62     68     62
     72     59     59     61     58

     64     64     63     65     62
     64     68     67     58     55
     61     57     59     62     61
     63     63     65     67     61
     75     60     60     63     60

     66     65     65     67     66
     64     71     71     60     58
     65     59     62     66     64
     66     66     66     71     62
     78     63     63     66     62

     70     69     67     73     70
     69     75     78     64     61
     66     62     64     69     67
     70     70     71     77     67
     85     68     68     67     67

     63     65     62     67     65
     64     71     71     58     56
     65     58     62     65     64
     65     65     66     71     62
     80     62     64     64     59

     63     63     62     65     63
     63     70     72     57     54
     60     56     60     62     61
     63     63     63     71     59
     79     61     63     62     60

     59     59     57     62     58
     61     64     66     53     50
     58     53     57     59     57
     60     59     61     65     57
     73     57     59     58     55

     59     56     56     60     58
     58     62     65     51     50
     55     49     53     56     55
     59     59     57     64     56
     71     54     55     56     52

     44     44     45     48     44
     44     50     51     41     37
     45     39     44     46     43
     46     46     46     50     43
     56     43     44     46     41

     38     39     39     38     38
     40     43     45     34     33
     36     32     35     38     38
     41     39     40     42     38
     50     38     38     41     37

     36     33     37     36     34
     35     40     40     30     30
     36     28     31     35     34
     39     37     36     38     34
     46     33     35     36     34

     34     30     31     34     33
     33     35     36     29     27
     30     27     29     32     31
     33     32     33     35     32
     41     33     31     34     30

     19     20     22     22     18
     24     25     26     20     18
     21     18     16     24     18
     21     21     23     24     22
     28     20     20     23     17

     14     15     17     16     14
     15     17     19     14     12
     15     13     14     15     13
     15     18     17     18     14
     21     15     15     15     13

     17     14     16     17     15
     16     20     20     16     13
     15     13     15     15     14
     17     17     17     18     15
     21     16     15     17     15

     26     25     26     26     25
     26     28     32     23     21
     24     20     23     26     26
     27     27     27     29     27
     35     25     25     26     25

     30     30     28     31     30
     29     34     35     25     24
     29     24     27     31     28
     31     30     30     34     26
     41     30     30     29     28

     33     34     35     37     34
     35     40     42     30     27
     34     26     31     35     33
     35     34     35     39     32
     46     33     34     35     31

     36     36     35     38     35
     36     42     45     30     28
     34     28     31     35     35
     38     37     37     43     33
     49     34     33     36     33

     36     35     33     37     34
     36     41     42     29     27
     33     27     32     33     32
     35     36     35     42     32
     47     34     32     34     32

     34     34     33     37     35
     35     40     43     29     28
     33     27     30     34     32
     35     36     35     41     32
     48     34     32     34     30

     34     32     32     37     35
     35     39     42     27     27
     32     26     30     33     33
     35     36     35     40     31
     46     32     31     34     31

     31     30     30     34     31
     30     36     38     25     24
     30     24     27     29     30
     33     31     32     37     28
     44     29     29     32     28

     32     31     29     33     31
     31     37     39     25     23
     29     24     28     31     30
     33     32     32     37     30
     45     29     29     32     28

     28     29     28     31     29
     29     33     36     23     22
     27     23     27     28     27
     30     30     30     34     28
     45     27     27     28     25

     28     28     28     31     28
     28     33     36     22     21
     27     21     25     27     28
     29     29     29     33     27
     43     27     26     28     26

     24     25     24     26     26
     25     31     31     20     19
     25     19     24     25     24
     26     26     26     31     24
     38     24     24     26     22

     23     23     22     25     24
     23     28     30     18     17
     23     17     22     23     22
     24     24     25     29     22
     36     22     22     24     21

     21     21     20     23     22
     22     26     28     17     16
     21     16     20     21     20
     22     22     23     27     20
     35     20     21     21     19

     16     16     17     19     16
     17     21     22     13     12
     16     12     15     16     15
     18     18     19     20     16
     27     16     15     17     15

     10      9     11     11     11
     10     13     14      8      7
     10      7      8     10      9
     10     11     12     12     10
     16      9     10     10      8

      4      3      5      5      3
      4      6      5      3      3
      5      3      4      4      4
      3      4      5      4      3
      6      4      4      5      4

      3      2      3      3      2
      3      4      4      3      2
      3      2      2      3      3
      2      5      3      5      4
      5      4      4      4      3

      6      3      5      4      5
      6      6      7      4      3
      3      2      4      5      4
      5      6      6      7      5
      8      5      5      5      4

      3      3      6      5      4
      6      5      7      4      3
      4      2      3      3      3
      5      5      6      6      4
      7      5      4      4      3

      7      6      7      6      7
      6      9      9      4      3
      6      4      6      6      6
      6      7      8      9      5
      9      7      6      7      5

     11      9     11     12     11
     11     14     16      7      7
     10      7      8     10      9
     11     13     13     14     11
     17     10     10     11      9

     12     13     13     15     14
     13     17     19      9      9
     12      8     12     12     11
     13     13     15     15     12
     22     11     12     14     11

     11     11     11     12     12
     12     14     16      9      7
     11      7     10     11     11
     12     12     13     16     11
     18     11     10     12     10

     11     12     12     12     13
     13     16     16      9      8
     12      8     11     12     11
     14     13     13     16     12
     20     12     11     14     11

     10      9     10     11     10
     11     14     15      7      7
      9      6      9     11      8
     12     11     11     15     10
     18     10     10     12      9

     12     12     11     13     13
     12     17     17      9      8
     11      7     10     11     11
     13     13     14     17     11
     21     12     11     13     10

     13     11     12     14     11
     12     15     18      9      8
     12      8     11     12     11
     13     15     14     17     12
     22     11     11     13      9

     14     14     12     15     12
     14     18     20      9      8
     14      8     12     12     12
     15     14     14     17     13
     25     13     13     14     11

     12     12     13     14     14
     14     16     19      8      8
     13      8     11     13     11
     13     14     14     18     12
     22     13     13     14     12

     11     11     13     13     12
     13     16     17      9      8
     11      8     11     12     11
     12     13     12     17     13
     19     12     12     13     11

     11     11     11     12     12
     11     15     16      8      6
     11      7     10     11     11
     12     13     13     14     11
     22     11     11     12     10

     11     11     13     13     12
     13     16     17      9      7
     11      7     11     12     11
     12     13     12     17     13
     20     12     12     13     11

     13     14     12     12     13
     13     16     14      9     12
      8     12     13     14     13
     12     10     14     12     14
     13     11     12     11     12

     15     12     14     13      9
      9     12     15     10     14
     13      8      9     17     10
     19     18     14     17     11
     17     11     10     10     13

     14     14     10     11     10
     13     11     13     12     15
     12      9     15     16     11
     12     17     16     15     12
     15     12      9      7     14

      9     13     13     15     15
     12     14     15     13     12
     12     12     10     13      8
     12     10     14     14     11
     13     13     13      8     13

     10      7     13     12     11
     12      8     11     11     13
     12      8     13     11     11
     11     11     11     14     11
     12     13     11      5     13

      7      8      9      7      7
      7      7      9      8     12
      8      7      9     11     11
      9     12     11     10      7
     12      9      7      8      9

      8      5     11     -7    -20
     32     29     33     49     30
     43     59     52     60     55
     44     44     37     19     27
     15     -3     -6      6     29

      4      5      6      3      4
      4      5      7      3      6
      4      3      4      4      8
      5      5      6      6      5
      5      5      2      4      3

      2      4      4      2      2
      0      4      3      1      4
      4      1      3      2      3
      2      4      5      4      2
      2      2      3      2      2

      0      1      1     -1      0
      0     -1      1      1      3
      2     -2      1      0      0
      0      0      3      1      1
      1      0     -2      0      1

      0      0     -1      0     -1
      0      1      0      0      0
      0      0      0      1     -1
     -1     -1      2      4      0
      1      0      0     -2      1

      0      2      2      0      0
     -2      0      0      0      0
      0     -1      0      0     -1
      0      3      1      0      0
      4      3      1      0      0

      0      1      0      1      0
      0      1     -1     -2      1
      2      0      0      0      1
      0      0      2      2      0
      1      1      0      0      0

      0      4      1     -5     -1
     -6     -2     -5     -4      1
     -3     -8     -3      0     -1
     -2      0      5      6     -3
      4      2     -1      0     -2

      2      0      0      0     -1
      0      0     -2      0      1
      5      0      0      0      1
      0      0      0      2     -1
      2      1     -4      0      0

      0      0      0     -1      0
      2      0      2     -1      1
      0      0     -4     -1      0
      0      3      2      2      0
      1      0     -1      0     -1

      1      0      0     -1      0
     -2      0      2      0      2
      0      0      1      0     -1
      0      1      1      4      0
      2      1      0     -2     -1

      0      2      0     -4      1
     -1     -1      0      2      2
      0      2      0      0      3
      0      1      1      4      0
      1      1     -1     -1      0

      1      3      0      0      0
      0      1      2      1      3
      0      2      0      3      0
      0      3      3      1      0
      1      2      0      0      1

      2      4      1      0      2
      3      2      4      3      4
      3      3      4      3      1
      5      5      4      4      4
      3      3      1      1      3

      7      5      5      3      3
      1      3      4      3      4
      2      1      3      4      2
      4      5      0      2      4
      8      4      3      4      3

      4      4      3      0      2
      3      3      0      3      5
      1      2      1      3      2
      3      1      1      5      3
      2      2      2      1      3

      1      4      4      2      2
      3      3      5      5      6
      2      3      1      5      2
      0      3      4      4      3
      4      3      3      1      4

      6      5      5      4      6
      7      6      6      8      7
      7      5      7      9      6
      6      7      6      9      6
      7      6      8      5      8

      9     11      7      7      5
     10      9     10      7      8
      9      8     11      8      9
     10      9      9     10      8
     10     10      6      8     10

      9     12     11      9      8
     12     11     12     13     10
     11     11      9     11     13
     11     12     12     10     10
     11     11      8     10     10

     10     12     11     10     11
     13     10     13     10     13
     11     13     10     13     12
      9     12     12     10     11
     12     11     10     11     13

     12     13     12     11     12
     11      8     12     13     13
     15     11     11     12     12
     11      9     13     12     11
     11     10     10     10     12

     13     17     18     14     10
     13     11     13     12     13
     14     14     10     12     13
     12     12     10     12      9
     13     14     12     12     14

     11     13     12     12     13
     13     12     11     13     13
     13     12     11     12     11
     13     13     13     13     11
     13     12     11     13     14

     10     12     11     12     12
     10     12     12     12     12
     12     11     11     12     12
     10     12     15     14     13
     11     10     10     11     11

     10     11     10     11     10
      9     12     12     10     13
      8     12     11      9     10
     10     10     11     11      9
     11     12      9      9     11

      9     12      9     11      9
     11     12     10     10     12
     11     10     10     11     11
     11     12     12     11     11
     11     11      8      7     11

     10     14     10     10     10
     10     11     12      9     12
     12     13     10     10     10
      8     12     12     12     12
     13     10      8      9     11

     10     13      9     10     10
      9     10      9     11     10
     12     11     11      9     10
     10      9     10     10      8
     10      8      8     11     10

      9     10      9     10      9
      9      8     10      8     10
      8     10      8      9      9
     10     12     10     11      9
     10      8      6      9      8

     10     12      9     10      9
      9      9     11     10     11
     11     11      9     10     10
      9     10      9     12     10
     10     11     10     10     10

      9     11      8      8     10
     11      8     10     10     12
     10     10     10     10      9
     11     10     11     11     10
      9      9      8      7      7

      7      9      9      7      8
      8      9      9      8      9
     10      9      7      9      8
      8     10      9     10      9
      8      9      8      6      8

      8     11     10      8      8
      8      8      9      8     10
      8      8      8      8      8
     10     10     10     10      9
      8      7      8      8      8

      9     10      9      7      6
      8      8      8      9      9
      9      8      6      9      8
      8      9      8      9     12
      9      8      8      8      9

      9      8      9      8      8
      9     10      7      8     10
      9      6      6     10      8
      9      9      7     10      9
     10      9      7      6     10

      7      8      7      8      8
      8      6      9      6      8
      8     11      6     10      9
      8      9      8      9      9
      9      8      6      9      7

      8      7      7      7      7
      8      8      7      8      9
      8      8      7      8      7
      7      8      8      8      9
      8      9      6      6      6

      9      6      7      6      7
      8      4      7      8     10
      7      6      8      8      7
      7      8      9      8      7
      9      8      6      7      8

      5      7      7      7      7
      9      7      7      6      7
      6      9      7      8      6
      7      9      7      7      9
      8      6      4      9      7

      6      7      3      5      6
      4      5      5      8      8
      6      6      7     11      7
      5      7      7      8      7
      7      4      5      4      8

      5      6      6      6      8
      6      6      8      5      6
      5      7      4      6      6
      6      6      7      7      8
      6      6      4      5      5

      7      7      7      5      9
      7      7      7      6      7
     10      9      9     11     10
      7      8     10     11     10
      9      7      7      7      8

      5      6      5      4      5
      4      5      5      4      6
      5      4      5      7      6
      4      5      7      6      6
      3      7      3      5      5

      4      4      5      2      4
      3      4      5      6      4
      4      4      4      5      3
      5      6      3      5      3
      3      4      3      4      5

      3      6      3      1      3
      3      3      3      5      5
      3      3      1      4      2
      5      4      3      3      4
      4      4      2      3      3

      3      2      2      1      3
      2      2      2      3      4
      2      3      2      3      1
      2      3      4      2      5
      2      1      2      2      2

      1      0      1      1      0
      1      1      1      0      2
      1      0      2      1      2
      1      1      3      1      1
      1      2      0      0      0

      0      0      3      0      0
      1      0      2      0      1
      2      0      2      2      0
      2      2      1      0      2
      1      0      0      0      2

      0      0      0      0     -2
     -1      0      0      3      1
      1      0      0      0      0
     -1      0      1      0      0
      0      0     -2      0      0

      0      1      0      0     -1
      0      0      0      0      2
      2      0     -3      0     -1
      0      0      0      1      0
      1     -1      0      0      0

      0      0     -1      0      0
     -1      0     -1      1      0
      1      0      0      1     -1
      0      1      2      0      0
      1      0      0      0      0

     -1      0     -1      1     -1
      0      0     -2      1      1
      1      0     -1      1      0
      0      0      0      1      0
      0     -2      0     -1      0

      0      0      0      0      0
      0      1      0      0      0
      0      0      0      0      0
      0      0      1      0      0
      0      0      0      0      0

     -2      0      0      0      2
      0      1     -1      1      0
      1     -1     -1      1      1
      0      1      0      2      0
      0     -2     -2      1      0

      0      0      0      0      1
      0      0      0      0      0
      1      0      0      0      0
      0      0      2      1      0
      0     -1      1     -1      3

      0      0      0     -2      0
      0     -1      0      0      0
      0     -1     -1     -1     -1
      0      0      0      1      0
      0      0     -2      0      0

      0      1     -1      0      0
      0      0      1      0     -1
      0      0      0      0      0
      0      0     -1     -1      1
      2     -1      0      1      1

      0      0      2      0      0
      0      0      0     -1      0
      1      0      0      0     -1
      0      0      0      0      0
      0      0      0      0      0

      0     -1      0     -1      0
      0     -2     -1      0      2
      0     -1      0      0      0
      0      0     -1      0     -1
      2     -1      0      1      0

      0      0      1      1      0
      0     -1      0      0      0
      0     -1      0     -2      0
      0      2      0      0      0
      0      0      0      0      0

      0      0      0      0      0
      0      0      0      0      0
      0      0      1      0      0
      0      1      0      0      1
      1      0      0      0      0

      0      0      0     -1      0
     -1      1      0      0      0
      0     -1     -1      0     -3
      1      0      0      0      0
      1      0      0      1      1

      1      0      0      0      0
      1      0      0      0      0
      0      0      1      0     -1
      0      0      0      0      0
      0      0     -1      0      0

      1      0      0      0      0
      0      0      0      0      0
      0      0      1     -1      0
      0      0      0      0      0
      0      0     -1      0      0

     -1      0      1      0      0
      1      0      1      0      2
      1      0      0      0     -2
      1      0     -1      0      1
      0     -1     -2     -1      0

      0      0      0      2      0
      0      0      0      0      1
      2      0      0      0      0
      0      0      0      0      0
      2     -1      0      0      1

      2      1      1      2      1
      2      1      3      1      3
      2      0      1      2      0
      2      0      0      0      0
      1      1      0      1      3

      3      2      2      2      4
      2      1      3      2      3
      3      2      2      4      2
      1      2      1      1      2
      3      2      0      2      3

      3      2      3      4      3
      3      3      3      2      4
      4      4      4      3      2
      4      2      3      3      2
      4      3      2      2      2

      4      3      3      3      1
      1      1      1      1      3
      3      2      3      2      1
      3      2      1      1      1
      1      1      0      1      2

      1      0      2      2      0
      0      0      1      0      1
      1      0      0      0      0
      2      1      0      1      0
      0      1      1      1      2

      1      0      1      2      1
      1      1      1      2      2
      2      1      3      1      1
      2      1      1      0      2
      1      0      1      0      2

      5      2      4      4      3
      2      3      2      3      3
      4      3      4      2      3
      3      3      4      1      3
      1      2      2      2      4

      4      4      5      5      6
      5      5      5      5      6
      5      5      6      5      4
      5      4      5      5      3
      4      4      4      4      4

      4      4      6      4      5
      4      2      3      3      6
      2      3      4      3      2
      4      2      3      4      5
      3      2      3      3      6

      4      3      5      5      3
      3      3      3      3      2
      4      2      4      4      2
      3      4      2      3      3
      3      2      3      2      1

      3      4      4      3      4
      3      3      2      3      3
      3      2      2      2      2
      3      2      3      4      3
      4      3      2      2      2

      3      4      5      3      3
      3      2      4      5      4
      4      3      3      3      3
      4      5      5      4      5
      5      3      4      4      5

      5      5      6      3      4
      5      3      4      5      4
      5      3      3      3      3
      4      5      3      4      4
      6      3      3      4      4

      3      5      6      6      5
      5      5      5      4      5
      4      4      4      4      4
      4      4      5      4      4
      5      4      3      4      4

      3      4      6      6      4
      4      5      6      7      4
      3      4      4      5      5
      5      5      3      4      4
      5      1      2      5      4

      5      3      4      2      5
      4      3      4      4      4
      4      4      5      3      5
      5      4      3      4      3
      5      4      4      4      4

      4      4      4      5      3
      5      5      3      5      5
      5      4      2      4      4
      6      5      5      4      5
      4      3      4      3      5

      5      5      4      6      3
      4      5      5      6      4
      5      3      4      3      3
      3      5      4      4      5
      4      4      2      3      5

      5      4      3      3      6
      4      5      5      3      4
      5      5      3      5      4
      4      4      5      3      5
      6      4      2      3      4

      5      3      4      6      4
      4      6      3      4      4
      4      3      5      5      3
      5      4      4      5      4
      6      3      2      3      5

      4      5      3      4      4
      3      4      4      4      4
      4      4      5      5      3
      4      4      3      3      4
      4      2      2      3      3

      5      4      3      4      3
      1      2      5      5      4
      4      2      3      4      3
      4      2      4      4      3
      3      2      3      4      2

      5      3      2      4      4
      4      3      3      4      4
      4      2      4      3      2
      5      4      3      3      5
      4      3      1      2      3

      4      4      3      5      4
      3      3      4      2      2
      3      3      3      5      3
      3      4      3      3      3
      4      1      1      2      4

      3      4      4      3      4
      3      4      3      4      4
      3      3      4      2      3
      3      3      3      3      3
      3      1      2      1      4

      4      4      3      4      3
      5      5      5      4      6
      2      3      3      4      2
      3      4      5      2      3
      3      6      3      2      5

      3      3      4      3      2
      4      4      5      3      3
      3      3      4      3      3
      4      2      2      3      3
      4      2      3      4      4

      4      2      3      2      4
      4      4      3      1      5
      4      3      3      3      2
      3      4      2      2      4
      4      3      3      2      6

      5      4      5      4      3
      4      3      2      3      4
      1      2      3      2      2
      3      4      3      2      2
      4      3      1      3      3

      3      4      3      4      2
      2      2      3      3      6
      3      2      2      3      1
      4      3      2      2      2
      3      2      1      2      2

      1      3      4      3      3
      3      2      2      3      2
      4      1      3      3      3
      2      3      3      3      3
      3      2      1      2      3

      4      2      3      3      1
      4      3      5      4      3
      2      1      3      2      4
      2      2      1      2      4
      4      0      0      3      4

      4      2      3      1      3
      3      4      3      2      3
      1      1      2      0      1
      3      2      2      0      2
      3      2      2      3      3

      3      4      2      2      0
      3      2      2      3      4
      1      0      3      1      1
      2      2      1      3      3
      2      1      0      2      2

      2      2      2      1      3
      3      3      2      4      2
      3      1      2      0      2
      2      2      2      1      4
      4      2      0      1      2

      1      4      2      3      3
      3      2      3      3      3
      3      1      0      2      3
      2      3      1      3      3
      2      1      2      3      3

      3      2      3      2      1
      2      4      2      4      3
      0      1      2      2      2
      2      0      2      2      2
      4      3      0      2      3

      1      1      3      5      3
      4      1      4      3      2
      4      1      0      2      0
      2      1      1      1      3
      3      1      0      3      1

      1      1      2      2      0
      0      0      3      0      0
      1      0      2      0      2
      0      0      1      1      1
      2      0      0     -1      0

      3      2      1      0      1
      1      3      2      1      3
     -1      0      2      0      0
      2      2      2      2      1
      2      0      0      1      2

      3      1      1      0      3
      2      1      2      1      2
      2      0      1      1      1
      2      2      1      1      1
      2      0      0      1      2

      2      1      1      2      0
      2     -2      2      3      1
      0      1      3      4      0
      1      2      2      1      0
      1      2      0      3      0

      4      1      0      2      2
      2      0      0      1      4
      2      0      3      0      1
      1      2      1      2     -1
      0      0      1      0      1

      2      3      0      0      3
      2      2      0      1      3
      0      0      1      1      0
      2      1     -1      0      3
      0      0      0      2      4

      1      2     -1      0      2
      0      0      2      1      1
      0     -1      4      1      0
      1      2     -1      0      0
      0      0      1      0      0

      0     -1      0      1      0
      0      2      0      1      2
      0     -1      1      2      0
      0      0      1      0     -1
      2      2      1     -1      0

     -2      1      2      2      0
      2     -2      1      1      3
      3      0      1      1     -1
     -1      1      1      1      3
      1      0     -1      1      0

      3     -1      0      4      2
      1      2      0      2      1
      0     -1      0      0      0
      1     -2     -2      1      0
      7      2      0      1      4

      1      1     -1      2      2
      0      0      1      3      2
      0      0     -1      0      0
      0      0      0      0     -1
      0      0      1     -2      0

      0      2      2      0      0
      2      0      1     -1      0
      0      0      2     -1      3
      0      0      0      0      0
      1     -2      0      2      0

      0      0      0      1      0
      1      0     -1      0      0
      0      0      3      0      0
      3      0      0     -2      0
      0      0     -2      1      0

      0      0      0      1     -1
      0      1      4      2      0
     -1      0      2      0      0
      1      1      0     -2      0
      0      0      2      0     -2

     -2     -2      0     -1      0
      0     -1      1      2      0
      1     -2      1      2     -1
      3      0     -3      1      0
      0     -1      0      0      0

      2     -4      0      1      1
     -1      0      2      0      1
     -2     -2      1     -1      0
      2      0      0      2     -1
      2      0     -3      0      1

