;
; ENVI ASCII Output of file: E:\Imaging\ROI_AVIRIS\5_1_10.img [Fri Nov 17 11:57:05 2017]
; File Dimensions: 5 samples x 5 lines x 224 bands
; Line Format    : (5i7)
;
    523    509    505    510    518
    529    519    512    509    532
    525    521    536    531    505
    535    529    536    529    516
    522    522    522    519    507

    607    617    616    609    613
    621    612    613    638    619
    616    631    634    625    625
    626    627    646    600    612
    609    637    606    603    625

    672    651    669    641    664
    661    653    653    646    656
    661    665    670    662    658
    662    665    662    663    653
    651    644    642    674    667

    830    824    820    834    834
    834    822    831    844    819
    828    837    855    845    847
    830    824    842    837    831
    833    834    826    823    833

   1211   1221   1214   1227   1226
   1224   1212   1212   1212   1205
   1221   1233   1248   1252   1235
   1221   1220   1238   1221   1222
   1194   1207   1228   1225   1206

   1275   1280   1268   1272   1277
   1280   1272   1267   1277   1281
   1284   1290   1314   1322   1298
   1270   1271   1291   1295   1287
   1271   1273   1266   1280   1270

   1204   1203   1198   1199   1207
   1201   1203   1201   1214   1206
   1204   1221   1240   1236   1218
   1211   1206   1213   1200   1199
   1200   1208   1210   1197   1194

   1103   1104   1107   1113   1102
   1106   1098   1108   1115   1105
   1099   1130   1147   1143   1112
   1108   1116   1116   1102   1112
   1113   1115   1102   1105   1092

   1197   1191   1192   1203   1190
   1192   1194   1207   1205   1199
   1203   1222   1238   1237   1218
   1197   1200   1220   1189   1195
   1187   1200   1205   1191   1175

   1206   1202   1211   1216   1206
   1211   1217   1223   1229   1215
   1216   1232   1252   1256   1227
   1216   1234   1232   1204   1203
   1211   1214   1224   1208   1195

   1173   1172   1181   1174   1175
   1183   1182   1189   1199   1176
   1176   1207   1214   1215   1188
   1180   1186   1196   1168   1163
   1179   1182   1184   1177   1157

   1103   1094   1091   1103   1089
   1105   1114   1113   1118   1097
   1112   1122   1135   1127   1102
   1110   1114   1115   1089   1086
   1114   1112   1109   1094   1085

   1040   1039   1038   1038   1032
   1045   1059   1055   1047   1033
   1051   1064   1062   1072   1035
   1040   1055   1058   1027   1022
   1045   1049   1047   1040   1019

    941    931    939    940    928
    955    962    954    948    930
    948    958    951    956    939
    951    952    954    923    924
    940    946    943    930    918

    857    846    853    847    840
    864    873    873    863    844
    859    867    867    862    848
    858    862    860    843    834
    861    861    853    840    829

    753    753    753    746    734
    775    775    772    758    745
    761    770    772    754    748
    765    767    758    739    739
    761    762    762    745    733

    673    664    663    657    653
    685    685    677    666    655
    677    682    672    668    658
    676    669    665    652    655
    673    669    664    653    650

    639    629    627    620    619
    654    652    643    631    622
    643    643    633    631    623
    643    637    632    619    621
    636    636    631    617    615

    603    593    590    581    583
    623    618    609    595    587
    608    602    593    592    587
    608    604    597    585    586
    598    603    596    580    580

    563    556    555    541    536
    578    575    561    557    539
    570    565    558    551    551
    564    555    550    547    553
    562    555    547    540    551

    520    509    504    497    492
    530    526    514    502    492
    522    515    503    505    504
    516    508    504    500    499
    508    503    500    495    502

    478    468    463    449    446
    487    477    471    462    456
    474    469    463    466    458
    478    465    462    458    465
    466    460    460    454    454

    441    435    431    419    420
    451    446    432    433    423
    442    433    431    423    427
    440    435    430    424    428
    431    436    422    424    422

    395    385    382    375    370
    404    396    384    376    373
    386    382    379    375    377
    386    380    381    375    382
    382    380    375    371    375

    369    360    358    349    348
    374    366    357    356    351
    366    360    354    351    351
    357    352    351    351    357
    353    353    347    349    355

    357    345    342    333    339
    356    350    342    339    336
    349    343    341    341    337
    346    339    337    339    344
    340    341    333    337    339

    332    322    319    311    310
    331    329    319    315    313
    319    318    318    319    318
    322    315    316    320    323
    321    314    312    315    322

    307    301    297    290    290
    306    298    292    288    291
    301    294    290    295    296
    298    292    290    295    295
    297    292    287    293    298

    290    290    284    275    280
    290    288    280    277    279
    288    285    280    282    286
    283    279    281    280    288
    277    278    276    281    282

    272    265    260    255    257
    269    266    262    258    259
    263    261    259    260    263
    263    258    258    260    266
    262    259    259    258    265

    256    250    242    246    247
    252    249    244    244    247
    243    243    245    248    246
    246    243    246    250    248
    245    245    240    247    250

    253    246    242    236    243
    248    245    241    238    241
    244    242    241    244    245
    242    240    245    246    248
    244    240    237    242    246

    250    246    242    232    239
    250    244    244    242    237
    245    237    240    242    242
    237    242    246    245    249
    243    241    237    241    243

    250    245    242    235    244
    248    244    240    237    240
    243    241    242    244    244
    242    238    244    245    248
    243    239    238    241    247

    227    230    224    218    224
    230    224    225    225    221
    224    222    226    227    225
    218    222    228    225    233
    230    221    226    228    226

    201    199    199    190    199
    201    203    201    194    198
    195    194    199    200    200
    196    190    197    198    203
    201    196    199    202    202

    174    177    173    167    178
    175    175    175    168    172
    170    170    178    176    177
    168    171    174    175    181
    177    169    173    176    181

    161    169    169    159    169
    168    166    163    163    163
    162    164    170    171    166
    164    161    167    168    175
    168    166    167    165    174

    149    154    154    144    154
    153    150    150    149    150
    147    147    155    156    152
    151    145    153    154    159
    153    148    153    154    156

    113    118    117    112    124
    120    115    117    117    118
    110    112    119    123    120
    112    113    120    120    123
    118    112    119    121    122

    118    127    126    120    130
    127    125    123    119    125
    120    119    128    128    127
    121    116    124    126    131
    126    119    131    129    133

    125    137    136    127    143
    135    133    132    134    137
    128    127    139    141    138
    133    127    136    138    144
    133    132    139    137    147

    127    137    137    130    148
    139    134    133    135    139
    129    129    143    143    139
    132    126    139    137    144
    135    128    142    140    149

     75     82     81     78     86
     82     80     80     81     83
     76     76     85     85     81
     79     78     82     84     89
     80     79     86     84     87

     95    107    105    101    117
    107    103    103    102    109
     99     99    112    113    109
    102     98    108    107    113
    104    100    113    109    114

     98    111    110    105    120
    111    107    111    109    111
    102    103    117    117    115
    108    102    112    113    120
    111    106    119    114    123

     88    102    100     97    111
    102     99     98    101    103
     93     95    107    109    105
     99     91    105    104    109
    100     95    110    104    115

     82     95     95     88    104
     92     93     92     92     96
     86     89    100    102     96
     92     85     95     94    100
     92     88    104     98    106

     75     85     87     82     95
     86     83     86     85     85
     80     77     93     91     88
     83     79     88     85     93
     85     80     93     88     96

     59     68     69     65     78
     70     68     67     68     71
     65     62     76     74     70
     69     61     71     70     74
     66     62     76     70     77

     57     65     70     66     78
     70     69     67     68     72
     65     62     76     75     71
     68     63     72     69     74
     66     64     76     72     77

     60     69     75     69     82
     74     69     71     69     75
     67     66     80     79     74
     70     64     76     72     79
     72     67     81     75     81

     64     74     78     74     87
     78     76     74     74     78
     71     71     85     84     79
     75     69     79     77     83
     74     73     88     81     87

     58     72     74     69     83
     72     68     71     73     76
     66     66     80     79     72
     71     64     73     71     79
     71     66     83     76     82

     59     68     70     68     81
     70     68     69     69     74
     62     65     79     79     73
     68     63     72     69     75
     69     64     82     74     80

     54     64     67     64     79
     65     64     65     64     67
     61     59     74     72     67
     65     57     68     64     72
     64     62     79     68     73

     50     61     65     60     73
     64     60     62     62     67
     56     58     71     68     64
     60     55     64     62     67
     61     59     72     64     71

     38     47     51     46     57
     50     46     48     47     52
     45     45     53     54     50
     48     43     53     48     53
     49     43     58     50     55

     34     41     43     41     48
     44     39     42     42     45
     37     37     49     47     42
     41     38     44     41     45
     41     38     49     42     48

     30     38     40     36     46
     41     37     38     37     40
     35     34     42     41     37
     36     34     39     37     41
     38     34     45     40     42

     25     34     36     33     42
     34     33     35     33     38
     32     30     39     35     33
     34     30     36     34     36
     35     30     40     35     38

     17     23     27     21     27
     25     25     23     23     24
     22     21     25     25     22
     24     22     24     19     24
     23     23     26     24     24

     12     16     16     14     19
     15     15     15     15     16
     15     13     17     16     16
     16     13     17     16     17
     15     13     18     14     17

     13     18     19     16     20
     17     16     16     16     17
     16     15     19     19     16
     17     15     18     17     18
     17     17     20     16     20

     20     27     30     27     34
     29     28     27     28     31
     26     26     33     30     28
     28     24     29     28     28
     28     27     35     31     32

     22     32     35     31     41
     35     31     32     31     34
     29     28     37     36     32
     33     27     33     31     35
     33     28     41     34     38

     27     36     41     36     48
     40     38     38     37     41
     35     34     45     42     38
     37     33     41     35     40
     37     33     46     40     43

     28     39     43     38     49
     42     39     38     39     43
     35     34     46     44     38
     40     33     41     37     43
     38     37     51     41     47

     27     37     43     37     49
     40     39     39     38     40
     34     34     45     44     37
     39     32     40     36     40
     39     36     50     40     46

     26     36     41     36     49
     40     39     37     37     41
     33     35     46     42     37
     39     33     39     35     41
     38     34     48     39     45

     24     36     40     34     47
     39     36     37     36     39
     33     31     44     41     37
     37     31     39     34     37
     37     33     48     38     42

     23     33     35     31     42
     36     33     34     33     36
     30     31     41     38     33
     36     28     35     31     36
     34     30     45     35     41

     22     32     36     30     42
     37     33     33     32     35
     29     29     41     38     34
     35     29     34     30     36
     33     29     46     34     39

     21     30     34     28     40
     33     31     32     30     34
     26     28     38     35     31
     32     26     33     29     33
     31     28     41     32     38

     20     30     35     29     39
     34     31     30     30     33
     27     26     37     35     29
     31     25     31     28     33
     31     27     39     31     35

     18     28     32     27     35
     30     27     28     27     28
     24     24     32     30     26
     29     23     29     25     28
     27     25     37     29     32

     16     25     29     25     32
     28     25     26     25     26
     22     22     30     27     24
     26     21     27     23     27
     25     23     33     27     30

     14     23     26     22     29
     26     23     24     22     24
     20     20     28     25     22
     24     19     25     20     25
     22     21     29     24     27

     11     18     20     17     21
     20     18     18     17     20
     16     16     21     20     16
     19     14     19     16     18
     18     15     24     18     21

      7     10     12     11     14
     12     10     11     10     12
     10      9     13     12     11
     11      9     14      9     11
     11      9     15     11     14

      2      5      5      3      5
      6      4      3      4      5
      4      4      5      4      5
      4      3      5      4      5
      4      4      4      5      4

      2      3      4      4      5
      5      4      3      4      4
      3      3      4      3      4
      3      3      3      3      3
      3      3      5      4      3

      2      5      6      4      5
      5      4      6      5      5
      3      4      5      4      4
      5      3      5      4      5
      4      4      6      5      6

      2      5      6      5      6
      5      4      4      3      5
      4      4      6      4      4
      5      3      6      4      4
      4      4      6      4      5

      4      7      9      6      8
      8      7      8      6      6
      6      5      8      8      7
      8      5      8      5      7
      7      6      9      7      8

      6     11     14     11     15
     13     11     11     10     12
     10     10     14     12     10
     12      9     12     10     11
     11     10     16     12     13

      8     13     15     12     17
     16     14     13     12     15
     12     11     17     16     12
     14     11     14     12     13
     14     12     19     15     16

      7     13     14     11     17
     14     13     13     11     13
     11     11     16     13     10
     13      9     13     11     12
     13     11     18     12     15

      7     13     15     11     17
     15     13     13     12     14
     11     10     15     14     11
     14     10     13     11     13
     13     11     18     14     15

      6     12     14     10     13
     13     11     11      9     12
     10      9     15     13     10
     11      8     12      9     12
     13      9     17     11     12

      6     13     16     12     17
     15     13     13     12     14
     10     11     16     15     11
     13      9     13     10     13
     13     11     18     13     16

      7     12     14     11     17
     14     13     12     12     13
     11     10     17     14     12
     15     10     13     11     14
     12     10     18     13     17

      7     15     17     12     19
     16     14     14     13     15
     12     12     18     16     13
     16     10     15     11     16
     15     12     20     14     18

      6     13     18     13     20
     17     15     14     13     16
     12     11     18     15     12
     14     10     15     11     15
     15     11     19     14     17

      7     14     15     11     17
     15     13     14     13     14
     10     11     16     15     11
     14      9     13     10     13
     13     10     17     14     16

      5     12     15     10     17
     14     12     11     13     13
     10      9     16     14     10
     12      9     13      9     12
     12     10     17     13     15

      6     14     15     11     17
     15     13     14     12     14
     10     11     16     15     11
     14      9     13     10     13
     13     10     17     14     16

     10     14     17     14     15
     13     12     16     15     15
     14     17     19     18     11
     15     13     13     12     11
      8     12     14     15     15

      9     14     17     13      8
     16     16     11     15     16
     12     14     16     11     15
     13     13     14     14     11
     12     13     17     15     12

      9     14     12     17     10
     16     11     12     16     13
     13     12     12     14     10
     13     11     14     10     13
     13     12     12     12     13

     12     14      9     13      8
     13     13     12     14     11
     13     15     14     16     10
     12     13     11     12     16
      9     18     16     13     15

      9     12     12      9     11
     13     13     13      9     11
      9     11     13     11      7
     12     11     11     10      8
     12     14     13     10     11

      6      9     10      5      7
     10      7      9     10      7
      9     11      9     10      8
      8      9      6      9     10
      8     10     11      7      6

     24     36     31     30     32
     13     15     17     31      9
     -2      4     11      8      0
     14     12      7      0     -4
     11     13     12      5     14

      2      4      5      4      2
      2      3      5      5      3
      3      5      4      6      2
      4      4      6      4      6
      4      5      6      4      6

      3      3      3      2      0
      3      0      3      3      2
      2      4      4      3      2
      5      2      3      2      5
      2      4      4      2      1

      1      2      1      0     -1
      0      0      0     -1      0
     -1      2      0      0      0
      0     -1      0      0      0
      0      2      0      0     -1

      0      1     -1     -1     -2
      1     -1      0      0      0
     -1      0      0      0     -1
      0      1      2     -3      1
      0      0      1      1     -2

     -2      2      0      0      0
      1      0      1      0      1
     -2      0      0      0      0
      2     -2      0      0      0
     -1      0      0     -2      0

      0      0      0      0      0
      0     -1      0      0      0
     -2     -1      0      0      0
      0      1      2      0      1
      0      1      0      0     -1

     -3      2      1     -4      0
      2      1      0      5      3
      3      8      2      2     -1
      0      1      4      1      1
      0      2      5      4      0

      2      0      1      0      0
      0     -1      3      0      3
     -3      2      2      3     -2
      1      0     -1     -3      0
      0      2      0      0     -2

      0      0      1      0     -4
     -1      0      0      0      0
     -4     -1      1      0      0
      1      0      0     -2     -2
     -2      1      1      0      2

      0      0      0      1     -1
      2      0      0     -1      1
     -3      1      2      4     -1
      1      0      2     -3      2
     -1      1      3      0      1

      2      1      0      3      0
      0      0      3      1      3
     -2      1     -1      2      0
      1      0      1      0     -1
      0      2      1      0      1

      1      0      0      0      0
     -1      1      0      2      0
      0      3      0     -2      0
      2      0      3     -1      0
      1      2      3     -1      3

      1      4      3      1      0
      3      2      4      3      3
      0      2      4      4      0
      0      0      6      2     -1
      3      3      0      1      1

      5      2      3      1      1
      4      1      5      5      5
      2      5      3      3      1
      2      3      3     -1      3
      4      4      5      5      2

      2      3      1      0      0
      3      2      4      3      3
     -1      0      3      2      1
      3      4      3      0      2
      2      3      4      1      0

      3      3      3      5      3
      4      5      3      4      5
      3      2      4      1      4
      2      1      4      3      3
      3      1      1      3      3

      7      7      2      5      6
      7      7      7      7      8
      5      9      6      7      4
      6      8      7      7      6
      7      7      7      6      7

      9      7     10      9      7
      9      6      9     11     10
      7     10     10     10      7
     10      8     11     11      8
      7      9     10      8      6

     11     10     12     11      9
     13     12     12     15     11
     10     11     12     10     11
      9     11     12     12      8
      9     12     12     12     12

     10     12     13      9     11
     14     11     12     14     12
     12     12     13     11     13
     12     11     11     11     13
     11     11     10     13     11

     11     13     12     12     11
     12     12     13     12     11
     10     13     15     13     11
     13     12     12     12     13
     11     14     13     13     11

     15     14     13     11     13
     15     13     12     13     13
     10     12     14     12     10
     10     14     12     15     14
     17     13     13     16     13

     12     14     11     12     10
     14     14     14     12     14
     13     13     13     15     11
     13     13     13     12     12
     13     13     12     13     15

     12     12     11     14     10
     13     13     13     12     11
     12     12     14     13     10
     13     11     13     11     11
     12     12     13     13     10

     10     13      8     11     10
     12     11     13     12     12
      9     13     11     10      9
     11     10     11     12      9
     11     10     11      9     12

     10     12     11     12      9
     11     10     12     11      9
     11     11     12     12     11
     13      9     11      9      9
      9     14     11     10     12

      9     11     10     12     10
     11     13     12     10     11
      9     12     12     11      9
     12      9     11     10     12
     10     11     10     10     10

     10     10     11     10     10
     10      8     11     12     13
     10     11     12     12     11
     10     10     12     11      9
      8     11      9     11     11

      8     10      8      8      8
     12     10     10      9     10
     10      9     11     11      8
     10      9     11      9      9
      9      9     11      7      9

     10     11     12     10      9
     10     10     10     11     12
     10     12     13     10     10
     11     11     11      8     11
     11     11     10     10     11

      9     12      8     10      8
     10      8      9     10     11
      8     10      9     11     10
     11      8     11     11      9
      9      9     11      9      9

      8      8     10      9      8
     11      9      9      9     11
      8     10     10     10      8
     10      7      9      9     10
      9      7      8     10      8

      9      9      9      8      7
      9      9     11      9     10
      7      8      9     10     10
      8     11      9     10      8
      8      8     10      7      9

      9     10      9      7      7
     10      9     10     11     10
      8      9     10      9      9
      9     10      7      7     11
     11      9      8      8      9

      9     11      9      9      6
      9     10     10     10      8
      8      9     10      9      7
      8      9      9      8      9
      9      8      9      8      7

      8     10     10      7      8
     11      8      9      9      7
      8     10      8      9      7
      8      8      9      8      8
      8     11      8      6      7

      7      7      9      6      6
      8      6      7      7      8
      7      9      9      8      5
      8      7     10      5      7
      7     10      8      6      8

      8      8      6      5      5
      9      7      9      7      7
      7     10      8      8      5
      8      6      9      6      6
      6      7      7      7      7

      5      7      7      7      6
      6      7      8      7      6
      7      8      8      6      4
      7     10      7      5      7
      6      8      8      8      7

      7      6      7      5      4
      7      7      5      5      7
      4      8      7      8      5
      5      6      7      5      7
      6      6      6      5      6

      7      7      6      8      5
      7      6      9      7      5
      6      4      8      6      4
      5      5      7      5      3
      5      6      4      7      8

      6      5      6      6      6
      6      7      7      8      6
      2      6      6      6      4
      5      4      3      5      8
      4      7      8      6      3

      5      5      4      2      2
      5      5      6      5      4
      5      5      5      6      4
      5      4      4      4      6
      6      4      4      6      4

      4      5      4      4      3
      4      4      6      7      4
      2      6      4      4      3
      3      6      5      3      5
      3      4      4      4      5

      2      2      3      5      1
      3      2      2      3      4
      2      3      4      2      1
      3      2      5      3      2
      3      1      2      2      3

      2      0      1      2      0
      2      1      1      1      2
      2      2      3      4      1
      4      1      2      1      1
      1      5      4      1      2

      2      2      1      0      0
      2      1      0      3      2
      0      1      0      2      0
      0      0      0      0      1
      0      2      3      0      0

      0      0      0      1     -2
      0      0      0      1      3
     -1      0      1      0      0
      1      0      1     -1      0
      0      1      0      0      0

      0      1      0      0     -1
      0     -2      0      2      1
     -1      0      0      0     -1
      0      0      0     -1      0
     -1      0      0     -3      0

      0     -2     -2     -1      0
      0      0      0      0     -1
     -1      1      1     -1      0
      1      0      0     -1      0
      0      1      0      0      0

      0      0      0      0      0
      0     -2      0      2      0
      0      2      0      2      0
      0      0      2      0      0
      0      0      1     -1      0

      0      1      1      0     -2
      0     -2      0      1     -1
     -1      0     -1     -1      0
      0      0      0     -3      0
      0      0      1      0     -1

     -1      0     -1      0     -3
      1     -1      0      0      0
     -1      0      0     -2      0
      0      0      1      0      0
      0      2      0      0     -2

     -1     -1      0      0      0
      0      0      0      0      0
     -2     -1      0     -3      0
     -1     -1      0      0     -1
     -1      1      0      0     -2

      0      1     -1      0     -4
     -2     -1     -1      0      2
     -1     -2      2      0      0
      0      0      0     -1      1
     -1      0      1      0     -1

      0      1      0      0     -1
      0     -1      0      0      0
     -2      0      1      0     -1
      0     -1      0      0      0
     -2      0      0      0      0

      0      0      0     -1      1
      2      0      0      0      0
      0     -1      0      0      0
      0      0      1      0      0
      1      0      0      0      0

      0      0     -2      0      0
      2      0      0      0     -1
      0      0      0      0      0
      0      0      0      0      0
      0      0      0      0      0

      1      0      1      0      0
      0      0      0      0      0
      1      0      0      1      1
      1     -1      0      1      0
      1     -1      0     -1      0

      0      0      0      0      0
      2      0      0      0      1
      1      0      0      0     -2
      2     -1      0      0      0
      0     -2      0     -1      0

      0      0      0      0      0
      0      0     -1      0      1
      1      0     -1      0      0
      0      0      1      2     -1
      0     -1      0     -1      0

      3      0      0     -1      0
      1      0      0      0      1
      0      0      0      1      0
      0      0      0      0      0
      0      0      0      0      0

      0      0     -1      0      0
      1      0      0      0      1
      0      0      0      0      0
      0      0      2      0      0
      1      0      0      0      0

      0      0      0      0      0
      0      0      0      0      0
      0      0      0      1      0
      0      0     -1      0     -1
      1     -1      0     -1      0

      0      0      0      0      1
      0      0      0     -1      0
      0      1      0      0      0
      0      2      0      0     -1
      1      0      1      0      0

      0      0      1      0      0
      1      0     -1      0      0
     -1      0      0      0      1
      0      0      0      0      1
      0      0      0      1      0

      2      0      1      0      0
      2      0      2      1      1
      3      1      0      0      1
      1      1      1      2      1
      2      1      1      1      2

      4      2      3      3      1
      4      2      2      2      2
      4      2      2      3      1
      0      3      2      4      0
      2      1      2      3      3

      2      4      3      2      4
      5      2      4      2      3
      4      4      2      3      4
      3      1      2      4      2
      5      2      2      1      2

      3      2      1      2      2
      3      2      1      0      2
      3      3      1      1      3
      1      3      1      3      1
      3      1      2      0      3

      0      2      1      0      1
      2      0      0      1      1
      0      0      2      0      3
      0      1      0      1      0
      2      1      1      0      0

      0      0      1      0      2
      2      0      1      0      2
      1      0      1      0      3
      1      0      0      2      1
      1      1      2      0      1

      4      3      4      3      3
      4      4      1      3      3
      5      2      3      3      3
      2      3      3      4      3
      4      5      4      3      4

      2      4      3      3      5
      6      3      4      3      4
      5      4      5      5      5
      4      4      5      4      2
      5      5      4      4      3

      4      2      5      4      4
      4      3      3      3      4
      5      4      4      4      4
      3      3      4      4      3
      5      3      3      3      2

      4      2      2      3      3
      3      2      2      2      3
      4      1      2      4      4
      4      3      2      3      2
      3      2      1      2      3

      4      3      2      3      4
      3      2      3      2      4
      3      1      3      3      4
      5      3      3      3      3
      3      0      3      1      3

      3      4      3      2      3
      6      4      3      3      4
      4      3      6      4      4
      4      4      2      4      3
      4      3      4      2      3

      5      3      4      4      4
      4      2      4      3      3
      5      6      4      5      3
      3      3      4      4      3
      5      4      5      3      4

      4      4      4      4      5
      5      4      4      5      5
      4      5      5      5      5
      3      4      4      4      4
      6      4      3      3      6

      4      3      3      4      5
      6      5      4      3      4
      6      4      4      3      6
      4      5      5      4      3
      5      4      4      3      4

      5      4      4      3      5
      4      3      3      3      5
      5      4      5      4      5
      4      5      4      3      2
      6      3      5      3      4

      5      5      5      4      4
      7      3      4      3      6
      5      3      5      5      4
      4      3      4      5      4
      5      4      5      2      4

      4      3      4      3      3
      5      3      3      3      4
      4      4      3      3      4
      4      3      3      4      4
      6      3      6      4      3

      5      4      4      3      3
      4      4      3      4      4
      5      3      4      3      4
      4      3      3      4      3
      4      3      5      3      4

      4      3      4      4      3
      4      3      3      2      6
      4      3      5      4      4
      2      4      4      5      3
      3      3      3      2      4

      4      3      2      3      4
      5      3      5      3      4
      5      4      4      3      3
      3      3      5      3      3
      4      3      2      1      2

      4      3      2      3      2
      5      1      1      3      3
      4      5      2      4      3
      2      4      4      3      3
      3      3      3      3      3

      4      2      4      2      4
      4      3      4      3      3
      4      4      4      4      4
      3      3      4      3      2
      4      3      2      2      3

      3      3      2      3      4
      3      2      2      3      2
      5      3      3      2      3
      4      3      3      3      3
      4      3      5      3      4

      4      2      2      2      3
      3      2      3      3      4
      4      4      3      4      3
      2      2      4      3      2
      3      4      5      2      2

      6      3      2      2      5
      3      2      4      2      4
      5      3      3      4      3
      3      5      4      2      2
      4      4      3      3      3

      5      3      3      3      4
      5      4      3      4      4
      4      4      2      3      3
      1      2      2      4      4
      2      4      5      2      4

      5      2      2      4      4
      4      3      3      3      3
      3      2      3      3      4
      2      3      3      3      2
      4      3      3      2      4

      3      1      3      3      2
      5      3      3      1      2
      3      3      1      3      3
      5      1      2      3      3
      3      4      5      2      1

      3      2      3      3      4
      4      2      3      4      4
      4      2      3      3      2
      3      2      3      3      4
      4      1      3      1      2

      5      4      2      2      4
      4      2      2      2      3
      4      2      3      4      3
      0      3      3      2      1
      3      4      4      1      2

      3      2      2      0      3
      4      1      2      2      1
      3      3      3      2      2
      2      2      2      3      2
      2      1      3      2      3

      3      1      1      1      2
      2      2      2      1      2
      3      3      2      2      3
      1      4      1      3      2
      4      2      3      1      1

      4      0      3      2      3
      4      0      2      3      2
      4      2      1      2      4
      1      1      4      4      1
      3      1      3      0      3

      3      2      1      3      4
      3      0      2      1      4
      3      3      1      3      2
      4      2      1      2      0
      3      2      2      1      0

      5      1      1      0      2
      1      1      1      1      4
      2      2      3      2      1
      2      2      2      2      2
      3      0      1      1      1

      2      0      1      3      2
      3      1      3      2      1
      1      1      3      1      3
      2      1      1      1      1
      1      1      3      2      0

      1      0      0      2      1
      1      2      0      1      1
      4      0      0      2      1
      1      0      1      3      1
      3      0      4      1      3

      0      0      1      1      2
      2     -1      1      3      3
      4      0      0      1      0
      3      2      3      2     -1
      2      0      3     -1      2

      1      1      1      0      2
      3      0      3      2      2
      1      0      0      3      1
      4      0      3      1      0
      2      0      0      0      2

      2      1      1      1      3
      4      0      1      2      0
      4      0      1      2      1
      1      1      0      2      0
      2      1      1      0      1

      3      3      3      0      1
      3      1      0      0      0
      1      2      2      3      0
      0      2      0      1     -1
      1     -1      1      1      2

      0      0     -1      0      2
      4     -2      1      0      1
      1      0      0      0      2
     -1      1      1      2      1
      2      0      2      0      0

      2      0     -1      1      2
      1      0      0      0      0
      1      0      1      2      0
      1      1      2      0      1
      0      0      1      1      0

      1     -1     -1      0      0
     -1      0      2      0      1
      0      0      3      1      1
      1      0      1      3      0
      2      0      2      1      2

      1      0     -1      1     -1
      1      0      1      0      1
      0     -2      2      0     -1
      0      0      0      0      0
      2     -1      1      0      0

      1      0     -2      3      0
      4     -1      1      0      3
      4     -1      0      2      0
      0      0      0      1      0
      0      0     -1     -1      1

      1      2      1      1      3
      1      0      0     -3      1
      0     -5      0      0      1
     -3      2     -1      1     -1
      1      0      2      1      2

      1      0      0      0     -1
      2     -1      0     -1      1
      1      0     -1      0      2
      0      0      0      1      1
      0      0      0      0      0

      0     -2      1     -1      0
      2     -1      2      1      0
      2      0      0      2      3
     -1      3     -1      1      0
      3      0      1      0      1

      0      1     -1      1      1
      0     -1     -1      1      0
      0      0      1      0     -1
     -2      1      1      0     -2
      0      0      1     -1      0

     -1     -3      2      0     -4
      2      4      0      0      0
      1     -1      0      0      1
      1      0      0      1      0
      0      0      1      0      0

      1      0      0      2      0
     -2     -2     -1      0      0
      0      0     -1      0      0
      0      2      3      0      0
      2      0     -2      1      2

     -1      1      0      0      1
      0     -1     -2      0      4
      0      0     -2      0      1
     -3      0      1      1     -4
      1      0      0      0      0

