;
; ENVI ASCII Output of file: E:\Imaging\ROI_AVIRIS_TestSet\5_1_3.img [Wed Dec 06 10:41:53 2017]
; File Dimensions: 5 samples x 5 lines x 224 bands
; Line Format    : (5i7)
;
    555    540    559    561    561
    557    555    559    558    558
    542    551    559    559    558
    531    531    537    537    548
    552    529    555    548    520

    642    636    640    624    624
    649    641    640    641    641
    634    626    642    642    641
    625    643    640    640    647
    653    645    638    656    624

    698    685    688    690    690
    691    687    688    684    684
    700    687    695    695    684
    672    694    673    673    699
    705    680    674    683    681

    894    868    867    867    867
    861    864    867    878    878
    888    868    868    868    878
    865    860    861    861    866
    863    876    876    855    867

   1279   1273   1280   1272   1272
   1282   1284   1280   1275   1275
   1274   1280   1269   1269   1275
   1256   1275   1253   1253   1256
   1278   1273   1256   1267   1259

   1351   1332   1336   1322   1322
   1330   1333   1336   1325   1325
   1327   1337   1340   1340   1325
   1329   1334   1323   1323   1326
   1334   1329   1319   1320   1334

   1252   1259   1253   1254   1254
   1259   1258   1253   1252   1252
   1249   1261   1256   1256   1252
   1236   1239   1236   1236   1237
   1257   1247   1238   1246   1244

   1160   1160   1161   1147   1147
   1154   1149   1161   1151   1151
   1154   1151   1155   1155   1151
   1149   1139   1142   1142   1141
   1147   1149   1148   1147   1145

   1256   1241   1243   1233   1233
   1227   1241   1243   1238   1238
   1239   1242   1235   1235   1238
   1228   1222   1223   1223   1225
   1236   1243   1234   1223   1230

   1263   1256   1256   1244   1244
   1257   1261   1256   1249   1249
   1256   1259   1252   1252   1249
   1246   1249   1239   1239   1239
   1251   1254   1249   1247   1231

   1218   1213   1214   1204   1204
   1221   1219   1214   1211   1211
   1206   1224   1213   1213   1211
   1205   1202   1200   1200   1196
   1210   1218   1210   1204   1198

   1142   1141   1140   1129   1129
   1139   1136   1140   1132   1132
   1137   1135   1127   1127   1132
   1127   1129   1120   1120   1123
   1136   1140   1134   1135   1117

   1075   1071   1069   1060   1060
   1067   1075   1069   1063   1063
   1067   1081   1074   1074   1063
   1059   1059   1039   1039   1060
   1071   1067   1066   1062   1055

    969    964    964    958    958
    962    971    964    958    958
    953    966    956    956    958
    955    950    949    949    951
    961    957    962    958    953

    871    877    869    872    872
    871    865    869    861    861
    861    867    867    867    861
    858    855    854    854    859
    865    864    866    865    856

    775    771    771    766    766
    769    766    771    765    765
    763    768    760    760    765
    758    757    748    748    755
    765    762    765    767    759

    676    678    683    674    674
    673    678    683    669    669
    669    675    671    671    669
    666    660    661    661    666
    671    671    677    669    671

    642    644    644    643    643
    641    641    644    635    635
    635    640    635    635    635
    632    630    631    631    632
    636    637    640    634    637

    606    608    603    610    610
    607    603    603    600    600
    601    604    599    599    600
    596    599    601    601    596
    600    603    603    599    601

    565    563    564    569    569
    559    565    564    563    563
    560    559    562    562    563
    554    547    551    551    556
    561    557    559    565    560

    519    511    514    519    519
    514    515    514    512    512
    513    513    510    510    512
    502    510    507    507    507
    515    512    514    510    503

    477    471    476    469    469
    473    471    476    472    472
    469    472    470    470    472
    463    463    466    466    468
    468    469    476    475    468

    441    440    437    445    445
    433    442    437    436    436
    433    438    434    434    436
    432    431    435    435    436
    442    438    440    434    434

    392    390    390    392    392
    389    390    390    391    391
    389    388    386    386    391
    381    381    385    385    384
    384    390    387    388    383

    359    361    360    365    365
    359    361    360    365    365
    355    362    359    359    365
    359    356    358    358    360
    360    360    359    362    359

    352    349    350    349    349
    347    349    350    349    349
    344    350    349    349    349
    341    340    342    342    346
    348    351    351    349    348

    324    326    326    326    326
    326    328    326    324    324
    319    321    324    324    324
    316    319    318    318    321
    322    322    326    323    323

    300    300    300    300    300
    303    299    300    298    298
    293    297    300    300    298
    294    294    299    299    298
    295    299    301    299    297

    288    289    286    289    289
    288    286    286    289    289
    288    286    290    290    289
    282    283    284    284    287
    284    289    288    283    283

    266    265    268    265    265
    266    266    268    269    269
    261    261    266    266    269
    258    260    265    265    261
    265    263    264    263    261

    255    248    252    248    248
    249    252    252    252    252
    248    249    250    250    252
    244    250    246    246    249
    248    249    249    250    248

    249    245    247    246    246
    243    245    247    247    247
    244    249    247    247    247
    244    243    245    245    243
    243    245    245    246    245

    245    239    251    243    243
    243    243    251    247    247
    244    250    247    247    247
    242    243    243    243    242
    237    246    241    243    245

    248    245    247    245    245
    244    244    247    247    247
    244    250    246    246    247
    243    241    242    242    243
    243    244    246    245    245

    229    224    234    229    229
    228    229    234    230    230
    229    233    229    229    230
    226    225    220    220    230
    223    226    230    228    226

    199    198    206    200    200
    201    197    206    202    202
    198    208    201    201    202
    200    199    194    194    200
    200    200    202    204    201

    177    174    179    178    178
    179    172    179    179    179
    172    183    177    177    179
    172    176    171    171    173
    173    177    180    177    176

    165    168    170    167    167
    172    165    170    173    173
    169    175    170    170    173
    166    170    159    159    165
    166    170    174    173    169

    153    156    155    151    151
    158    152    155    160    160
    153    160    151    151    160
    150    152    145    145    153
    154    154    159    154    154

    117    117    121    118    118
    124    117    121    122    122
    118    123    119    119    122
    118    117    111    111    117
    117    117    125    119    121

    124    126    129    125    125
    133    125    129    132    132
    126    133    126    126    132
    124    123    117    117    125
    128    125    134    128    127

    136    136    141    136    136
    144    135    141    145    145
    139    147    137    137    145
    135    133    129    129    137
    138    137    146    139    138

    135    141    140    136    136
    145    135    140    144    144
    139    145    139    139    144
    137    135    128    128    137
    139    140    145    138    140

     79     81     85     81     81
     88     82     85     87     87
     83     89     82     82     87
     79     78     77     77     79
     84     81     88     85     84

    103    110    107    104    104
    114    105    107    114    114
    110    115    107    107    114
    106    104     96     96    106
    108    105    114    107    106

    106    115    117    110    110
    119    107    117    119    119
    116    122    114    114    119
    110    109    103    103    111
    114    113    119    112    114

     96    107    103    101    101
    111    101    103    110    110
    106    108    102    102    110
    104    100     91     91    102
    104    103    111    105    104

     91     99     97     93     93
    103     92     97    102    102
     96    102     96     96    102
     92     90     85     85     92
     95     95    103     97     95

     82     91     90     85     85
     93     81     90     94     94
     88     94     87     87     94
     86     84     77     77     84
     88     86     94     88     87

     66     71     71     70     70
     75     66     71     75     75
     70     74     69     69     75
     68     66     60     60     67
     70     70     74     71     71

     64     74     69     69     69
     76     66     69     76     76
     73     75     70     70     76
     69     68     62     62     69
     69     69     78     71     72

     69     74     73     71     71
     80     67     73     80     80
     76     79     74     74     80
     74     69     62     62     70
     73     72     82     76     74

     72     80     80     76     76
     84     74     80     85     85
     80     87     79     79     85
     76     74     66     66     74
     79     77     88     79     80

     68     76     74     69     69
     82     69     74     79     79
     76     78     72     72     79
     70     67     63     63     71
     77     73     82     71     73

     66     75     71     69     69
     79     67     71     76     76
     73     79     71     71     76
     69     67     60     60     69
     72     70     80     73     72

     61     70     66     66     66
     74     63     66     73     73
     68     73     66     66     73
     66     63     55     55     64
     69     65     76     67     68

     59     67     65     62     62
     70     59     65     71     71
     64     70     62     62     71
     62     60     52     52     61
     65     63     72     65     64

     46     52     48     48     48
     55     47     48     54     54
     49     56     50     50     54
     51     47     39     39     46
     53     49     56     52     50

     37     45     41     42     42
     45     38     41     46     46
     43     48     42     42     46
     41     39     34     34     41
     42     41     49     42     42

     33     39     37     38     38
     42     34     37     41     41
     40     44     39     39     41
     38     38     31     31     36
     38     38     46     40     40

     31     34     34     34     34
     41     31     34     38     38
     35     39     34     34     38
     34     31     28     28     31
     33     33     41     36     34

     21     23     21     21     21
     26     17     21     25     25
     23     25     22     22     25
     23     20     19     19     19
     21     25     29     22     22

     12     16     14     14     14
     18     14     14     16     16
     16     18     15     15     16
     16     15     12     12     14
     14     16     20     16     16

     14     16     15     17     17
     20     15     15     19     19
     17     18     17     17     19
     18     16     13     13     15
     17     16     21     17     17

     24     29     26     27     27
     33     25     26     32     32
     30     32     27     27     32
     28     26     22     22     26
     27     28     34     29     29

     29     35     32     30     30
     38     28     32     35     35
     34     37     32     32     35
     31     28     24     24     29
     33     32     39     32     33

     32     40     37     35     35
     44     33     37     42     42
     40     43     36     36     42
     37     34     28     28     34
     40     38     45     39     37

     35     43     38     36     36
     47     35     38     45     45
     41     45     39     39     45
     38     35     29     29     36
     42     39     46     40     40

     33     41     38     37     37
     45     34     38     43     43
     39     44     37     37     43
     36     34     27     27     34
     40     38     46     39     40

     31     40     39     36     36
     44     33     39     43     43
     41     45     35     35     43
     36     33     27     27     36
     39     38     45     39     39

     31     40     36     36     36
     43     32     36     42     42
     38     43     35     35     42
     35     33     26     26     33
     38     36     45     37     36

     28     36     34     33     33
     39     30     34     37     37
     36     40     33     33     37
     33     28     23     23     32
     35     34     40     34     33

     28     35     33     31     31
     39     29     33     38     38
     35     39     31     31     38
     32     29     23     23     30
     35     33     41     33     34

     25     33     28     30     30
     37     28     28     36     36
     33     36     30     30     36
     30     27     20     20     28
     30     30     38     30     31

     25     33     30     28     28
     37     26     30     35     35
     32     36     29     29     35
     28     25     20     20     27
     33     30     38     32     31

     22     29     26     24     24
     34     24     26     31     31
     28     32     27     27     31
     27     23     18     18     25
     28     28     34     28     28

     21     27     24     23     23
     31     22     24     29     29
     27     30     25     25     29
     25     21     16     16     23
     26     25     31     26     26

     20     25     23     22     22
     28     20     23     27     27
     25     27     23     23     27
     23     20     14     14     21
     23     22     28     24     23

     15     19     16     17     17
     22     15     16     21     21
     19     20     17     17     21
     17     14     12     12     15
     17     17     23     17     18

      9     12      9     10     10
     14      9      9     11     11
     11     12     10     10     11
     11      9      7      7     10
     11     10     14     10     10

      4      5      3      3      3
      5      3      3      5      5
      4      6      3      3      5
      4      4      2      2      3
      4      4      6      4      4

      2      4      2      3      3
      5      3      2      5      5
      3      4      4      4      5
      4      3      2      2      3
      3      3      5      3      5

      4      5      3      4      4
      6      3      3      5      5
      5      7      5      5      5
      5      4      2      2      4
      4      4      6      5      6

      3      5      4      4      4
      5      3      4      6      6
      5      6      4      4      6
      4      4      3      3      3
      4      4      6      5      5

      5      6      5      6      6
      8      4      5      8      8
      7      8      6      6      8
      6      5      4      4      5
      6      7      8      8      6

      8     12     10      9      9
     15      8     10     13     13
     12     13     11     11     13
     11      9      6      6      9
     11     11     14     12     11

      9     15     13     11     11
     18     10     13     16     16
     14     15     12     12     16
     13     11      8      8     11
     14     13     19     14     14

      9     12     11     11     11
     17      9     11     15     15
     11     14     11     11     15
     12      9      6      6     10
     12     12     16     13     11

      9     14     12     12     12
     16     10     12     15     15
     14     16     12     12     15
     12     11      7      7     10
     14     13     19     13     13

      8     12     10     10     10
     14      9     10     13     13
     11     14      9      9     13
     11      9      5      5      9
     10     10     14     11     11

      9     14     11     12     12
     16      9     11     14     14
     12     16     12     12     14
     11     10      6      6     11
     13     11     18     13     14

     10     15     11     11     11
     16     10     11     15     15
     13     15     12     12     15
     11     10      6      6     10
     13     13     18     13     13

     10     16     13     13     13
     18     11     13     16     16
     15     16     14     14     16
     13     12      6      6     12
     14     14     19     15     15

     10     16     12     12     12
     17     11     12     16     16
     15     18     12     12     16
     14     10      7      7     12
     15     13     19     14     14

      9     14     12     11     11
     17      9     12     16     16
     13     16     11     11     16
     12      9      6      6     11
     12     11     17     13     13

      9     13     11     10     10
     16      9     11     14     14
     11     16     11     11     14
     11      9      5      5     10
     12     11     15     12     11

      9     14     12     11     11
     17      9     12     16     16
     13     16     11     11     16
     12      9      6      6     11
     12     11     17     13     13

     12     10     13     11     11
     18     14     13     14     14
     12     13     10     10     14
     10     13      9      9     11
      9     16     15     16     12

     14     11     13     14     14
     15     11     13     17     17
     13     12     13     13     17
     14     12      8      8     12
      9     10     11     13     13

     12     12     12      8      8
     15     14     12     12     12
      9     11     15     15     12
     17     12     13     13     12
     10     12     13     14      8

     11     12     14     13     13
     14     12     14     11     11
     13     13     12     12     11
     13     10      9      9     13
     10     12     13     13     11

      9     11     13      9      9
     12     11     13     12     12
      5     11     10     10     12
     11     10      9      9     11
      9     14     10     11      8

      6      9      9     11     11
     11      8      9     10     10
      7      5      9      9     10
     10      7      8      8      8
      6      9      9      8      7

     39     32      7     26     26
     31     19      7     46     46
     43     36     36     36     46
     39     38     41     41     41
     31     22     32     24     25

      6      4      5      2      2
      3      4      5      6      6
      6      2      1      1      6
      7      2      2      2      2
      3      3      3      3      3

      3      3      1      1      1
      3      1      1      3      3
      2      1      2      2      3
      3      2      0      0      1
      3      4      1      3      1

      0      0      0      0      0
      0      0      0      1      1
      0      0     -1     -1      1
     -1     -1      0      0      0
      2      1      0      1      0

      0      0      0      0      0
      0      0      0      0      0
     -1      0     -1     -1      0
     -1     -2      0      0      0
     -1      1      0     -1      0

      0      2      1      1      1
      0      0      1      1      1
      0     -1      1      1      1
      1      0      0      0     -1
      0      1      1      2     -1

      0      2      1      0      0
      2      0      1      0      0
      0     -1      0      0      0
      1     -1     -1     -1      0
      0      0      0      0      0

      5      4      2      1      1
      3      5      2      5      5
      0      0      0      0      5
      8      2      2      2      0
      0     -1      0      0      0

     -1      1      1      0      0
      0      0      1      1      1
     -3      0     -3     -3      1
      0     -2      0      0      1
     -3      0      2      3      0

      0      0      1      0      0
      0      0      1      1      1
      0      1      0      0      1
      2      0      0      0      1
      0      0      3      3      0

      2      3      1     -1     -1
      0      2      1      0      0
      0     -1      0      0      0
      2     -2      0      0      0
     -2      0      2      2      0

      0      0      0     -1     -1
      1      1      0      2      2
     -1      1      1      1      2
      3      1     -1     -1      1
      0      0      3      1      0

      0      2      0      0      0
      3      1      0      5      5
     -3      2      0      0      5
      3      0     -2     -2      2
      0      2      2      1     -1

      3      2      1     -1     -1
      1      4      1      6      6
      2      3      3      3      6
      3      0      1      1      2
      0      0      4      4      1

      2      4      4      0      0
      4      2      4      6      6
      0      0      2      2      6
      4      3      1      1      4
      2      3      2      3      0

      1      4      1      1      1
      1      0      1      1      1
      1      1      3      3      1
      2      2      1      1      3
      2      1      2      2      1

      2      1      6      2      2
      4      4      6      5      5
      3      4      1      1      5
      5      3      1      1      4
      1      1      4      4      1

      6      6      8      4      4
      6      6      8      6      6
      6      5      8      8      6
      6      6      3      3      5
      5      4      2      7      6

      6      9     11      7      7
     11      8     11     10     10
      6     10      7      7     10
      7      6      8      8     10
      9      8      7     10      9

     12      9      9     11     11
     11     10      9     11     11
     10     11     11     11     11
     11      9      8      8      9
      8     10     10     12     11

     11      9     11     11     11
     11     12     11     13     13
     12     12     10     10     13
     13      9      9      9     11
      9     11     13     13     10

     11     12     12     10     10
     12     11     12     13     13
     13     10     11     11     13
     12      9     12     12     11
      9     11     12     14     11

     10     14     10     12     12
     14     11     10     14     14
     16     12     11     11     14
     11     13     11     11     11
     10     13     10     12      9

     12     12     11     10     10
     11      9     11     15     15
     12     12     12     12     15
     12     13     12     12     13
      9     11     12     14     10

     14     12     13     10     10
     14     14     13     14     14
     11     12     11     11     14
     13     10     11     11     11
     12     12     10     12     11

     12     12      9      9      9
     12     11      9     11     11
      9      9      9      9     11
     11      8      8      8     12
     10     10     11     11     10

      7     10      9      8      8
     14     10      9     10     10
     10     11     12     12     10
     10      9      9      9     11
      8     10     12     10      9

     10     11     10     10     10
     10     10     10     12     12
     11      9      9      9     12
     11      9      9      9     11
     11      9     11     11     10

     11     10     10      8      8
     11      9     10     10     10
     10      9     10     10     10
      8      7      9      9      9
     11     10      8     10      9

     10     10     11      9      9
     13      8     11     10     10
      9     11      9      9     10
      9      8      9      9     10
      9     10      9     10      8

     10     11      9      7      7
     10      9      9     11     11
      9      8      9      9     11
     10      9      7      7      9
      9     10      9     10     10

      9      8     11      9      9
     12     10     11     11     11
      8     10      8      8     11
     10      9      8      8     11
      9     11      9     10      7

      8      9      9      7      7
      8     10      9     11     11
      9      8      8      8     11
      9      7      7      7      8
      8      8      8      9      7

      8      9     10      7      7
      8      8     10     10     10
      8      8      9      9     10
      8      8      8      8      8
      8     10      8      9      7

      8     10      8      8      8
      8      8      8     10     10
      7      8      6      6     10
      8      6      7      7      7
      6      8      7      9      5

      7     10      8      7      7
      7      8      8      7      7
      6      7      8      8      7
      9      7      8      8      8
      8      9      7      8      4

      7      8      6      8      8
      9     10      6      9      9
      8      8      6      6      9
      9      5      6      6      8
      6      7      9     11      7

      7      6      9      8      8
      6      7      9      9      9
      6     10      7      7      9
      7      5      7      7      9
      6      8      6      8      6

      7      9      7      7      7
      9      9      7      7      7
      6      7      6      6      7
      7      8      7      7      6
      6      8      7      7      7

      8      6      5      5      5
      8      9      5      7      7
      6      6      6      6      7
      6      6      6      6      6
      5      6      7      7      5

      6      6      7      5      5
      8      6      7      6      6
      5      6      5      5      6
      6      8      4      4      6
      7      7      6      7      6

      5      7      6      4      4
      6      6      6      6      6
      7      6      4      4      6
      5      5      5      5      5
      4      4      6      4      4

      6      5      4      4      4
      4      4      4      7      7
      7      4      5      5      7
      5      4      3      3      5
      3      2      3      3      2

      4      3      5      5      5
      5      4      5      5      5
      5      5      2      2      5
      5      6      5      5      3
      4      5      4      6      4

      3      5      4      4      4
      4      4      4      4      4
      5      4      3      3      4
      4      3      2      2      5
      5      2      3      3      6

      4      3      1      3      3
      4      5      1      4      4
      3      2      3      3      4
      4      1      4      4      4
      0      2      3      3      4

      1      3      4      2      2
      2      1      4      5      5
      3      2      1      1      5
      2      0      1      1      2
      0      3      1      3      1

      1      2      3      2      2
      3      1      3      4      4
      0      2      2      2      4
      2      0      0      0      2
      1      1      1      2      2

      0      0      0      0      0
      0      1      0      1      1
     -1      1      0      0      1
      0      0      0      0      2
      0      2      0      2      0

      0      1      0      0      0
      1     -1      0      2      2
     -2      0     -1     -1      2
      0      0     -1     -1      0
     -1      0      1      2     -2

      0     -1      1     -1     -1
      1      0      1      0      0
     -2      0      0      0      0
      0      0     -1     -1      0
      0      0      1      0      0

      0      0      0     -1     -1
      1      0      0      1      1
      2     -2      0      0      1
      0      0      0      0      1
      0      1      1      2      0

      2     -1      1     -1     -1
      0      0      1      1      1
      0      0      1      1      1
      0      0     -1     -1      1
     -1      0     -1      1      1

      0      0      0     -1     -1
      0      1      0      2      2
     -2      0      1      1      2
     -1      0      0      0      2
      0      2      1      3      0

      0      0      0     -1     -1
      1      0      0      0      0
      0      1      0      0      0
      0      0     -2     -2      0
     -1      0      0      1     -1

      0     -1      0     -2     -2
      2      1      0      2      2
     -1      0      0      0      2
     -1     -1     -1     -1      0
      0      0      0      1      0

      0      0     -1      0      0
      1      1     -1      3      3
     -1      1     -1     -1      3
     -1      0     -3     -3      0
      0      0      0      0      0

      1      1      0     -1     -1
     -1      0      0      0      0
     -1      1     -2     -2      0
      0      2      1      1      1
      0      0      0      0      1

      0      0      0      1      1
      0      0      0      0      0
      1      0     -1     -1      0
      0      1      0      0     -1
      0      0      2      0      0

      1      0      0      1      1
      1      0      0      0      0
     -1      1      0      0      0
      1      1      0      0     -1
      0      1      1      1      0

      0      0      0      1      1
      0      0      0      0      0
      0      0      0      0      0
      1      0      1      1     -1
      0      0      2      0      0

      0      0      0      2      2
      0     -1      0     -1     -1
     -1      0     -1     -1     -1
      1      0      0      0      0
      0      0      0      0      0

      0     -1      1      0      0
      0      0      1      0      0
      0     -1     -1     -1      0
      0      0      1      1      0
      1      0      1      0      0

     -1      0      0      1      1
      0      0      0      0      0
     -1      1     -1     -1      0
      0      0      0      0      0
      0      0      0      0      0

      0      0      0      0      0
     -1      0      0     -1     -1
     -1      0     -2     -2     -1
      0      1      0      0      0
      1      0      0      0      0

      0      0      0      0      0
      0      0      0      0      0
      0      0      0      0      0
      0      0      1      1      0
      0      1      0     -1      0

      0      0      1      1      1
      0      0      1      0      0
      0     -1      0      0      0
      0      0      0      0      0
      0      0      1      1      0

      2      1      1      3      3
      1      0      1      1      1
      1      2      0      0      1
      1      1      1      1      0
      2      1      2      2      1

      2      2      2      3      3
      1      3      2      3      3
      1      2      1      1      3
      2      2      1      1      1
      4      2      3      2      1

      4      3      3      4      4
      2      2      3      3      3
      3      4      3      3      3
      4      3      3      3      3
      3      3      2      3      4

      1      2      3      4      4
      2      1      3      3      3
      2      2      1      1      3
      2      1      2      2      1
      2      2      1      3      2

      0      0      2      2      2
      1      1      2      0      0
      1      1      0      0      0
      0      2      1      1      1
      1      1      1      1      0

      1      1      2      2      2
      0      0      2      1      1
      0      1      0      0      1
      2      1      2      2      1
      2      2      1      2      1

      2      3      3      3      3
      1      2      3      2      2
      1      3      1      1      2
      1      3      3      3      3
      4      4      2      3      2

      5      4      5      6      6
      4      3      5      4      4
      4      5      2      2      4
      3      4      4      4      3
      3      4      3      3      5

      3      2      5      4      4
      3      3      5      3      3
      4      5      2      2      3
      3      3      3      3      4
      4      2      4      3      4

      3      2      3      3      3
      2      2      3      1      1
      3      2      2      2      1
      2      3      3      3      2
      3      3      3      2      1

      1      4      3      4      4
      3      2      3      2      2
      2      3      2      2      2
      3      3      3      3      2
      3      2      2      3      1

      3      4      4      3      3
      4      1      4      2      2
      4      4      3      3      2
      2      4      4      4      3
      4      3      4      3      2

      2      3      5      5      5
      3      4      5      3      3
      4      4      3      3      3
      4      4      4      4      4
      3      4      4      2      4

      3      4      4      4      4
      4      3      4      3      3
      4      4      3      3      3
      3      3      4      4      2
      5      3      4      3      4

      4      5      5      3      3
      4      3      5      3      3
      3      4      3      3      3
      3      5      3      3      3
      4      4      5      4      3

      4      3      4      4      4
      3      3      4      4      4
      3      3      3      3      4
      3      5      4      4      4
      4      3      4      2      2

      3      4      4      4      4
      4      3      4      4      4
      4      4      4      4      4
      2      4      4      4      3
      4      4      3      2      4

      5      4      3      4      4
      3      2      3      2      2
      5      4      3      3      2
      4      4      3      3      2
      4      5      4      4      5

      4      3      3      3      3
      4      3      3      4      4
      3      2      2      2      4
      2      4      1      1      4
      4      3      5      2      4

      4      3      4      2      2
      4      2      4      3      3
      3      5      3      3      3
      1      4      2      2      3
      4      4      4      4      2

      4      4      2      4      4
      3      2      2      4      4
      3      3      3      3      4
      3      3      2      2      2
      2      3      2      4      3

      3      3      5      3      3
      4      3      5      3      3
      4      3      1      1      3
      2      4      4      4      3
      2      3      4      3      3

      4      2      2      4      4
      3      2      2      4      4
      3      4      2      2      4
      3      3      4      4      3
      3      3      1      2      1

      3      2      4      3      3
      4      2      4      3      3
      4      1      1      1      3
      3      4      2      2      4
      2      1      4      3      2

      3      2      4      2      2
      4      2      4      4      4
      3      1      3      3      4
      3      2      3      3      3
      3      2      2      3      3

      2      2      4      3      3
      3      3      4      3      3
      2      4      2      2      3
      3      2      2      2      4
      3      1      2      1      3

      2      3      4      4      4
      4      3      4      3      3
      4      3      2      2      3
      3      4      1      1      3
      3      3      4      1      2

      2      4      4      3      3
      3      2      4      2      2
      3      4      2      2      2
      3      4      4      4      2
      3      3      2      3      3

      5      4      2      3      3
      2      2      2      4      4
      2      3      2      2      4
      1      0      2      2      5
      3      2      2      2      4

      3      3      5      2      2
      5      1      5      3      3
      3      3      3      3      3
      3      3      2      2      2
      3      1      2      3      3

      4      2      3      3      3
      2      1      3      3      3
      2      3      1      1      3
      2      2      2      2      1
      3      3      3      3      4

      5      2      2      2      2
      3      3      2      2      2
      0      3      2      2      2
      1      2      5      5      2
      3      2      1      2      3

      3      2      2      3      3
      2      1      2      1      1
      2      3      1      1      1
      0      2      1      1      1
      3      4      2      2      3

      1      2      2      3      3
      0      2      2      1      1
      3      2      2      2      1
      4      2      2      2      0
      2      2      2      0      2

      2      3      3      3      3
      0      2      3      0      0
      2      2      0      0      0
      2      3      3      3      1
      0      1      2      2      2

      1      3      2      2      2
      1      2      2      1      1
      3      3     -1     -1      1
      1      2      1      1      1
      4      3      0      2      1

      3      2      0      0      0
      1      0      0      2      2
      2      3      0      0      2
      1      3      1      1      2
      2      3      3      0      0

      2      2      1      3      3
      1      2      1      1      1
      0      1      2      2      1
      0      2      0      0      0
      0      3      2      0      1

      4      0      1      0      0
      3      1      1      1      1
      2      1      3      3      1
      0      1      1      1      1
      3      2      3      0      0

      2      1      0      4      4
      1      0      0      1      1
      0      1      1      1      1
      0      2      0      0      1
      1      1      1      0      1

      2      1      0      0      0
      0      1      0      0      0
      0      2      1      1      0
      0      3      3      3      0
     -1      0      0      1      0

      0      2      1      3      3
      2      0      1      3      3
      3      3      4      4      3
     -1      0      2      2      1
      0      2      2      0      0

      3     -1      0      1      1
      0      1      0      0      0
      0      0      1      1      0
     -1      0      1      1      0
      0      0      2      1      0

      0      0      1      0      0
      0      0      1      1      1
      1      0      1      1      1
      1      3      0      0      0
      2      2      0      0      1

      1      0      0      1      1
      1      0      0      0      0
     -1      2      0      0      0
     -4      3      2      2      1
      0      0      1      0      0

      0      0      0      1      1
      0      0      0      0      0
      1      3      1      1      0
      2      0      3      3      1
      1      0      0      0      2

      0      0      0      0      0
      0      0      0      1      1
      0      0      1      1      1
      0     -1      4      4      0
      0      0      2      0      0

      2      1      2     -2     -2
      1      0      2      0      0
      2      1     -1     -1      0
      2     -2     -1     -1      0
      2     -2      4     -1      0

      0      1      1      0      0
      0      0      1      1      1
      0      0     -1     -1      1
     -1      0      0      0      1
      0      0      0      0      1

      0      0      1      0      0
      0      0      1      0      0
      0     -1      1      1      0
      0      0     -2     -2      1
      1      0      0     -1      0

     -3      0     -1      1      1
      1     -2     -1      0      0
     -3      1      1      1      0
      0      0      0      0      1
      0      2      0      0      1

      0      0      1      2      2
      0     -1      1      0      0
      0     -1      1      1      0
     -2      1      2      2      1
      0      0     -3      0      0

      0     -1      0     -1     -1
     -1     -3      0      1      1
      3      0      0      0      1
     -2     -1     -2     -2      2
      0      0      0      0      1

      0     -1     -1      2      2
     -1     -1     -1      1      1
      0      0     -1     -1      1
     -2      1     -1     -1      1
      1      1      0      0      0

