;
; ENVI ASCII Output of file: E:\Imaging\ROI_AVIRIS\5_1_18.img [Fri Nov 17 11:58:05 2017]
; File Dimensions: 5 samples x 5 lines x 224 bands
; Line Format    : (5i7)
;
    537    537    554    538    523
    537    530    552    545    521
    501    501    525    547    556
    533    555    525    506    554
    537    547    528    539    554

    629    629    649    637    625
    638    655    647    635    644
    665    665    626    631    635
    640    634    633    653    627
    648    642    643    648    627

    685    685    693    686    693
    690    692    688    689    698
    682    682    694    686    684
    686    690    683    675    702
    685    679    682    687    702

    880    880    868    864    850
    872    873    853    860    868
    865    865    872    853    867
    878    883    862    863    859
    855    876    858    860    859

   1278   1278   1274   1264   1267
   1273   1274   1268   1265   1252
   1263   1263   1257   1251   1257
   1258   1277   1255   1252   1253
   1271   1268   1265   1262   1253

   1332   1332   1330   1327   1329
   1325   1328   1322   1313   1325
   1331   1331   1329   1330   1316
   1329   1327   1320   1302   1307
   1324   1330   1330   1317   1307

   1237   1237   1245   1240   1228
   1253   1243   1248   1238   1236
   1236   1236   1246   1233   1242
   1237   1250   1232   1229   1225
   1236   1248   1236   1238   1225

   1135   1135   1145   1141   1139
   1153   1145   1143   1142   1144
   1144   1144   1142   1156   1142
   1138   1144   1138   1134   1139
   1135   1144   1144   1138   1139

   1232   1232   1237   1226   1224
   1240   1240   1231   1228   1222
   1240   1240   1240   1226   1226
   1224   1233   1223   1217   1212
   1224   1234   1232   1233   1212

   1245   1245   1253   1251   1240
   1252   1257   1246   1250   1248
   1250   1250   1250   1253   1240
   1243   1252   1243   1240   1230
   1234   1246   1254   1250   1230

   1215   1215   1210   1203   1212
   1212   1209   1197   1204   1212
   1213   1213   1221   1202   1204
   1203   1206   1210   1202   1209
   1199   1207   1213   1206   1209

   1129   1129   1130   1130   1128
   1139   1130   1128   1128   1138
   1133   1133   1136   1137   1127
   1121   1134   1133   1125   1114
   1129   1123   1118   1122   1114

   1059   1059   1053   1061   1062
   1060   1056   1058   1065   1065
   1062   1062   1065   1065   1054
   1057   1067   1056   1055   1053
   1056   1052   1055   1056   1053

    951    951    957    961    956
    953    952    945    949    962
    960    960    955    954    947
    947    952    943    944    948
    941    953    949    948    948

    853    853    851    862    860
    867    864    855    862    867
    861    861    861    862    860
    857    856    853    852    857
    857    858    851    856    857

    751    751    755    759    756
    758    755    758    759    761
    763    763    764    754    753
    756    754    752    751    753
    754    753    751    753    753

    660    660    662    666    666
    665    670    661    671    668
    663    663    667    664    660
    661    663    664    660    658
    659    657    658    663    658

    626    626    628    631    630
    629    634    626    634    633
    631    631    632    631    625
    625    628    629    627    626
    624    627    623    629    626

    591    591    593    596    594
    593    598    591    595    597
    597    597    596    597    590
    588    591    592    593    594
    587    596    587    594    594

    548    548    551    556    555
    552    554    548    554    560
    552    552    560    550    543
    543    546    550    553    552
    548    546    545    547    552

    498    498    503    503    510
    502    507    502    503    507
    508    508    508    500    505
    497    503    502    506    501
    499    499    500    503    501

    460    460    457    459    465
    457    465    459    460    467
    464    464    463    460    460
    456    458    458    461    461
    460    455    457    456    461

    423    423    423    431    427
    428    425    427    430    432
    426    426    428    426    428
    425    427    425    429    423
    421    420    423    426    423

    377    377    374    377    381
    377    378    376    381    380
    382    382    379    379    378
    371    376    381    381    382
    373    376    376    375    382

    346    346    351    354    353
    348    352    345    351    357
    351    351    355    352    349
    353    351    346    348    349
    350    348    349    346    349

    332    332    333    336    341
    336    333    339    340    341
    336    336    337    335    340
    332    336    336    339    336
    333    335    336    339    336

    310    310    311    316    318
    314    313    313    314    317
    315    315    315    318    315
    310    311    313    310    313
    313    310    308    311    313

    288    288    287    290    295
    287    288    290    290    290
    285    285    290    289    287
    286    288    289    291    292
    286    281    286    283    292

    274    274    274    274    276
    278    274    275    280    282
    276    276    277    275    278
    274    274    275    275    280
    269    274    269    275    280

    249    249    256    256    255
    256    255    257    254    259
    251    251    253    257    255
    255    256    256    254    252
    252    253    251    252    252

    240    240    237    241    239
    240    240    244    242    246
    240    240    245    241    240
    236    243    236    238    241
    239    236    238    242    241

    233    233    235    232    235
    233    229    232    237    235
    235    235    234    236    236
    229    233    234    236    232
    233    232    233    229    232

    229    229    232    232    232
    232    232    231    235    234
    238    238    234    234    239
    231    233    231    235    229
    230    239    233    232    229

    233    233    236    232    236
    232    230    232    237    235
    235    235    235    237    235
    228    232    234    236    231
    234    233    234    228    231

    219    219    217    217    218
    211    216    218    217    218
    218    218    217    220    221
    215    221    217    217    210
    219    223    219    210    210

    191    191    192    193    193
    184    193    192    191    194
    196    196    194    196    200
    186    190    190    190    184
    192    196    192    188    184

    171    171    173    166    172
    162    167    169    167    166
    172    172    170    171    170
    161    166    169    170    161
    169    171    168    161    161

    162    162    166    162    163
    153    162    161    162    164
    164    164    162    167    166
    153    159    162    159    154
    161    170    163    153    154

    146    146    151    148    151
    141    149    146    145    150
    152    152    145    150    152
    141    149    149    145    138
    144    150    151    139    138

    114    114    117    111    113
    107    116    111    112    116
    116    116    117    117    115
    107    113    113    114    106
    115    118    115    107    106

    125    125    127    118    124
    114    123    121    121    124
    123    123    123    127    124
    113    119    122    121    115
    122    124    125    114    115

    132    132    136    129    135
    122    135    128    130    134
    136    136    133    138    132
    123    131    129    131    121
    131    137    137    120    121

    137    137    137    130    136
    124    138    131    128    137
    132    132    138    139    132
    126    130    135    130    122
    134    139    137    119    122

     82     82     84     78     81
     72     80     77     78     83
     83     83     83     82     84
     73     77     79     80     72
     81     84     82     72     72

    104    104    109    102    107
     96    106    101    101    107
    104    104    108    108    104
     94    100    101    103     91
    104    109    108     93     91

    108    108    114    106    114
     99    109    108    107    111
    110    110    114    114    110
    101    104    105    107     95
    110    114    115     98     95

    100    100    106     98    104
     89    100     96     95    100
    101    101    105    104    102
     91     98     98     99     86
    102    105    101     88     86

     94     94     99     90     97
     82     96     88     90     94
     95     95     95     98     92
     84     89     92     90     80
     92     96     96     79     80

     87     87     91     83     89
     74     87     82     81     85
     87     87     88     90     87
     77     81     84     82     72
     82     89     90     75     72

     68     68     72     68     71
     61     71     66     64     69
     71     71     70     72     66
     60     68     67     65     59
     67     75     72     58     59

     71     71     74     69     72
     59     71     66     68     71
     72     72     72     72     68
     62     68     67     67     59
     67     74     73     58     59

     72     72     78     70     75
     62     75     69     69     75
     73     73     74     79     71
     63     67     71     70     59
     72     77     76     59     59

     78     78     83     76     81
     65     79     74     74     77
     78     78     80     81     77
     67     74     77     73     64
     77     82     84     63     64

     71     71     77     72     75
     62     74     69     67     73
     73     73     76     76     69
     64     72     70     67     58
     73     76     78     59     58

     73     73     77     69     74
     57     74     68     67     71
     71     71     74     77     71
     62     69     69     67     56
     72     75     77     56     56

     66     66     72     66     71
     55     70     67     63     65
     65     65     69     70     64
     57     62     65     64     53
     67     73     73     54     53

     65     65     68     64     68
     52     65     61     59     65
     65     65     67     68     62
     54     58     61     60     49
     64     66     68     51     49

     49     49     55     47     52
     39     53     48     46     51
     50     50     52     54     48
     41     46     48     46     39
     49     51     54     39     39

     43     43     47     40     47
     34     45     41     39     42
     45     45     44     46     41
     35     38     41     40     33
     44     46     46     32     33

     41     41     40     38     40
     30     40     38     34     39
     40     40     42     39     35
     32     36     37     37     30
     41     44     43     31     30

     35     35     40     34     35
     28     38     36     31     35
     34     34     34     37     34
     29     34     34     32     26
     36     39     39     27     26

     24     24     27     23     22
     18     25     27     22     23
     23     23     25     25     21
     17     26     18     22     20
     24     27     27     20     20

     16     16     18     16     17
     13     18     17     15     16
     16     16     17     17     16
     12     16     14     15     13
     18     20     20     12     13

     19     19     18     19     19
     13     19     17     16     18
     18     18     18     19     17
     14     16     15     17     13
     17     20     19     13     13

     29     29     33     26     32
     22     29     29     26     27
     28     28     29     31     27
     22     27     27     28     21
     30     32     32     21     21

     31     31     37     31     35
     25     34     31     31     35
     33     33     33     36     32
     25     31     31     28     24
     34     36     36     24     24

     37     37     44     35     41
     30     41     36     34     38
     38     38     39     42     38
     29     35     35     35     27
     37     42     43     27     27

     40     40     44     38     43
     30     43     36     35     39
     40     40     42     42     37
     30     37     37     36     29
     39     43     45     28     29

     37     37     44     37     41
     29     38     36     34     39
     39     39     41     42     37
     29     36     35     36     27
     39     42     44     27     27

     39     39     43     36     44
     27     40     34     33     39
     37     37     41     43     37
     29     34     35     35     26
     38     42     44     26     26

     37     37     44     36     40
     28     39     34     33     38
     37     37     41     42     36
     28     34     36     33     26
     37     41     43     24     26

     35     35     39     33     37
     24     35     30     30     35
     35     35     37     37     31
     26     32     33     30     23
     34     38     40     23     23

     34     34     40     33     36
     25     37     31     30     35
     35     35     37     39     31
     24     31     31     30     22
     35     37     40     23     22

     32     32     37     30     34
     23     34     29     27     31
     32     32     35     35     30
     24     28     29     29     20
     32     35     37     21     20

     31     31     37     29     34
     20     34     30     27     32
     31     31     35     34     28
     22     27     29     28     21
     31     34     38     20     21

     27     27     34     26     30
     20     30     25     25     28
     28     28     30     30     28
     20     26     27     25     18
     27     31     34     18     18

     25     25     32     25     28
     19     28     23     23     26
     26     26     28     28     25
     18     24     24     23     16
     26     30     31     16     16

     23     23     29     24     25
     17     25     22     21     23
     23     23     26     26     22
     17     23     22     20     14
     24     28     29     14     14

     19     19     22     17     21
     13     20     18     16     19
     17     17     21     19     18
     12     16     17     17     11
     19     20     23     11     11

     11     11     13     11     13
      8     13     11      9     11
     10     10     12     11     11
      7     11     11     10      7
     13     15     14      7      7

      5      5      7      4      5
      3      6      5      4      5
      7      7      5      4      5
      3      5      4      4      3
      5      5      5      4      3

      4      4      5      4      4
      2      5      3      3      5
      3      3      3      5      4
      3      3      3      3      3
      4      5      6      2      3

      5      5      6      5      5
      3      8      6      4      4
      6      6      4      4      5
      4      5      4      5      3
      6      6      7      3      3

      5      5      6      4      5
      3      6      6      5      5
      6      6      5      5      4
      3      5      5      4      3
      6      6      8      3      3

      6      6     11      7      9
      5      8      7      7      7
      6      6      6      7      6
      5      7      7      8      5
      8      9      9      4      5

     12     12     15     12     13
      7     14     11      9     10
     12     12     12     14     10
      8     11     11     10      7
     12     14     16      7      7

     15     15     16     13     15
      9     16     13     12     15
     15     15     14     14     13
     10     13     13     12      8
     15     16     18      7      8

     13     13     15     12     14
      8     14     12     11     12
     13     13     14     14     12
      8     12     13     11      7
     14     16     16      6      7

     14     14     18     13     15
      9     16     12     10     12
     15     15     16     15     12
      9     12     12     11      7
     14     16     17      8      7

     12     12     15     10     12
      7     12     11      9     12
     13     13     13     12     10
      7     10     10     10      6
     12     13     15      6      6

     13     13     17     13     14
      9     15     13     11     13
     13     13     14     15     12
      8     11     11     12      7
     14     16     16      7      7

     13     13     16     13     17
      9     15     13     11     13
     15     15     14     15     14
      8     12     11     11      6
     13     14     16      7      6

     15     15     18     14     17
      9     18     13     12     15
     15     15     17     18     14
     10     13     14     12      8
     15     17     18      8      8

     15     15     18     14     16
      8     17     13     12     15
     15     15     14     17     13
      8     13     13     12      7
     17     17     18      8      7

     15     15     16     13     13
      8     16     13     11     13
     13     13     15     17     13
      8     12     13     12      6
     14     16     17      7      6

     13     13     15     11     13
      7     13     12     11     13
     14     14     12     14     11
      8     10     10     11      6
     13     16     17      6      6

     15     15     16     13     13
      8     16     13     11     13
     13     13     15     17     13
      8     12     13     12      6
     14     16     17      7      6

     13     13      9     16      8
     11     12      9     14      9
     13     13     12     10     12
     10     15     13     12     13
     12     14     13     11     13

     11     11     10     15     14
     12     13     13     11      9
     11     11     12     10     12
     13     12     13     12     14
     12     11      8     10     14

      9      9      8     14     12
      9      8      9      8     10
     14     14     10     10      9
     14     15     13      9     10
     12     15     12     10     10

     10     10     11      9     14
     12      9     12      8     11
      8      8     14     11      9
     11     10     14     14     12
     11     13     13      8     12

      9      9     10     11     11
      8     10      9     10     11
      9      9     11     11     11
      9      9      8      8      8
     10      8      7      5      8

      8      8      8      8      7
      8      7      9      6      8
      7      7      8     10      7
      9      7      8      8      7
      8      9      6      6      7

      7      7     12     13     19
     29     36     29     20     24
     12     12     18     13     11
      2     -2     -2      0     10
      6      9     17      8     10

      4      4      3      5      4
      2      5      3      4      7
      5      5      3      5      2
      4      6      3      5      6
      5      3      4      3      6

      2      2      2      4      3
      2      4      0      2      2
      2      2      2      1      4
      2      3      3      2      5
      4      2      4      1      5

      1      1      0      0      1
     -1      1      1      1      1
      0      0      1      0      2
      0      0      0      0      2
      1      0      0      0      2

      0      0      0      0      0
      0     -1      0      0      0
     -2     -2     -1      0      1
      1      0      1      0      1
     -1      0      0      0      1

      0      0      0      0      0
      0      1      0      2      0
      0      0      0      2      0
      1      0      0      0     -1
      3      0      0     -1     -1

      0      0      1      2      0
     -1      0      2      0      1
      0      0      1      0      3
      0      2      1      1     -1
      0      1     -1     -2     -1

      5      5      6      2      2
     -5      0     -1     -5     -2
      0      0      0      1      1
      4      1      5      0      1
     -1      1     -2     -6      1

      0      0      1      0      0
     -1      1      2      2      0
      3      3      3      0      2
     -1      1      1      0      1
      1      3      0      3      1

     -1     -1      0     -1      2
     -2      0      1      3      2
     -1     -1      1      0      0
      2      0      5      0      1
      0      1      0      0      1

      2      2     -1      0      5
     -1      3      0      0      2
      0      0      0      0      0
      2      0      0      1      0
      1      2      1     -4      0

      0      0      0      1      1
      2      1      3      0      3
      2      2      3      3      2
      0      2      3      0      0
      3      0      1     -2      0

      3      3      0      2      4
      0      0      1      1      3
      0      0      2      0      2
      2      0      4      0      2
      1      2      3      0      2

      2      2      3      1      3
      1      2      3      3      5
      0      0      5      4      2
      4      4      4      2      3
      0      3      1      2      3

      2      2      3      3      5
      3      2      4      2      3
      2      2      4      3      4
      4      6      3      2      1
      3      2      2      1      1

      1      1      2      1      2
      0      0      2      1      4
      3      3      3      2      2
      2      0      1      1      0
      2      1      2      0      0

      3      3      4      2      4
      1      4      2      3      3
      4      4      4      2      3
      2      5      4      2      1
      1      5      5      0      1

      5      5      6      7      6
      6      6      6      6      6
      5      5      7      6      7
      7      6      5      6      5
      6      6      6      5      5

      7      7      5      6      7
      6      8      9     10      9
      6      6      5      8      6
      8     10      7      7      7
      9      9      8      3      7

      9      9     10     11      9
      9     12      9     10     10
      6      6     10      8     10
      9     12      9      8     10
      8      8     10      9     10

     11     11     10      9     10
     10     14     12     12     11
     10     10     10     10     10
     11     11      9      9      9
      8      8     11      7      9

      8      8     12     11     10
      9     10     10      9     12
     10     10     12     10      9
     11     10     11      8     11
      9     11     11     10     11

      7      7     10     11     10
     11     13      8     10     13
     11     11      9     11      9
     10     10     11     11     13
     14      9     11     11     13

     11     11      9     10     12
     11     12     12     11     12
     11     11     11     10      9
     10     11     12      9     12
     11     11     10      9     12

      9      9     10      9     12
     10     12     10     10     11
      9      9      9     10     10
     10     11      7      8     11
     10     10      9     10     11

      9      9      8      8     12
     10     10      8      9      9
      8      8      8      9      9
      8     12     10      8     11
     11      9      8      7     11

      9      9      9      8      9
      9      8      7     11     10
      9      9      8      9      9
      8      8      9      8     11
      8      9      8      9     11

      8      8      7      9     11
      9      8      9      8      9
      8      8      9      9     11
      7      9     11      7      9
      9      9      9      8      9

      8      8      7      6     11
      9      9      7     10     10
      8      8     10      8      8
      8      8     10     10      8
      9     10      8      8      8

      6      6      8      9      8
      9      7      9      7      8
      6      6      7      8      8
      7     10      8      7     11
     10      8      9      7     11

      8      8      8     10      8
      8      9      6      8     10
      8      8      9      9     10
      8      8      9      8     10
      8     11      9      9     10

      9      9      7      9      8
      7     10      9     10      9
      7      7      8      9      8
     10      7      9      8     10
     11      8     10      7     10

      8      8      7      9      9
      9      7      8      9      8
      7      7      7     10      7
      8      8      8      6      8
      7     10      6      8      8

      6      6      7      6      8
      6      8      6      7      8
      7      7      8      7      6
      7      8      7      7      6
      9      9      6      4      6

      7      7      4      5      6
      8      6      7      7      7
      6      6      7      9      9
      8      9     10      5      8
      8      7      6      5      8

      6      6      6      6      6
      5      8      6      7      6
      7      7      6      6      8
      8      8      8      8      9
      7      7      8      6      9

      7      7      6      7      8
      6      6      7      7      6
      8      8      9      7      7
      7      7      7      6      5
      6      6      6      4      5

      6      6      6      8      7
      4      5      5      7      6
      5      5      7      5      7
      4      7      8      6      7
      6      7      7      6      7

      8      8      5      5      7
      6      8      7      5      8
      7      7      7      6      7
      6      7      6      7      5
      7      7      3      5      5

      6      6      6      3      8
      6      5      8      5      6
      5      5      7      6      7
      5      6      6      6      8
      5      6      7      4      8

      7      7      5      4      8
      5      7      5      4      5
      5      5      7      5      5
      5      6      6      4      5
      5      5      5      5      5

      6      6      4      4      7
      5      5      3      7      6
      6      6      7      5      6
      6      4      5      5      5
      6      4      4      3      5

      3      3      5      5      5
      8      6      6      9      8
      4      4      7      6      6
      5      5      4      4      8
      6      5      5      3      8

      4      4      5      5      5
      3      4      7      4      5
      3      3      5      5      4
      3      6      2      5      4
      7      4      6      1      4

      6      6      3      3      5
      4      4      4      3      6
      3      3      4      5      4
      1      4      5      4      4
      5      4      5      4      4

      3      3      1      4      4
      1      1      2      4      3
      2      2      3      3      3
      4      5      4      3      3
      3      4      2      2      3

      3      3      4      3      1
      2      3      3      4      4
      1      1      2      2      4
      2      1      2      2      2
      3      4      2      1      2

      1      1      2      1      2
      2      2      1      1      3
      1      1      0      1      1
      0      0      2      0      0
      3      2      0      1      0

      0      0     -1     -1      1
      0      2      2      1      1
      0      0      0      0      1
      0      1      1      0      1
      1      2      0      0      1

      0      0      0      0      0
     -1     -1      0     -1      0
     -2     -2      0      1      0
      2      0      1      1      0
      0      0      1      0      0

      0      0      1     -1      0
      0     -1      0      0      0
      0      0     -1      0      0
      0      0      0      0      0
      1      0      1     -1      0

      2      2      1      0      0
      0      0      1      0      0
      0      0      1      0     -1
      2     -1      0      0      0
     -1      0      0      0      0

      0      0      2      0      0
      0      0      0      0      0
      1      1      0      0      0
      0      0      0      1      0
      0      0      0     -1      0

      0      0      0      0      2
      0      1      2      0      0
      0      0     -1      0      2
      0      0     -1      0      0
      0      2      0      0      0

      0      0     -1     -1      2
      0     -1      0      0      0
     -1     -1      0      0      0
      0      1      0      0      0
      1     -1      0      0      0

      0      0     -1      0      0
     -1      1      1     -1      0
      0      0      1      0      0
      0     -2      2      0     -1
      1      2      0      0     -1

      1      1      0      0      0
     -3      0      1      0      1
      0      0      0      0      0
     -1      0      1      0      1
      0     -1      0     -2      1

     -1     -1     -1      0      0
      1     -1      1      0      0
      0      0      0      1      0
      0     -2     -1     -1      0
      0     -1      2      0      0

      0      0      0      0      0
      1      0      1      1      0
      3      3      0      0     -1
     -1      0      1      0      1
      0      0      0      0      1

      0      0      1      1     -1
     -1      0      1      0      0
      1      1      0     -1      0
      1      1      0      0      0
      1      0      2      0      0

      0      0      0      0     -1
      0      0      0      0      0
      2      2      0      0     -1
      0      0      0      0      1
      0      1      1      1      1

     -1     -1      1      0      0
      0      1      2      0      0
      0      0      0      0      1
      0     -1      0     -1      0
      0      0      1      0      0

      0      0      0      1      0
     -1      0      1      0     -1
      1      1      1      1     -1
     -1      0      0      0      1
      1      0      0      0      1

      0      0     -1      0      0
     -1     -1      0      0      0
      0      0      0      0      0
      0     -1      0      0      1
      1      0      1      0      1

      0      0      0      0     -1
      0      0      2      0      0
      1      1      1      0      0
      0      0      0      0      2
      1      0     -1      0      2

      0      0      0      0      0
     -1      0      2      0      0
      0      0      1      0     -1
      0      0      0      0      0
      0      1      1      0      0

      0      0     -1      0      1
      0      0      3      0     -1
      0      0      2      0      0
      0      1      0      0      0
      1      2      2     -1      0

      1      1      0      2      0
      0      1      2      0      0
      1      1      0      1      0
      1      1      1      0      3
      2      0      2      1      3

      3      3      1      4      1
      1      1      2      0      3
      2      2      1      1      1
      1      3      1      0      1
      2      3      4      2      1

      1      1      2      3      2
      3      3      4      3      0
      4      4      3      3      2
      4      3      4      3      4
      1      2      4      1      4

      1      1      1      2      1
      0      1      3      1      0
      1      1      2      2      1
      0      0      1      2      1
      2      4      2      0      1

      0      0      0      1     -1
      0      2      1      0      0
      1      1      0      1      0
      1      0      3      0      1
      0      0      0     -1      1

      1      1      1      0      2
      0      1      2      0      0
      0      0      1      2      0
      1      0      0      0      2
      2      1      1      1      2

      3      3      1      2      1
      2      2      3      2      3
      2      2      2      3      3
      3      3      2      2      3
      3      3      4      2      3

      3      3      4      2      3
      3      4      4      2      2
      4      4      3      4      3
      4      3      2      3      6
      4      4      4      3      6

      3      3      2      2      3
      2      4      4      3      2
      2      2      4      3      3
      2      3      3      3      4
      3      3      3      3      4

      1      1      3      3      2
      1      3      4      1      2
      2      2      2      1      2
      2      2      2      2      2
      3      2      3      2      2

      3      3      3      2      1
      2      3      4      3      3
      2      2      2      1      1
      1      2      2      3      2
      2      3      4      2      2

      3      3      3      3      3
      2      2      4      3      2
      2      2      4      3      2
      3      2      3      3      3
      3      2      4      3      3

      3      3      3      3      3
      1      3      3      2      3
      4      4      3      4      3
      4      2      3      3      5
      3      3      3      3      5

      3      3      3      3      3
      2      3      4      3      3
      3      3      4      4      2
      4      3      4      2      3
      4      3      4      3      3

      4      4      3      5      2
      1      3      4      3      3
      4      4      4      2      3
      3      2      4      1      3
      3      2      5      3      3

      3      3      3      3      4
      3      2      5      2      4
      2      2      3      2      3
      3      4      3      2      3
      4      3      3      3      3

      4      4      2      2      3
      3      5      5      3      4
      4      4      3      3      3
      3      3      3      1      4
      3      3      4      2      4

      3      3      4      4      0
      2      4      4      2      3
      2      2      3      4      2
      3      4      3      1      4
      3      5      4      3      4

      3      3      2      3      1
      1      3      5      3      3
      3      3      3      2      4
      3      3      3      2      4
      2      3      4      1      4

      2      2      1      4      3
      2      4      3      3      2
      1      1      3      2      3
      3      3      3      1      4
      3      3      3      2      4

      4      4      3      2      2
      2      3      4      2      3
      3      3      4      3      3
      4      3      3      2      5
      4      3      4      2      5

      1      1      4      3      2
      2      2      3      3      4
      1      1      2      3      2
      2      2      2      2      5
      3      5      4      3      5

      2      2      3      2      4
      3      1      4      3      2
      3      3      3      4      3
      4      2      3      3      3
      2      2      4      2      3

      0      0      1      2      1
      1      3      2      3      3
      3      3      2      2      2
      2      2      2      1      2
      4      3      3      4      2

      0      0      2      2      3
      0      4      4      2      3
      2      2      3      4      1
      4      3      3      4      3
      3      4      2      3      3

      4      4      3      2      3
      1      3      4      2      3
      5      5      4      3      1
      2      2      3      3      2
      3      2      3      2      2

      2      2      2      4      3
      3      3      4      4      3
      3      3      3      2      1
      2      0      2      2      4
      3      4      3      3      4

      2      2      1      3      1
      3      0      4      2      2
      3      3      1      1      1
      3      2      1      1      4
      4      3      4      3      4

      2      2      3      3      2
      0      2      3      2      2
      1      1      3      3      0
      4      3      3      0      4
      3      4      5      4      4

      1      1      1      2      3
      0      2      5      1      1
      2      2      3      2      3
      2      2      1      2      2
      2      3      4      1      2

      1      1      1      3      1
      0      2      4      3      2
      2      2      3      2      2
      1      4      0      0      1
      2      1      2      2      1

      1      1      3      2      1
      1      2      3      2      1
      3      3      0      0      1
      2      2      2      2      3
      2      2      3      2      3

      1      1      1      1      1
      1      1      5      2      0
      3      3      2      2      2
      1      3      2      1      3
      2      1      2      0      3

      1      1      0      0      1
      2      1      4      2      1
      2      2      1      0      2
      5      0      2      0      3
      2      1      3      1      3

      0      0      1      0      3
      1      2      3      1      0
      3      3      3      1      2
      0      1      0      0      2
      3      0      3      3      2

      1      1      1      0      1
      0      0      1      2      1
      1      1      0      2      3
      3      1      1      2      4
      2      2      3      2      4

      1      1      2      0      1
      0      2      3      2      0
      1      1      1      2      3
      2      1      0      2      3
      0      1      5      3      3

      2      2      1      0      0
      0      2      1      2      1
      0      0      1      1      1
      2      0      1      0      2
      3      1      1      2      2

      0      0      2      1      2
      0      1      1      0      3
      1      1      2      0      0
      2      0      0      0      2
      1     -1      2      0      2

      0      0      0      0      0
      0      2      2      2      3
      1      1      2      0      0
      1      0      0      0      2
      0      0      3      2      2

      2      2      2      0      0
      1      5      4      3      3
      0      0      3      3      0
      3      3      0      0      3
      1      1      1      0      3

      0      0      0      0      2
     -1      1      1      0      1
      1      1      1      1      0
      3     -2      1      0      1
      1      0      0      2      1

      0      0     -1      0      0
      0      0      0      0     -1
      1      1     -1      2      0
      2     -1      0     -1      3
      0      0      0      3      3

      1      1      0      0      0
      0      2      3      0      0
      0      0      0      4      0
      1      0      3      0      1
      2      2      3      1      1

      1      1     -1      2      1
      0      2      2     -1     -1
     -1     -1      0      3      0
     -4      2      2     -1      0
      2      2      2      0      0

      2      2      0      0      0
     -2      0      2      2      1
      3      3      3     -1      0
      2      0      0     -2      0
      0      1      1      1      0

      1      1      0      0     -1
      0      1      2      2      0
      0      0      2      2      3
      1      0     -1      0      2
      2      2      1      1      2

      0      0      1      0      0
     -1     -3      0      1      0
      0      0      2      0      2
      0      1      2      2      0
     -1     -2      2      2      0

      1      1      0      0     -1
     -1      2      0      2     -3
      2      2      0      0      0
      0      0     -3      1     -2
      0      0      1      1     -2

      3      3      0      3     -1
      0     -1      2     -2      0
      1      1      0      1     -2
      0      0     -1     -1      3
      0      0      2      0      3

      0      0      0      0      0
      0     -2     -1     -1     -1
      3      3      1      0      0
      0      0      0      0      1
      0      0      0      1      1

      0      0      1      0      2
     -1     -2      2      0      2
      0      0      1      2      0
     -1      0      0     -2      2
     -2      1     -1      0      2

      2      2      0     -1      0
     -1     -2      1      0     -1
      0      0     -1      0      0
      0      1      0     -2     -2
      0     -2      3     -1     -2

     -3     -3      0     -2      0
     -2      0      1      0      1
     -1     -1      2     -3      1
      0      0      1     -2     -2
     -2      0      0      0     -2

