;
; ENVI ASCII Output of file: E:\Imaging\ROI_AVIRIS\5_1_16.img [Fri Nov 17 11:57:49 2017]
; File Dimensions: 5 samples x 5 lines x 224 bands
; Line Format    : (5i7)
;
    511    501    537    503    519
    511    501    537    503    519
    497    519    529    524    528
    497    519    529    524    528
    526    483    528    513    500

    650    643    627    613    613
    650    643    627    613    613
    637    625    639    623    629
    637    625    639    623    629
    619    623    618    630    618

    690    671    686    669    676
    690    671    686    669    676
    683    691    706    691    680
    683    691    706    691    680
    694    687    678    687    673

    872    872    869    865    866
    872    872    869    865    866
    875    872    878    883    872
    875    872    878    883    872
    874    857    880    897    875

   1286   1272   1282   1285   1277
   1286   1272   1282   1285   1277
   1269   1289   1292   1298   1280
   1269   1289   1292   1298   1280
   1261   1279   1281   1300   1288

   1343   1351   1342   1347   1347
   1343   1351   1342   1347   1347
   1332   1340   1349   1337   1344
   1332   1340   1349   1337   1344
   1328   1326   1355   1362   1347

   1267   1254   1276   1265   1261
   1267   1254   1276   1265   1261
   1254   1264   1266   1277   1268
   1254   1264   1266   1277   1268
   1243   1246   1264   1277   1283

   1167   1166   1165   1163   1158
   1167   1166   1165   1163   1158
   1151   1173   1172   1172   1175
   1151   1173   1172   1172   1175
   1153   1142   1172   1181   1171

   1258   1264   1275   1267   1249
   1258   1264   1275   1267   1249
   1242   1251   1264   1269   1268
   1242   1251   1264   1269   1268
   1241   1244   1259   1278   1275

   1277   1284   1283   1289   1275
   1277   1284   1283   1289   1275
   1261   1280   1286   1284   1296
   1261   1280   1286   1284   1296
   1271   1263   1288   1301   1288

   1242   1234   1253   1241   1238
   1242   1234   1253   1241   1238
   1225   1245   1243   1245   1247
   1225   1245   1243   1245   1247
   1228   1230   1239   1258   1252

   1162   1158   1164   1167   1159
   1162   1158   1164   1167   1159
   1147   1153   1154   1169   1167
   1147   1153   1154   1169   1167
   1141   1154   1161   1177   1176

   1094   1084   1092   1087   1087
   1094   1084   1092   1087   1087
   1079   1090   1097   1100   1098
   1079   1090   1097   1100   1098
   1079   1083   1089   1104   1105

    978    983    983    978    984
    978    983    983    978    984
    974    974    982    984    987
    974    974    982    984    987
    968    963    979    993    994

    877    881    896    882    875
    877    881    896    882    875
    872    883    885    895    890
    872    883    885    895    890
    882    876    891    902    897

    775    777    778    785    780
    775    777    778    785    780
    772    784    781    791    793
    772    784    781    791    793
    781    774    785    794    785

    679    681    692    685    680
    679    681    692    685    680
    681    689    687    689    687
    681    689    687    689    687
    689    680    692    700    694

    646    647    656    651    645
    646    647    656    651    645
    646    653    650    654    652
    646    653    650    654    652
    652    649    656    664    656

    611    613    618    617    609
    611    613    618    617    609
    610    616    611    618    617
    610    616    611    618    617
    615    616    619    628    617

    568    569    572    571    562
    568    569    572    571    562
    565    568    575    579    576
    565    568    575    579    576
    570    565    575    579    581

    522    517    524    524    515
    522    517    524    524    515
    517    522    527    522    523
    517    522    527    522    523
    523    523    529    533    527

    476    478    480    474    467
    476    478    480    474    467
    477    477    479    483    484
    477    477    479    483    484
    481    481    483    487    482

    440    438    442    437    434
    440    438    442    437    434
    440    445    445    453    443
    440    445    445    453    443
    447    447    445    447    445

    388    388    391    387    382
    388    388    391    387    382
    390    390    391    396    392
    390    390    391    396    392
    392    397    397    398    389

    365    362    362    361    358
    365    362    362    361    358
    359    368    364    372    361
    359    368    364    372    361
    360    364    366    366    367

    353    349    346    349    343
    353    349    346    349    343
    347    348    352    352    348
    347    348    352    352    348
    357    350    351    354    350

    323    320    327    324    318
    323    320    327    324    318
    325    322    326    325    321
    325    322    326    325    321
    329    325    325    327    325

    297    296    300    293    294
    297    296    300    293    294
    300    296    301    300    299
    300    296    301    300    299
    304    298    303    302    298

    281    285    285    281    279
    281    285    285    281    279
    285    281    287    289    288
    285    281    287    289    288
    292    287    286    291    284

    261    258    261    262    255
    261    258    261    262    255
    265    262    263    267    263
    265    262    263    267    263
    265    266    268    267    264

    244    247    249    247    241
    244    247    249    247    241
    248    244    248    251    244
    248    244    248    251    244
    254    249    247    249    247

    239    239    239    240    232
    239    239    239    240    232
    246    237    243    245    241
    246    237    243    245    241
    249    245    240    242    244

    247    237    238    240    234
    247    237    238    240    234
    245    236    242    248    238
    245    236    242    248    238
    246    242    240    238    240

    237    239    240    240    233
    237    239    240    240    233
    247    239    243    245    241
    247    239    243    245    241
    249    244    239    243    245

    222    222    221    223    217
    222    222    221    223    217
    229    223    224    227    221
    229    223    224    227    221
    234    220    225    224    227

    193    194    195    194    192
    193    194    195    194    192
    207    197    200    201    195
    207    197    200    201    195
    202    196    195    198    202

    165    170    170    170    169
    165    170    170    170    169
    183    177    177    174    170
    183    177    177    174    170
    179    171    172    172    177

    162    162    164    164    165
    162    162    164    164    165
    175    174    170    169    162
    175    174    170    169    162
    171    166    165    166    171

    146    149    149    146    149
    146    149    149    146    149
    158    158    152    149    149
    158    158    152    149    149
    156    149    151    153    157

    110    114    117    115    116
    110    114    117    115    116
    125    123    120    116    113
    125    123    120    116    113
    119    114    114    117    119

    118    122    125    123    126
    118    122    125    123    126
    132    129    126    123    122
    132    129    126    123    122
    127    121    122    126    129

    125    132    135    134    133
    125    132    135    134    133
    149    144    138    135    134
    149    144    138    135    134
    138    130    133    139    142

    126    133    138    132    137
    126    133    138    132    137
    148    144    141    136    135
    148    144    141    136    135
    137    134    133    138    142

     74     79     82     80     79
     74     79     82     80     79
     86     88     82     80     81
     86     88     82     80     81
     81     81     78     83     84

     95    102    109    105    105
     95    102    109    105    105
    118    115    109    105    103
    118    115    109    105    103
    108    103    101    109    112

     98    111    111    109    115
     98    111    111    109    115
    123    121    115    109    111
    123    121    115    109    111
    113    110    107    116    118

     91    101    102    101    103
     91    101    102    101    103
    117    112    104    102    102
    117    112    104    102    102
    104    101     96    105    105

     83     91     94     92     98
     83     91     94     92     98
    106    104     97     94     94
    106    104     97     94     94
     93     94     87     96    100

     75     85     87     84     87
     75     85     87     84     87
     99     95     90     84     86
     99     95     90     84     86
     87     84     81     89     92

     59     68     69     66     70
     59     68     69     66     70
     78     76     72     68     68
     78     76     72     68     68
     68     66     63     71     73

     60     70     70     65     70
     60     70     70     65     70
     79     78     74     67     70
     79     78     74     67     70
     70     68     63     71     74

     62     69     75     70     74
     62     69     75     70     74
     83     80     77     70     74
     83     80     77     70     74
     72     72     68     75     75

     64     75     78     75     82
     64     75     78     75     82
     90     86     80     76     79
     90     86     80     76     79
     77     73     72     81     83

     60     72     74     73     76
     60     72     74     73     76
     86     83     76     69     73
     86     83     76     69     73
     73     70     67     76     78

     59     70     72     68     75
     59     70     72     68     75
     82     81     75     68     73
     82     81     75     68     73
     68     67     64     73     76

     53     64     68     62     70
     53     64     68     62     70
     79     76     69     67     66
     79     76     69     67     66
     68     64     61     68     69

     51     63     63     61     68
     51     63     63     61     68
     75     73     65     59     62
     75     73     65     59     62
     63     60     59     65     67

     39     47     50     46     51
     39     47     50     46     51
     58     56     53     48     48
     58     56     53     48     48
     49     47     43     51     52

     32     42     44     37     43
     32     42     44     37     43
     48     49     45     40     40
     48     49     45     40     40
     42     40     37     42     45

     30     35     40     36     38
     30     35     40     36     38
     44     45     40     34     39
     44     45     40     34     39
     37     36     33     40     40

     25     34     34     33     36
     25     34     34     33     36
     39     42     38     32     33
     39     42     38     32     33
     32     30     30     36     34

     16     23     25     19     20
     16     23     25     19     20
     24     27     20     20     22
     24     27     20     20     22
     23     16     18     26     20

     11     15     15     14     14
     11     15     15     14     14
     17     20     16     14     15
     17     20     16     14     15
     14     14     13     17     16

     13     17     18     15     18
     13     17     18     15     18
     20     21     19     16     17
     20     21     19     16     17
     17     16     14     19     16

     20     27     27     26     29
     20     27     27     26     29
     34     34     30     27     29
     34     34     30     27     29
     26     25     24     30     29

     23     32     32     29     35
     23     32     32     29     35
     39     38     34     30     32
     39     38     34     30     32
     32     28     27     35     33

     26     35     39     33     39
     26     35     39     33     39
     48     46     40     35     36
     48     46     40     35     36
     35     34     32     38     40

     28     39     41     36     43
     28     39     41     36     43
     46     48     41     35     38
     46     48     41     35     38
     37     36     32     41     42

     27     37     38     36     41
     27     37     38     36     41
     47     46     41     35     37
     47     46     41     35     37
     36     35     32     41     40

     25     35     39     35     41
     25     35     39     35     41
     45     46     41     35     36
     45     46     41     35     36
     36     34     31     40     41

     25     35     38     34     40
     25     35     38     34     40
     46     45     41     33     36
     46     45     41     33     36
     35     33     31     39     38

     22     33     35     30     37
     22     33     35     30     37
     43     43     36     31     33
     43     43     36     31     33
     32     30     28     37     35

     21     33     35     31     35
     21     33     35     31     35
     41     41     35     30     33
     41     41     35     30     33
     32     29     28     36     34

     19     30     32     28     33
     19     30     32     28     33
     39     40     34     28     31
     39     40     34     28     31
     29     27     25     33     34

     20     29     32     28     33
     20     29     32     28     33
     40     40     33     28     29
     40     40     33     28     29
     28     26     24     32     33

     18     26     29     26     30
     18     26     29     26     30
     34     35     30     25     27
     34     35     30     25     27
     24     23     21     29     29

     15     25     26     23     29
     15     25     26     23     29
     33     32     28     23     25
     33     32     28     23     25
     23     21     20     27     27

     13     23     23     21     27
     13     23     23     21     27
     31     30     26     21     23
     31     30     26     21     23
     21     19     19     25     25

     11     17     19     16     20
     11     17     19     16     20
     23     24     19     16     17
     23     24     19     16     17
     16     15     14     19     19

      6     11     11      9     11
      6     11     11      9     11
     14     14     12      9     11
     14     14     12      9     11
     10      8      9     11     10

      2      3      4      4      5
      2      3      4      4      5
      6      6      4      3      5
      6      6      4      3      5
      4      3      3      6      4

      2      2      3      2      3
      2      2      3      2      3
      5      6      3      3      4
      5      6      3      3      4
      2      3      2      3      4

      3      4      6      4      5
      3      4      6      4      5
      6      7      4      4      5
      6      7      4      4      5
      4      4      3      4      5

      3      3      5      4      4
      3      3      5      4      4
      5      7      6      4      5
      5      7      6      4      5
      4      3      3      3      5

      4      6      7      6      8
      4      6      7      6      8
      9      9      8      5      6
      9      9      8      5      6
      6      5      5      7      8

      6     10     12      9     12
      6     10     12      9     12
     15     16     13      9     12
     15     16     13      9     12
     10      9      8     12     12

      7     13     13     13     14
      7     13     13     13     14
     19     19     14     11     13
     19     19     14     11     13
     11     11      9     14     14

      6     11     12     12     13
      6     11     12     12     13
     16     18     13     10     12
     16     18     13     10     12
     10     10      8     14     13

      7     11     14     10     14
      7     11     14     10     14
     18     17     15     10     13
     18     17     15     10     13
     10     11     10     13     14

      6      9     11     10     12
      6      9     11     10     12
     14     14     12      8     12
     14     14     12      8     12
     10      9      9     13     12

      6     12     13     11     15
      6     12     13     11     15
     18     18     15     10     12
     18     18     15     10     12
     11     10     10     14     14

      6     11     14     11     16
      6     11     14     11     16
     17     18     15     11     13
     17     18     15     11     13
     12     10      8     14     15

      6     13     14     13     16
      6     13     14     13     16
     19     20     16     11     15
     19     20     16     11     15
     12     11     10     15     17

      6     13     15     13     16
      6     13     15     13     16
     18     18     15     12     14
     18     18     15     12     14
     12     11     10     15     15

      6     13     15     12     14
      6     13     15     12     14
     16     18     14     11     13
     16     18     14     11     13
     10     10      8     13     14

      5     11     11     10     14
      5     11     11     10     14
     17     17     14     10     12
     17     17     14     10     12
     10      9      8     13     13

      6     13     15     12     14
      6     13     15     12     14
     16     18     14     11     13
     16     18     14     11     13
     10     10      8     13     14

     12      8     12     10      8
     12      8     12     10      8
     12     10     11      6     13
     12     10     11      6     13
     13     12     14     13     14

     15      8     11     13     11
     15      8     11     13     11
     15     11     15      9     10
     15     11     15      9     10
     15     16     13     14     13

      9      8     11     10     15
      9      8     11     10     15
     11     10     15     14     12
     11     10     15     14     12
     13     13     13      9     10

      8     10      9     11     11
      8     10      9     11     11
     11     12     10     12     11
     11     12     10     12     11
     11     11     14     11      9

      7     10      9     13      8
      7     10      9     13      8
      9     10      7     11     12
      9     10      7     11     12
      6      9      9      9     11

      8      7      8      6      9
      8      7      8      6      9
      8      8      8      9      7
      8      8      8      9      7
      7      9      6      8      7

      9     13     12     15     11
      9     13     12     15     11
      6      1     12     16      2
      6      1     12     16      2
    -11     -7     -8    -10     -2

      2      3      6      6      2
      2      3      6      6      2
      3      2      2      4      5
      3      2      2      4      5
      6      4      4      3      2

      3      4      2      2      2
      3      4      2      2      2
      2      2      2      4      1
      2      2      2      4      1
      4      1      1      2      1

      0      0      0      1      2
      0      0      0      1      2
      1      0      2     -1      0
      1      0      2     -1      0
      0      2      0      2      0

      1      0      0      0      0
      1      0      0      0      0
      0     -1      1      0      0
      0     -1      1      0      0
      0      0      0      0      0

      2      0      0      1      0
      2      0      0      1      0
      0      1      0      0      2
      0      1      0      0      2
      0     -1      0      0      3

      0      0      0      0      0
      0      0      0      0      0
      0      0      0      0      0
      0      0      0      0      0
      0      0      0      0     -1

     -4      1     -2     -3      1
     -4      1     -2     -3      1
      7      4      2      4      5
      7      4      2      4      5
      5      4      0      2     -1

      0     -2      0      2     -2
      0     -2      0      2     -2
      0      1      2      0      2
      0      1      2      0      2
      1      0     -2      0      1

      0      0      0      0      1
      0      0      0      0      1
      1      0      1      2      1
      1      0      1      2      1
      0      0     -2      0      0

      0      0      2      2      0
      0      0      2      2      0
      0      1      0      1      0
      0      1      0      1      0
      1      1      1      0      0

      0      1      0      0      1
      0      1      0      0      1
      2      1      0      1      0
      2      1      0      1      0
      0      2      1      2      1

      0      0      0      2      0
      0      0      0      2      0
      2      1      1      0      1
      2      1      1      0      1
      2      0      1      2      0

      1      3      4      1      1
      1      3      4      1      1
      6      2      0      3      3
      6      2      0      3      3
      0      1      3      0      4

      2      3      4      1      3
      2      3      4      1      3
      4      0      2      2      6
      4      0      2      2      6
      2      3      3      2      2

      2      4      4      1      2
      2      4      4      1      2
      2      3      3      2      2
      2      3      3      2      2
      0      2      1      0      2

      3      3      4      5      3
      3      3      4      5      3
      4      0      2      2      4
      4      0      2      2      4
      3      1      2      3      3

      7     10      6      5      4
      7     10      6      5      4
      5      5      8      6      8
      5      5      8      6      8
      5      6      4      4      5

      9      8      8      8      6
      9      8      8      8      6
      9      8      9      9      8
      9      8      9      9      8
      7      7      7      9     10

     10     11     11     13      9
     10     11     11     13      9
     11     12      9      9      9
     11     12      9      9      9
     10     10      9      9     10

     10      9     10     10     11
     10      9     10     10     11
      9     10      9     11     11
      9     10      9     11     11
     10      8     10     10      9

     10      9     12     10      7
     10      9     12     10      7
     11     10     10     11     11
     11     10     10     11     11
     11     13     10     10     10

      9      8      9     10      9
      9      8      9     10      9
     13     11     11     16     14
     13     11     11     16     14
     14     13     10     14     15

     12     10     10     10      9
     12     10     10     10      9
     12     10     10     10      9
     12     10     10     10      9
     12     12     10     10     11

      9      9      9     10      9
      9      9      9     10      9
     12     10     11     10     12
     12     10     11     10     12
     11     10      9     10      9

      7      9      9      8      7
      7      9      9      8      7
      9      9     10      9      8
      9      9     10      9      8
      8      9      9      9      8

      9      7     10      9     11
      9      7     10      9     11
     10     10     12     11     12
     10     10     12     11     12
     10      9      8     11      8

      7      9     10      9      8
      7      9     10      9      8
     10     10      8     11     11
     10     10      8     11     11
     10     10      9     10     10

      8      9      9     11      8
      8      9      9     11      8
      8      7      9      9      9
      8      7      9      9      9
      8      8      8      9      8

      7      8      8      8      6
      7      8      8      8      6
      8      7      9      7     10
      8      7      9      7     10
      8      7      7      8      7

      8      8     10     11      7
      8      8     10     11      7
      8      9      7      7     11
      8      9      7      7     11
     10     10      9     10      9

      6      9      9      9      8
      6      9      9      9      8
      9      6     10     10     10
      9      6     10     10     10
      8      8      7      9      9

      6      7      7      7      8
      6      7      7      7      8
      9      8      8      7      9
      9      8      8      7      9
      8      8      8      8      8

      7      5      8      7      5
      7      5      8      7      5
      9      9      6      7      9
      9      9      6      7      9
      6      7      7      6      8

      7      7      8      8      6
      7      7      8      8      6
      8      7      8      7      9
      8      7      8      7      9
      7      8      7      9      6

      6      5      7      7      7
      6      5      7      7      7
      8      5      6      6      8
      8      5      6      6      8
      7      8      6      6      8

      6      5      6      7      5
      6      5      6      7      5
      6      7      7      8      6
      6      7      7      8      6
      7      8      7      9      7

      6      5      6      4      4
      6      5      6      4      4
      5      6      6      6      6
      5      6      6      6      6
      7      7      6      5      5

      7      5      8      5      4
      7      5      8      5      4
      6      3      7      6      6
      6      3      7      6      6
      5      7      5      7      6

      6      3      5      6      5
      6      3      5      6      5
      5      5      5      6      5
      5      5      5      6      5
      6      6      5      4      6

      6      4      6      4      6
      6      4      6      4      6
      7      4      7      6      4
      7      4      7      6      4
      7      5      4      5      5

      6      3      6      5      4
      6      3      6      5      4
      5      3      4      4      7
      5      3      4      4      7
      6      7      5      4      5

      3      2      4      2      2
      3      2      4      2      2
      3      5      4      5      5
      3      5      4      5      5
      5      3      5      4      5

      1      3      7      4      4
      1      3      7      4      4
      4      2      5      4      4
      4      2      5      4      4
      5      4      4      4      4

      3      4      4      3      3
      3      4      4      3      3
      5      4      2      4      6
      5      4      2      4      6
      4      4      4      4      3

      1      0      3      4      3
      1      0      3      4      3
      4      3      3      4      3
      4      3      3      4      3
      2      2      3      1      2

      0      2      2      2      2
      0      2      2      2      2
      4      2      2      3      3
      4      2      2      3      3
      2      1      2      0      4

      1      0      2      0      0
      1      0      2      0      0
      3      1      0      0      2
      3      1      0      0      2
      1      3      1      1      2

      1      1      2     -1      0
      1      1      2     -1      0
      0      0      0      0      0
      0      0      0      0      0
      1      0      0      0      0

      0      1      0      1      0
      0      1      0      1      0
      1      0      0     -1      0
      1      0      0     -1      0
      0      0      1     -1      0

      0     -2      0      0     -1
      0     -2      0      0     -1
      1      0      0     -1      0
      1      0      0     -1      0
     -1      0     -1     -1      1

     -1      0      1      1      0
     -1      0      1      1      0
      0     -1      0      0     -1
      0     -1      0      0     -1
      2     -1      0      0      0

      0     -1      0      1      0
      0     -1      0      1      0
      0      0      0      0      0
      0      0      0      0      0
      1      0     -1      0      0

     -1      0      1      0      0
     -1      0      1      0      0
      0      0      0      0     -2
      0      0      0      0     -2
      0      0      0     -2      0

      0      0      0      1      2
      0      0      0      1      2
      0     -1      1      1      0
      0     -1      1      1      0
      0      0      0      0      2

      0      0      0      1     -1
      0      0      0      1     -1
      0      0      0      0     -1
      0      0      0      0     -1
      3      0      0     -1      0

      0      0      0      0     -1
      0      0      0      0     -1
      0     -2      0      0      0
      0     -2      0      0      0
      0      1      0      0      0

      0      0      0      0      0
      0      0      0      0      0
     -1      1      0      0      0
     -1      1      0      0      0
      0      0     -1      0     -2

      0      0      0      0     -1
      0      0      0      0     -1
     -3      0     -1      0      1
     -3      0     -1      0      1
      0      0      0      1      0

      1      1      0      0      1
      1      1      0      0      1
      0      0     -1      0      0
      0      0     -1      0      0
     -1      1      0      1      0

     -2      0      0      1      0
     -2      0      0      1      0
     -2      0      0      0      0
     -2      0      0      0      0
      0      0      1      0      0

      1     -1      0      2      0
      1     -1      0      2      0
     -2      1      0      1      0
     -2      1      0      1      0
      0     -1      0      0      1

      0      0      0      0      0
      0      0      0      0      0
     -2      0     -2      0      0
     -2      0     -2      0      0
      0      0      0      0      0

      0      1     -1      0      0
      0      1     -1      0      0
     -1     -1      0      0      0
     -1     -1      0      0      0
      0      0      0      0      0

      0      0      0      0      0
      0      0      0      0      0
      0      0      0      0      1
      0      0      0      0      1
      1      0      0      0      0

      0      0      0      0      1
      0      0      0      0      1
      0      0      0      0      0
      0      0      0      0      0
      0      1      0      1      1

      0      0      0      2      2
      0      0      0      2      2
      0      0      0      0      0
      0      0      0      0      0
      0      0      0      0      0

      1      0      0      2      2
      1      0      0      2      2
      0      1      1      0      0
      0      1      1      0      0
      1      1      0      1      1

      2      2      3      2      4
      2      2      3      2      4
      2      2      1      0      2
      2      2      1      0      2
      1      2      3      4      2

      3      2      2      3      4
      3      2      2      3      4
      1      2      2      3      3
      1      2      2      3      3
      1      3      1      2      2

      0      1      2      2      2
      0      1      2      2      2
      0      2      0      1      1
      0      2      0      1      1
      2      2      2      2      1

      0      0      2      0      0
      0      0      2      0      0
      0      0      0      1      0
      0      0      0      1      0
      1      0      1      2      0

      0      1      1      0      1
      0      1      1      0      1
      0      1      1      0      1
      0      1      1      0      1
      1      2      1      2      1

      3      2      2      3      3
      3      2      2      3      3
      0      2      2      2      1
      0      2      2      2      1
      2      2      1      3      3

      3      3      3      2      1
      3      3      3      2      1
      3      4      3      3      3
      3      4      3      3      3
      4      4      3      4      4

      1      2      3      2      4
      1      2      3      2      4
      3      3      2      3      4
      3      3      2      3      4
      4      2      4      3      3

      1      1      3      1      3
      1      1      3      1      3
      1      1      1      1      1
      1      1      1      1      1
      2      3      2      3      2

      2      3      2      1      2
      2      3      2      1      2
      1      3      1      2      1
      1      3      1      2      1
      3      3      2      2      3

      2      2      4      3      4
      2      2      4      3      4
      2      3      1      3      4
      2      3      1      3      4
      2      4      3      3      3

      4      4      2      3      4
      4      4      2      3      4
      3      4      3      4      3
      3      4      3      4      3
      3      4      3      3      4

      3      2      3      4      4
      3      2      3      4      4
      2      4      2      4      3
      2      4      2      4      3
      4      4      3      3      3

      3      4      3      3      3
      3      4      3      3      3
      2      3      3      1      4
      2      3      3      1      4
      4      4      4      4      4

      3      2      2      3      2
      3      2      2      3      2
      2      2      2      3      3
      2      2      2      3      3
      4      4      2      2      4

      3      4      3      3      4
      3      4      3      3      4
      1      4      2      3      4
      1      4      2      3      4
      4      3      4      2      2

      3      4      4      4      2
      3      4      4      4      2
      3      3      2      3      2
      3      3      2      3      2
      3      4      2      3      4

      3      3      4      4      3
      3      3      4      4      3
      2      3      2      3      3
      2      3      2      3      3
      3      4      3      3      3

      3      2      1      3      1
      3      2      1      3      1
      0      4      2      2      3
      0      4      2      2      3
      3      2      1      3      2

      3      2      2      3      3
      3      2      2      3      3
      0      3      0      2      3
      0      3      0      2      3
      2      5      3      3      3

      2      3      2      3      2
      2      3      2      3      2
      1      3      2      2      1
      1      3      2      2      1
      4      4      4      1      3

      1      2      3      4      2
      1      2      3      4      2
      1      2      3      2      2
      1      2      3      2      2
      3      3      3      2      3

      3      2      1      2      1
      3      2      1      2      1
      0      2      2      2      2
      0      2      2      2      2
      3      4      3      3      3

      0      2      3      4      1
      0      2      3      4      1
      3      3      2      4      2
      3      3      2      4      2
      4      3      1      1      3

      3      1      1      3      2
      3      1      1      3      2
      1      2      3      2      4
      1      2      3      2      4
      4      3      1      3      2

      3      0      4      2      3
      3      0      4      2      3
      1      3      1      3      3
      1      3      1      3      3
      3      3      1      3      3

      2      2      3      3      1
      2      2      3      3      1
      0      3      2      3      3
      0      3      2      3      3
      3      3      4      3      4

      1      3      2      4      3
      1      3      2      4      3
      0      1      3      1      1
      0      1      3      1      1
      5      3      1      3      3

      1      2      1      3      3
      1      2      1      3      3
      1      1      1      3      3
      1      1      1      3      3
      2      3      1      2      1

      1      1      2      4      1
      1      1      2      4      1
      0      1      3      1      1
      0      1      3      1      1
      3      3      1      3      2

      1      2      1      3      3
      1      2      1      3      3
      1      3      1      2      2
      1      3      1      2      2
      1      3      2      3      2

      3      2      2      2      1
      3      2      2      2      1
      0      1      2      1      2
      0      1      2      1      2
      4      2      2      3      1

      0      0      1      4      0
      0      0      1      4      0
      1      2      1      3      0
      1      2      1      3      0
      3      3      3      2      2

      2      1      0      2      2
      2      1      0      2      2
      0      1      1      2      2
      0      1      1      2      2
      3      3      2      2      1

      3      2      2      1      0
      3      2      2      1      0
      0      0      2      1      1
      0      0      2      1      1
      4      3      3      3      2

      1      0      1      1      3
      1      0      1      1      3
      0      1      1      2      2
      0      1      1      2      2
      4      4      1      0      1

      0      2      1      0      1
      0      2      1      0      1
      0      0      0      1      2
      0      0      0      1      2
      0      2      2      0      2

      0      0      2      0      0
      0      0      2      0      0
      0      1      0     -1     -1
      0      1      0     -1     -1
      2      1      1      0      3

      2      1      0      2      2
      2      1      0      2      2
      0      0      1      1      2
      0      0      1      1      2
      1      2      2      1      0

      2      0      0      0      0
      2      0      0      0      0
     -2      0      0      1      0
     -2      0      0      1      0
      2      1      1      1      2

      0      0      2      1      0
      0      0      2      1      0
      0      2      1      0      1
      0      2      1      0      1
      0      1      1     -1      0

     -1      2      0      0      0
     -1      2      0      0      0
     -1      0     -1      0      2
     -1      0     -1      0      2
      0      0      0      0      1

      0      1      0      2      0
      0      1      0      2      0
      0      2      1     -1      0
      0      2      1     -1      0
      3      0      3      1      1

      0      0      0      0      1
      0      0      0      0      1
     -1      1      0      0      0
     -1      1      0      0      0
      2      0      1      1      0

      0      0      0      0      2
      0      0      0      0      2
     -1      0      0      0      0
     -1      0      0      0      0
      0      0      0      0      0

      4      0      0      0      2
      4      0      0      0      2
      0      4      1     -1      3
      0      4      1     -1      3
      2      2      0      2     -1

      0      2      0      0      0
      0      2      0      0      0
      0      2      0     -2      1
      0      2      0     -2      1
     -2      0      0     -2      0

      1     -1      0      0      0
      1     -1      0      0      0
     -3      0      1     -2      1
     -3      0      1     -2      1
      1      1      0      0      0

      0      1     -1      0      0
      0      1     -1      0      0
      0      0      0      0      0
      0      0      0      0      0
      0      0      0      0     -2

      0      0      0     -1      0
      0      0      0     -1      0
     -1      0      1      0      3
     -1      0      1      0      3
      0     -2      2      2      0

      0      1      2      0     -1
      0      1      2      0     -1
      0      1     -1      0     -2
      0      1     -1      0     -2
      1      0      1      2      2

      0      0      0      0      2
      0      0      0      0      2
      0     -1      2      0      0
      0     -1      2      0      0
      0      0      0      0     -1

     -1      0     -2      0      0
     -1      0     -2      0      0
     -2     -2      0      0     -2
     -2     -2      0      0     -2
      2      0      0      3     -1

