;
; ENVI ASCII Output of file: E:\Imaging\ROI_AVIRIS_TestSet\5_1_2.img [Wed Dec 06 10:38:33 2017]
; File Dimensions: 5 samples x 5 lines x 224 bands
; Line Format    : (5i7)
;
    533    532    544    525    525
    554    537    530    539    532
    554    537    531    512    533
    512    498    531    515    519
    516    516    521    542    521

    630    634    619    654    654
    631    632    634    656    614
    631    632    622    630    630
    618    616    622    613    630
    633    633    620    643    626

    681    684    675    685    685
    670    683    671    683    672
    670    683    683    672    680
    664    688    683    672    675
    668    668    671    679    689

    867    855    852    855    855
    853    845    855    851    852
    853    845    848    868    854
    851    864    848    851    851
    851    851    848    849    847

   1235   1251   1246   1256   1256
   1259   1251   1260   1259   1254
   1259   1251   1255   1240   1245
   1261   1254   1255   1262   1256
   1252   1252   1259   1272   1251

   1305   1310   1299   1299   1299
   1314   1313   1301   1311   1308
   1314   1313   1319   1316   1310
   1314   1308   1319   1316   1310
   1319   1319   1322   1324   1320

   1242   1237   1226   1228   1228
   1230   1238   1231   1224   1232
   1230   1238   1240   1228   1221
   1237   1243   1240   1242   1239
   1244   1244   1235   1240   1241

   1135   1150   1126   1129   1129
   1142   1136   1126   1141   1135
   1142   1136   1136   1135   1131
   1144   1142   1136   1141   1123
   1147   1147   1142   1154   1142

   1223   1235   1231   1229   1229
   1235   1232   1228   1228   1225
   1235   1232   1242   1225   1212
   1239   1232   1242   1234   1230
   1231   1231   1236   1248   1229

   1252   1241   1245   1232   1232
   1262   1246   1250   1248   1240
   1262   1246   1245   1244   1234
   1252   1260   1245   1250   1246
   1257   1257   1252   1247   1241

   1213   1212   1202   1203   1203
   1216   1218   1204   1213   1191
   1216   1218   1216   1198   1200
   1209   1221   1216   1215   1200
   1219   1219   1218   1215   1202

   1132   1129   1123   1119   1119
   1143   1137   1132   1128   1121
   1143   1137   1133   1118   1112
   1142   1138   1133   1140   1122
   1136   1136   1140   1130   1133

   1067   1067   1059   1053   1053
   1074   1064   1064   1057   1052
   1074   1064   1061   1057   1045
   1071   1068   1061   1069   1054
   1071   1071   1070   1063   1062

    962    956    954    942    942
    969    962    958    943    947
    969    962    952    948    942
    968    972    952    959    944
    972    972    964    967    949

    879    867    855    853    853
    877    872    866    858    848
    877    872    863    854    852
    874    872    863    868    854
    869    869    871    868    854

    773    759    756    754    754
    778    771    765    762    753
    778    771    760    752    748
    765    771    760    762    754
    776    776    765    768    754

    681    671    664    661    661
    686    683    670    663    659
    686    683    668    658    656
    681    680    668    670    658
    677    677    679    677    667

    645    637    632    626    626
    653    644    635    627    625
    653    644    638    622    620
    648    644    638    635    624
    642    642    641    637    632

    608    601    599    590    590
    619    605    598    589    590
    619    605    607    584    583
    614    607    607    599    589
    606    606    602    597    595

    570    564    553    549    549
    577    568    554    557    545
    577    568    558    551    545
    567    564    558    556    546
    568    568    563    552    548

    526    512    498    497    497
    524    516    512    503    499
    524    516    510    503    495
    517    519    510    507    502
    518    518    516    507    505

    476    473    463    457    457
    478    474    466    465    459
    478    474    464    456    451
    479    472    464    464    456
    478    478    472    461    456

    441    433    429    424    424
    442    437    431    424    426
    442    437    436    419    424
    447    440    436    431    424
    444    444    434    430    420

    393    388    380    379    379
    395    386    383    380    374
    395    386    381    379    371
    390    388    381    379    373
    391    391    383    378    377

    364    356    352    348    348
    369    364    358    351    349
    369    364    352    347    341
    362    361    352    356    346
    358    358    361    353    345

    354    342    339    338    338
    360    353    338    336    335
    360    353    337    338    329
    355    349    337    338    334
    353    353    344    341    334

    328    322    321    311    311
    336    324    320    316    312
    336    324    315    306    310
    330    323    315    314    308
    328    328    321    316    308

    302    297    291    286    286
    308    296    292    291    288
    308    296    293    289    283
    304    300    293    290    284
    302    302    298    291    286

    289    286    278    274    274
    292    288    279    278    279
    292    288    281    270    271
    290    287    281    279    275
    287    287    278    277    269

    268    260    256    258    258
    272    262    257    260    255
    272    262    260    252    247
    267    267    260    255    247
    263    263    259    258    254

    253    249    247    239    239
    257    251    243    240    239
    257    251    245    243    236
    251    248    245    240    237
    251    251    244    246    239

    247    243    237    235    235
    254    243    240    237    235
    254    243    240    235    229
    245    245    240    240    230
    249    249    239    237    230

    247    239    236    235    235
    253    237    235    236    229
    253    237    239    235    226
    249    242    239    235    233
    249    249    237    242    232

    247    242    237    235    235
    254    243    241    236    234
    254    243    240    234    230
    246    245    240    239    229
    249    249    239    237    231

    229    222    220    217    217
    239    226    224    220    217
    239    226    221    218    211
    235    229    221    221    219
    232    232    220    225    217

    203    194    191    192    192
    209    201    197    193    188
    209    201    200    191    190
    206    200    200    194    188
    206    206    200    199    194

    177    173    168    167    167
    183    179    174    170    166
    183    179    169    166    168
    183    178    169    169    168
    182    182    175    174    170

    171    162    161    163    163
    176    169    167    163    157
    176    169    165    162    162
    177    168    165    164    159
    174    174    165    169    163

    154    150    150    146    146
    160    156    154    148    145
    160    156    151    145    145
    160    158    151    148    148
    160    160    148    151    151

    119    115    115    114    114
    125    119    121    114    112
    125    119    115    111    115
    124    122    115    115    111
    122    122    118    116    116

    125    123    124    118    118
    132    128    128    120    118
    132    128    125    116    123
    135    129    125    121    121
    133    133    124    125    125

    142    132    134    132    132
    141    138    143    133    128
    141    138    137    127    132
    148    143    137    135    129
    143    143    136    139    132

    140    133    135    135    135
    143    141    140    130    130
    143    141    137    127    134
    149    144    137    133    131
    142    142    138    137    137

     85     79     81     79     79
     87     86     86     80     78
     87     86     80     77     81
     91     84     80     79     77
     87     87     82     81     82

    113    101    104    104    104
    112    110    111    102     99
    112    110    105     98    104
    116    113    105    104    102
    110    110    106    108    108

    116    107    111    108    108
    118    117    118    106    105
    118    117    112    105    109
    125    118    112    108    106
    119    119    112    113    114

    105    100    102    101    101
    106    107    108     97     96
    106    107    102     96    103
    114    109    102    100     97
    109    109    102    105    103

     97     93     93     90     90
    101    100     99     89     86
    101    100     94     86     95
    106    100     94     92     89
    102    102     95     96     96

     90     84     86     83     83
     91     91     93     81     80
     91     91     87     80     85
     97     91     87     84     83
     92     92     85     90     89

     69     66     69     69     69
     71     73     72     66     64
     71     73     69     64     70
     78     73     69     67     63
     73     73     68     71     71

     70     66     68     66     66
     71     73     75     65     65
     71     73     72     62     70
     80     76     72     67     67
     73     73     69     71     71

     74     69     72     71     71
     74     77     78     68     68
     74     77     74     66     73
     82     78     74     70     70
     77     77     72     73     77

     80     75     76     74     74
     81     80     83     72     71
     81     80     78     71     80
     89     82     78     74     72
     83     83     77     81     83

     74     69     72     71     71
     77     77     77     70     66
     77     77     75     66     74
     83     77     75     69     68
     78     78     73     76     75

     72     68     70     68     68
     76     77     79     66     66
     76     77     72     65     72
     84     76     72     69     67
     76     76     70     74     76

     68     64     67     64     64
     69     72     73     61     59
     69     72     68     59     68
     78     72     68     64     62
     71     71     65     70     70

     66     60     63     62     62
     65     68     72     60     56
     65     68     66     57     65
     75     67     66     60     59
     69     69     63     66     68

     50     47     49     49     49
     51     52     55     47     45
     51     52     49     45     50
     61     53     49     48     46
     52     52     50     53     53

     43     40     42     41     41
     44     44     47     39     38
     44     44     44     37     45
     52     45     44     39     39
     45     45     41     43     45

     38     36     37     36     36
     39     41     43     34     35
     39     41     39     33     38
     45     41     39     35     35
     41     41     37     41     42

     35     32     33     33     33
     35     35     38     31     31
     35     35     36     29     35
     38     35     36     31     30
     37     37     33     36     36

     21     21     24     20     20
     20     22     26     22     21
     20     22     24     22     22
     25     22     24     19     17
     23     23     21     26     25

     14     15     16     13     13
     14     16     18     14     14
     14     16     17     13     18
     17     16     17     15     14
     17     17     13     16     18

     16     16     16     16     16
     17     16     18     14     16
     17     16     16     14     16
     19     18     16     16     16
     17     17     16     19     19

     29     26     26     27     27
     28     31     33     25     25
     28     31     29     24     31
     35     28     29     27     25
     29     29     25     30     31

     32     30     32     30     30
     33     35     34     28     30
     33     35     34     27     33
     39     35     34     29     28
     34     34     33     35     36

     38     35     36     34     34
     38     42     42     34     35
     38     42     40     32     41
     46     40     40     37     32
     40     40     35     40     43

     41     37     39     37     37
     40     43     45     35     36
     40     43     43     34     42
     50     43     43     38     35
     42     42     41     42     44

     40     36     37     35     35
     39     42     44     33     34
     39     42     40     32     41
     49     41     40     37     36
     42     42     37     42     44

     38     34     38     35     35
     39     42     43     34     33
     39     42     40     32     40
     48     41     40     36     33
     40     40     39     41     43

     37     34     37     35     35
     38     40     44     34     33
     38     40     40     31     41
     46     41     40     34     33
     39     39     36     39     41

     33     32     32     33     33
     34     38     38     30     30
     34     38     36     28     37
     45     37     36     32     32
     35     35     33     36     38

     34     30     33     31     31
     33     35     39     29     30
     33     35     35     26     38
     42     35     35     32     31
     36     36     34     38     40

     30     30     31     29     29
     32     35     37     29     28
     32     35     33     26     33
     42     34     33     30     29
     34     34     31     35     35

     30     29     30     29     29
     31     34     37     28     27
     31     34     33     25     34
     40     33     33     29     28
     33     33     29     35     35

     28     25     27     27     27
     28     31     34     24     24
     28     31     30     22     30
     36     30     30     25     24
     30     30     27     29     32

     25     23     25     25     25
     25     28     31     21     22
     25     28     27     20     28
     34     28     27     23     23
     27     27     25     27     30

     23     20     23     22     22
     23     26     29     19     20
     23     26     24     19     27
     31     26     24     22     22
     24     24     23     25     29

     18     16     18     17     17
     17     20     21     15     15
     17     20     20     14     20
     24     19     20     16     16
     18     18     17     18     22

     11      9     11      9      9
     10     11     14      9     10
     10     11     11      9     12
     14     11     11     10      9
     12     12     10     12     13

      4      3      4      3      3
      4      4      5      3      3
      4      4      5      3      5
      5      4      5      3      3
      5      5      5      6      7

      3      3      4      2      2
      3      3      4      4      4
      3      3      4      2      4
      4      4      4      3      2
      3      3      4      4      5

      3      5      5      3      3
      4      5      6      4      4
      4      5      4      4      6
      6      6      4      3      3
      4      4      5      5      7

      5      5      6      4      4
      4      6      6      4      4
      4      6      4      4      6
      6      4      4      4      4
      5      5      4      6      6

      6      5      7      6      6
      6      8     11      7      6
      6      8      7      6      7
     10      7      7      6      5
      7      7      7      7      8

     11     10     11     11     11
     11     13     14      9     10
     11     13     13      9     14
     17     13     13     10     10
     12     12     12     13     15

     13     12     14     12     12
     13     15     16     11     11
     13     15     15     11     15
     19     13     15     13     11
     14     14     13     16     18

     12     11     13     11     11
     12     13     15     11     11
     12     13     13      9     14
     18     13     13     11     10
     14     14     13     14     16

     12     12     14     12     12
     13     15     16     11     12
     13     15     15      9     16
     17     14     15     14     11
     14     14     14     14     16

     12     10     12     10     10
     11     13     15     10      9
     11     13     12      8     13
     15     13     12     11     10
     12     12     11     13     13

     13     11     13     11     11
     13     15     16     10     11
     13     15     15      9     13
     18     14     15     12     12
     14     14     13     15     16

     14     11     13     12     12
     12     16     16     10     11
     12     16     14      9     16
     18     14     14     12     11
     14     14     12     17     17

     15     12     15     13     13
     13     17     18     12     12
     13     17     15     11     17
     20     16     15     14     12
     15     15     13     17     19

     14     12     14     13     13
     13     16     18     12     12
     13     16     16     11     16
     19     15     16     13     13
     14     14     13     16     17

     12     11     13     13     13
     13     16     18     11     11
     13     16     15      9     14
     19     14     15     12     10
     14     14     13     16     17

     11     10     11     10     10
     11     14     15     10     10
     11     14     14      9     14
     17     13     14     11     12
     12     12     13     14     15

     12     11     13     13     13
     13     16     18     11     11
     13     16     15      9     14
     19     14     15     12     10
     14     14     13     16     17

     11     13     19     13     13
     16     16     12     13     11
     16     16     13     10     13
     16     15     13      7     13
     13     13     13     12     12

     15     11     10     14     14
     11     11     13      9     14
     11     11     12     11     17
     15     16     12      9      9
     14     14     15     12     12

     13     14     14     10     10
     14     14     13     11     10
     14     14     10     10     12
     16     13     10     11     12
     16     16     16     10     14

     13     15     14     11     11
     14     14     12     12     14
     14     14      9     12     11
     13     13      9      9     13
     15     15     12      7     12

     12     12     11     10     10
      9     13     11      8     12
      9     13      9      8     12
     11      9      9      8      9
     14     14      9     13     12

      9      9      7      8      8
      9      9      8     10      8
      9      9      8      7     10
     10      9      8      5      7
      7      7      7      9      8

     40     37     27     41     41
     43     44     41     43     42
     43     44     72     72     53
     60     70     72     15     18
     27     27      5      4      2

      8      4      2      4      4
      3      7      4      5      3
      3      7      5      4      6
      6      3      5      4      4
      4      4      4      3      4

      5      4      2      1      1
      3      3      4      2      2
      3      3      2      3      1
      3      2      2      3      2
      3      3      2      2      4

      1      1      1      0      0
     -1      3      0      2      2
     -1      3      0      1      0
      1      0      0      1     -1
      0      0      0      0      0

      1      0      0      0      0
      0      1      0      0      1
      0      1      1      0      0
      1      0      1     -1     -2
     -1     -1      0      0      1

      1      0     -1      0      0
     -1     -2      0     -3      0
     -1     -2     -2     -1     -1
      0     -1     -2      0      1
      0      0      1      1      0

      0      0      0      1      1
     -1      1      0      0     -1
     -1      1      1      0      0
      0      0      1      0      1
      0      0      0      0      1

      6      3      8      0      0
     -2     -1     -1      2     -2
     -2     -1     -7     -4      0
      1      0     -7     -1      0
     -3     -3      0     -2     -1

      0     -1      0      2      2
      0      0      1      1      2
      0      0     -1      0      0
      1      2     -1     -2      0
      0      0     -1      0      0

      1     -1      0      0      0
      0      0     -2      0      2
      0      0      0      0      2
      0      0      0      1      0
     -2     -2      2      0      4

      2     -1      1      0      0
     -2      0     -2      3      0
     -2      0     -2      0      1
      0      0     -2      2      0
      3      3      0      0      0

      2      1     -1     -1     -1
      0      1      1      0      0
      0      1      0      0      4
      0      0      0      0      1
      0      0      0      0      0

      4      1      1      0      0
      0      3      0      2      1
      0      3      0     -2      1
      0      0      0      1      1
      1      1      1      1      4

      2      1      2      1      1
      2      4      2      5      3
      2      4      1      3      2
      3      3      1      1      1
      5      5      1      0      3

      3      5      4      2      2
      2      3      2      2      7
      2      3      0      5      2
      4      5      0      1      4
      3      3      3      0      3

      3      2      3      5      5
      1      2      2      1      4
      1      2      0      2      3
      2      1      0      1      0
      2      2      2      1      3

      3      4      5      3      3
      2      3      2      7      3
      2      3      3      2      4
      3      3      3      1      4
      3      3      4      1      0

      7      6      7      5      5
      6      8      3      7      8
      6      8      4      5      9
      6      8      4      4      5
      8      8      5      4     10

     14     10      9     10     10
      7     10      9      9      9
      7     10      6      9      9
     10     12      6      7      8
      9      9     10      9      9

     13     11     10      9      9
     12     12      9      9     11
     12     12      8      9     12
     11     13      8     10     10
     13     13     11      9     12

     14     11     11     12     12
     11     12     11     11     12
     11     12      9     10     11
     13     11      9     11      9
     12     12     10      8     12

     14     11     13     10     10
     12     13     12     11     14
     12     13      9     11     13
     13     14      9     10     11
     12     12     12     10     13

     12     15     16     10     10
     13     17     12     12     12
     13     17     14     12     10
     11     14     14     11     10
     14     14     12     12     17

     16     10     14     12     12
     14     13     14     15     13
     14     13     13     11     14
     14     14     13     11      9
     15     15     11     11     13

     14     12     12     12     12
     13     13     10     12     11
     13     13      7     11     11
     15     12      7     11      9
     14     14     13     12     12

     13     11     11     10     10
      9     10     13     13      9
      9     10      9     10     10
     13      9      9      9      8
     12     12     12      9     11

     12     11     11     10     10
     11     12     10     11     12
     11     12      9      9     10
     12     13      9      9     10
     11     11      9     11     13

     13     13     13     11     11
     11     10     12     11      8
     11     10      9     10     10
     14     11      9      9      7
     11     11      9     10     11

     12     10      9      9      9
     10      9      9      9     10
     10      9      8     11     10
     11     12      8      9      8
      9      9     10      8      9

     11      9      9      8      8
     11     11     10      9      9
     11     11      8     11     10
     11      9      8      9      7
     11     11      7      8     11

     12     11      9      9      9
     11     11     10      8     11
     11     11      9      9     10
     13     12      9      8      8
      9      9      9      9     11

     12     11     11      9      9
     11     10      9     10     10
     11     10      9      8      9
     11      9      9      7     10
     11     11      8      9     11

     10      9      9      8      8
     11     11      8      8      8
     11     11      7      7      9
     10      9      7      9     10
     10     10      9      8      9

     10      9      7      8      8
     10     10      8      9     10
     10     10      9      8      8
     10     10      9      8      9
     12     12     10      8      8

     10     10      8      8      8
      9     10     10      8      8
      9     10      6      9      8
      8      8      6      9      8
     10     10      6      7      9

     11     10      7      9      9
     11     11      8     10     11
     11     11      7      9      8
     11      8      7      8      8
     10     10      9      6      8

     12      8      8      7      7
      8      7      8      8      8
      8      7      6      7      7
      9      8      6      6      9
      9      9      7      8      8

     11      8      9      6      6
     10      6      8      7      9
     10      6      6      7      7
      9     10      6      5      7
      9      9      7      6     10

      9      8      7      6      6
      7      7      7      7      8
      7      7      6      6      7
     10      8      6      5      4
      8      8     10      8      8

      7      7      8      5      5
      8      8      6      9      7
      8      8      5      6      9
      9      7      5      5      7
      7      7      7      6      8

      7      5      5      4      4
      8      8      5      5      7
      8      8      6      4      8
      9      6      6      5      5
      7      7      6      4      8

      7      5      6      4      4
      6      8      6      5      7
      6      8      6      6      6
      8      7      6      5      4
      5      5      6      5      7

     10      6      6      7      7
      6      6      6      6      5
      6      6      4      4      4
      7      7      4      6      4
      7      7      6      6      5

      4      5      6      5      5
      5      5      4      6      6
      5      5      3      4      5
      5      6      3      5      5
      4      4      4      5      5

      6      4      4      5      5
      4      4      5      3      4
      4      4      1      4      6
      4      3      1      2      4
      5      5      5      4      6

      4      2      4      2      2
      2      4      1      3      4
      2      4      3      3      2
      3      5      3      3      3
      4      4      3      3      4

      3      2      3      3      3
      2      3      2      1      4
      2      3      1      2      5
      2      3      1      2      2
      3      3      3      2      3

      3      1      1      0      0
      0      2      2      0      2
      0      2      1      1      1
      0      2      1      0      0
      3      3      0      2      3

      1      2      1     -1     -1
      0      0      1      0      4
      0      0      0      0      2
      0      1      0      0      0
      1      1      2      1      1

      1      0      0      0      0
     -1      0      0      0      1
     -1      0      0     -1      0
      0      0      0      0     -1
      0      0      0      0      1

      1      0     -1     -1     -1
     -1      0      0      0      1
     -1      0      0      0      1
     -1      0      0      0      0
      0      0      0      0      0

      2      0      2      0      0
      0      0      0      1      0
      0      0      0      0      1
      1      0      0      0      0
      0      0      0     -1      1

      0      0      1      0      0
     -1      0      0      1      0
     -1      0      0     -1      0
      0      0      0     -1     -2
      0      0      0      0      1

      0      0      0      0      0
      0      1      0      0      1
      0      1     -1      0      1
      0      0     -1      0      0
      0      0      0      0     -1

      1      0      0     -1     -1
      0      0      0      0     -1
      0      0     -3      1      1
      0      0     -3      0      0
      0      0      0     -1      0

      1      2      0      1      1
      3     -2      0      0      0
      3     -2      0      0      2
      0     -2      0     -1      0
      1      1      2      0      0

      0      0      0     -1     -1
      0      2     -2      0      0
      0      2      0      0      0
      1      0      0      0      0
      0      0      0      0      1

      0     -1      0      0      0
      0      0      0      0      0
      0      0      0      0     -1
     -2      0      0      0     -1
      0      0      0      0      0

      0      0     -2     -1     -1
      1      0      0      0      0
      1      0      0      0     -1
      0      1      0     -1      0
      2      2      0      0      0

      1      0      0      0      0
      1      1      0      0      0
      1      1      0     -1      0
      0     -1      0      1      0
      0      0      1      1      1

      0      0      0     -1     -1
      0      1      0      0      0
      0      1     -2     -1      0
      0     -1     -2      0      0
      2      2      1      0      0

      1      0      0      0      0
      1      0      0      0      0
      1      0     -2      0     -1
      0      0     -2      0      1
      0      0      0      1      0

      1      0     -1      1      1
      2     -1      0      0      0
      2     -1     -1      0     -1
      0     -1     -1      1      0
      0      0     -2      0      0

      0     -1      0      0      0
      0      1      0      0      0
      0      1      0      1     -1
     -1      0      0      0      0
      0      0     -1      0      0

      0     -1      0      0      0
      1      1      0      0      0
      1      1     -1      0     -1
      0      0     -1      1      0
      0      0      1      0      0

      1      0      0      0      0
      0     -1      0      0      0
      0     -1      0      0      0
     -1      0      0      0      1
      2      2      0      0      1

      1     -1      0      0      0
      0      1      0      0      0
      0      1      0      0      0
      0      1      0      0      1
      0      0      1      1      0

      2      1      2      1      1
      2      2      0      1      3
      2      2      0      0     -1
      0      0      0      1      0
      2      2      2      1      0

      4      2      3      3      3
      2      4      2      3      3
      2      4      0      1      1
      2      1      0      3      3
      2      2      1      2      2

      6      3      3      4      4
      3      5      2      2      4
      3      5      3      4      3
      2      3      3      2      3
      4      4      3      1      2

      3      1      2      2      2
      2      4      1      1      1
      2      4      3      1      1
      0      2      3      1      3
      2      2      2      2      0

      2      1      2      0      0
      1      1      1      1      0
      1      1      0      0      0
      2      0      0      2      1
      2      2      1      1      1

      1      0      2      1      1
      2      1      1      2      0
      2      1      0      0      0
      1      0      0      2      1
      0      0      0      2      0

      4      2      3      3      3
      3      3      2      2      3
      3      3      2      2      3
      3      4      2      2      4
      2      2      3      3      2

      4      3      4      4      4
      5      3      4      5      5
      5      3      4      3      4
      4      4      4      3      4
      3      3      5      4      4

      4      2      2      2      2
      4      4      2      1      2
      4      4      1      3      1
      3      3      1      5      3
      4      4      3      3      4

      4      1      2      3      3
      3      4      2      3      3
      3      4      1      2      2
      3      1      1      2      2
      3      3      3      2      2

      4      1      2      3      3
      2      4      2      3      3
      2      4      2      2      1
      2      2      2      1      2
      4      4      2      3      3

      4      3      5      4      4
      4      5      2      4      3
      4      5      2      5      3
      2      2      2      3      3
      5      5      3      3      4

      4      3      3      4      4
      4      6      3      4      4
      4      6      3      4      3
      4      2      3      3      4
      4      4      4      4      3

      4      2      4      4      4
      4      4      3      4      4
      4      4      3      4      3
      5      2      3      3      2
      4      4      5      4      4

      4      3      4      3      3
      4      4      3      4      3
      4      4      2      4      3
      3      3      2      4      5
      4      4      5      4      4

      5      2      3      3      3
      5      4      3      3      4
      5      4      3      3      3
      5      4      3      5      4
      4      4      4      4      2

      4      3      2      4      4
      4      5      4      3      4
      4      5      3      4      2
      3      4      3      5      3
      3      3      3      4      2

      5      3      4      6      6
      3      6      4      4      3
      3      6      3      2      3
      4      3      3      5      3
      3      3      4      4      3

      4      1      3      3      3
      4      5      3      3      3
      4      5      3      3      4
      4      3      3      3      3
      3      3      3      6      3

      5      3      2      4      4
      4      5      3      3      3
      4      5      3      3      5
      2      5      3      4      2
      3      3      4      3      4

      5      3      2      3      3
      2      4      2      5      3
      2      4      2      1      3
      1      2      2      4      2
      4      4      3      1      2

      5      2      1      1      1
      5      4      3      4      3
      5      4      2      4      1
      2      3      2      4      3
      3      3      3      4      4

      4      2      2      3      3
      4      4      2      3      3
      4      4      3      2      1
      3      3      3      4      3
      5      5      2      2      4

      3      3      2      3      3
      3      4      3      4      4
      3      4      2      4      2
      2      2      2      4      2
      3      3      4      4      4

      2      2      4      2      2
      3      4      3      2      3
      3      4      2      3      3
      3      2      2      4      3
      4      4      4      2      3

      5      2      4      3      3
      4      5      4      3      3
      4      5      4      2      2
      3      3      4      4      2
      2      2      3      2      2

      3      3      4      3      3
      4      3      4      4      3
      4      3      2      2      1
      3      2      2      5      2
      2      2      3      4      4

      5      3      2      2      2
      3      2      2      2      3
      3      2      0      3      2
      2      3      0      4      3
      3      3      2      4      3

      5      3      4      2      2
      4      4      3      4      3
      4      4      2      2      2
      1      3      2      2      2
      6      6      2      2      3

      1      1      2      0      0
      5      4      3      2      3
      5      4      1      2      1
      0      2      1      3      2
      4      4      2      4      2

      4      1      3      2      2
      4      4      1      3      2
      4      4      2      2      3
      1      3      2      2      1
      5      5      2      4      3

      2      2      1      0      0
      3      4      1      2      2
      3      4      1      1      2
      0      1      1      4      2
      4      4      3      2      1

      3      1      4      2      2
      2      3      3      3      2
      2      3      0      1      1
      3      1      0      2      1
      3      3      2      1      3

      2      1      1      1      1
      3      2      3      3      2
      3      2      3      3      1
      2      1      3      2      2
      2      2      2      1      0

      3      1      2      2      2
      3      4      2      4      2
      3      4      2      4      0
      1      0      2      5      2
      1      1      1      2      2

      3      2      2      1      1
      3      2      2      1      2
      3      2      0      0      1
      0      2      0      3      1
      3      3      2      0      3

      3      0      1      1      1
      2      2      0      2      1
      2      2      1      1      1
      2      2      1      2      2
      2      2      2      1      1

      2      1      1      2      2
      1      3      1      2      2
      1      3      1      0      2
      1      2      1      1      2
      1      1      0      1      1

      4      3      2      2      2
      1      4      1      3      0
      1      4      0      1     -1
      1      1      0      1      1
      1      1      0      0      0

      2      2      1      1      1
      3      4      0      3      0
      3      4      0      2     -1
      2      2      0      1      2
      0      0      2      2      1

      1      1      1      0      0
      0      2      2      2      0
      0      2      1      2      1
      0      0      1      0      3
      0      0      2      0      0

      0      0      0      0      0
      0      3     -2      0      1
      0      3      0      0      0
      0      0      0      1      1
      1      1      2      0      0

      1     -1      0     -1     -1
      3      3      1      2      0
      3      3      0      1      0
      1      0      0      1      0
      0      0      2      0      1

      2      2      0      0      0
      0      2      1      2      1
      0      2      0      0      1
      2      1      0      0      0
      3      3      0      0      2

      0      0      0      0      0
      0      3      2      0      0
      0      3      0      1     -1
     -1      0      0      2      2
      1      1      0      0      0

      1      0      0     -1     -1
      0      1     -1      0     -3
      0      1      1      0      0
      0     -1      1      2      0
      1      1      0      0      0

      3      0      1      0      0
      1      2      1      0      0
      1      2      1      2      1
      0      0      1      2     -1
      1      1      2     -1      2

      1     -2      0      0      0
      0      0      0      0      4
      0      0      0      4     -3
      1      0      0     -2      0
      0      0      2      1      3

      1      0     -1     -1     -1
      1      0      1      2      0
      1      0     -2      0     -1
     -1      1     -2      3     -2
     -1     -1     -1      0      3

      2      2      3      1      1
      2      3     -1      0      0
      2      3      0     -1      1
      0      3      0      0      1
     -1     -1      0      0      0

      1      0      0     -1     -1
      1      0      0      3     -2
      1      0      0      2      0
      0      0      0      0     -1
      0      0      0      1      0

      2      0      2     -2     -2
      0      4      0      0      1
      0      4     -2      2      0
      2     -1     -2     -2      0
      0      0      1      0     -2

     -1     -1      0      0      0
      0      0      0     -1      1
      0      0     -2     -2      1
     -2      0     -2      0      0
     -1     -1      0     -1      0

      1      0      0      0      0
     -1     -1      2      1     -2
     -1     -1     -1     -3      0
     -3     -1     -1      0     -1
      1      1      0     -2     -1

