;
; ENVI ASCII Output of file: E:\Imaging\ROI_AVIRIS\5_1_12.img [Fri Nov 17 11:57:19 2017]
; File Dimensions: 5 samples x 5 lines x 224 bands
; Line Format    : (5i7)
;
    495    529    528    499    518
    495    531    504    537    530
    531    531    504    537    511
    512    521    519    516    511
    520    524    526    530    523

    632    613    614    614    610
    632    620    617    637    620
    618    620    617    637    639
    631    621    626    616    639
    613    633    621    619    615

    658    649    666    662    680
    658    646    673    648    644
    662    646    673    648    655
    662    665    645    662    655
    642    659    670    657    661

    823    832    831    822    834
    823    833    839    835    829
    824    833    839    835    831
    829    828    831    831    831
    816    827    824    832    836

   1221   1215   1209   1216   1221
   1221   1230   1225   1217   1227
   1213   1230   1225   1217   1223
   1223   1212   1220   1235   1223
   1216   1220   1220   1208   1229

   1288   1266   1283   1265   1279
   1288   1286   1283   1280   1271
   1280   1286   1283   1280   1277
   1282   1281   1278   1275   1277
   1272   1289   1278   1281   1293

   1215   1203   1210   1201   1197
   1215   1213   1209   1211   1210
   1219   1213   1209   1211   1214
   1209   1208   1198   1211   1214
   1212   1216   1206   1207   1215

   1126   1118   1105   1109   1114
   1126   1110   1121   1117   1109
   1126   1110   1121   1117   1113
   1126   1118   1109   1116   1113
   1118   1123   1111   1116   1125

   1215   1208   1199   1215   1203
   1215   1219   1214   1205   1214
   1212   1219   1214   1205   1214
   1210   1207   1200   1203   1214
   1210   1206   1194   1208   1214

   1238   1228   1225   1222   1217
   1238   1241   1230   1224   1232
   1234   1241   1230   1224   1233
   1234   1232   1225   1228   1233
   1239   1228   1224   1234   1231

   1195   1196   1182   1189   1178
   1195   1204   1191   1193   1193
   1199   1204   1191   1193   1197
   1186   1185   1191   1192   1197
   1195   1188   1184   1198   1205

   1117   1121   1119   1107   1103
   1117   1124   1120   1130   1126
   1120   1124   1120   1130   1121
   1121   1114   1119   1123   1121
   1120   1118   1113   1120   1125

   1059   1047   1046   1047   1049
   1059   1056   1056   1057   1056
   1062   1056   1056   1057   1062
   1050   1050   1050   1060   1062
   1056   1053   1053   1057   1057

    958    946    942    939    942
    958    960    956    953    950
    951    960    956    953    958
    957    947    952    954    958
    957    953    955    960    954

    864    861    854    856    853
    864    871    871    862    859
    871    871    871    862    879
    864    865    863    869    879
    863    872    860    873    868

    771    767    759    763    756
    771    776    769    767    768
    770    776    769    767    768
    770    770    768    773    768
    771    771    772    773    778

    682    676    670    671    672
    682    687    682    672    680
    682    687    682    672    684
    682    678    675    676    684
    686    682    680    681    688

    649    642    636    638    641
    649    655    647    640    646
    648    655    647    640    651
    647    643    642    641    651
    649    646    645    644    649

    615    608    602    603    609
    615    622    612    607    611
    613    622    612    607    618
    611    607    609    605    618
    612    610    610    606    610

    569    569    563    565    561
    569    569    568    564    571
    579    569    568    564    572
    576    564    569    565    572
    574    573    564    569    566

    525    519    510    516    518
    525    523    521    519    519
    525    523    521    519    520
    522    520    521    516    520
    525    520    519    520    518

    482    473    469    477    475
    482    479    476    478    482
    484    479    476    478    479
    479    477    479    475    479
    483    477    477    475    479

    446    443    440    439    445
    446    446    443    443    442
    450    446    443    443    445
    443    443    437    438    445
    441    445    444    443    444

    394    393    395    389    391
    394    392    392    397    395
    392    392    392    397    395
    389    387    390    394    395
    394    393    393    391    397

    369    365    363    364    366
    369    368    369    368    369
    368    368    369    368    365
    364    366    366    364    365
    365    368    368    365    368

    358    349    352    351    352
    358    353    354    356    356
    357    353    354    356    355
    351    353    352    356    355
    352    352    355    355    359

    329    329    328    331    324
    329    330    331    330    333
    330    330    331    330    330
    330    325    324    332    330
    331    329    327    333    330

    306    298    302    303    303
    306    300    305    306    305
    305    300    305    306    308
    304    303    308    304    308
    306    306    303    306    307

    291    287    292    289    289
    291    291    293    288    296
    294    291    293    288    293
    292    292    290    292    293
    290    294    289    294    297

    269    267    267    265    269
    269    264    273    273    272
    273    264    273    273    274
    269    270    270    269    274
    269    270    271    271    271

    256    253    249    252    253
    256    253    258    254    251
    257    253    258    254    257
    255    256    254    255    257
    251    255    256    260    261

    246    249    246    245    246
    246    250    251    250    252
    250    250    251    250    253
    251    252    255    253    253
    252    253    254    256    250

    245    246    243    245    248
    245    249    250    249    253
    249    249    250    249    253
    247    249    251    251    253
    248    249    248    253    250

    245    250    246    244    246
    245    250    251    251    251
    248    250    251    251    252
    252    252    255    253    252
    252    253    253    255    250

    226    225    232    228    232
    226    237    235    235    233
    229    237    235    235    236
    236    238    239    235    236
    235    235    238    237    233

    197    203    203    199    202
    197    206    211    208    203
    203    206    211    208    206
    205    211    209    210    206
    206    209    205    209    208

    177    177    180    176    177
    177    180    186    185    179
    173    180    186    185    181
    180    184    184    187    181
    182    184    181    183    184

    166    173    174    165    169
    166    175    176    177    171
    170    175    176    177    174
    175    179    181    177    174
    177    179    173    176    176

    154    157    160    149    156
    154    160    162    163    155
    153    160    162    163    158
    162    163    160    163    158
    161    164    159    159    161

    119    123    124    112    120
    119    127    126    127    119
    117    127    126    127    122
    125    128    126    127    122
    124    124    122    124    121

    124    132    132    120    128
    124    132    133    134    126
    124    132    133    134    129
    135    135    132    136    129
    134    135    131    131    134

    137    144    146    130    142
    137    144    147    149    138
    136    144    147    149    144
    147    148    145    147    144
    147    149    140    141    143

    139    144    148    129    142
    139    147    146    150    138
    136    147    146    150    138
    151    151    148    151    138
    149    147    140    144    143

     82     88     89     77     86
     82     88     88     91     84
     79     88     88     91     83
     87     90     87     90     83
     87     91     85     86     84

    110    115    112     99    111
    110    115    113    115    110
    101    115    113    115    110
    117    114    111    114    110
    115    114    110    107    110

    112    119    120    103    117
    112    122    122    122    110
    107    122    122    122    115
    122    123    120    122    115
    121    123    111    116    115

    105    113    110     93    108
    105    110    109    113    101
     96    110    109    113    103
    111    112    111    110    103
    110    112    104    105    107

     94    103    102     85    101
     94    100    102    105     96
     90    100    102    105     96
    105    104    102    103     96
    101    104     94     96     99

     86     95     93     76     94
     86     92     93     96     87
     81     92     93     96     89
     93     97     92     95     89
     92     95     85     87     89

     68     74     74     62     74
     68     73     74     77     69
     64     73     74     77     70
     76     74     73     76     70
     75     73     69     69     72

     68     75     77     62     77
     68     75     74     78     68
     64     75     74     78     71
     77     77     76     77     71
     74     74     68     72     74

     73     80     81     65     78
     73     76     79     82     74
     68     76     79     82     73
     80     79     78     81     73
     78     79     71     72     75

     76     84     84     69     85
     76     83     85     88     79
     71     83     85     88     77
     84     84     82     86     77
     83     86     75     79     83

     71     79     78     63     81
     71     76     77     81     76
     65     76     77     81     74
     79     79     76     79     74
     78     78     69     73     76

     69     77     79     63     76
     69     75     75     81     73
     64     75     75     81     71
     76     77     75     78     71
     76     75     68     71     74

     65     72     75     57     75
     65     70     71     76     67
     60     70     71     76     66
     74     74     72     75     66
     70     73     65     67     72

     61     68     70     56     72
     61     67     68     74     64
     55     67     68     74     64
     70     71     68     71     64
     68     68     62     63     66

     47     54     57     42     54
     47     51     53     59     51
     42     51     53     59     50
     53     53     52     54     50
     53     54     47     51     52

     38     45     50     34     49
     38     44     46     50     42
     34     44     46     50     42
     47     45     46     49     42
     44     45     42     43     45

     39     44     44     33     44
     39     40     41     44     40
     32     40     41     44     40
     43     44     40     45     40
     42     38     38     39     40

     30     38     40     28     37
     30     33     36     42     35
     28     33     36     42     36
     38     38     34     41     36
     37     37     32     36     38

     21     27     27     19     25
     21     22     25     29     26
     18     22     25     29     25
     29     24     24     27     25
     27     23     21     25     25

     14     17     19     13     18
     14     16     17     20     16
     12     16     17     20     16
     19     16     17     17     16
     17     16     14     17     17

     15     20     20     13     20
     15     18     19     23     17
     13     18     19     23     18
     19     18     18     22     18
     18     18     17     16     18

     25     32     33     23     34
     25     30     31     37     30
     22     30     31     37     30
     33     32     30     33     30
     30     32     27     28     31

     29     36     37     26     36
     29     35     36     39     34
     25     35     36     39     34
     38     37     37     40     34
     36     35     31     33     35

     34     41     45     31     44
     34     39     43     47     39
     30     39     43     47     39
     42     43     41     46     39
     38     42     36     38     40

     37     44     47     32     45
     37     41     45     49     40
     31     41     45     49     42
     46     45     44     48     42
     42     45     38     39     43

     35     42     46     30     44
     35     39     43     50     39
     30     39     43     50     40
     44     45     42     48     40
     41     44     37     39     41

     35     43     47     29     44
     35     41     43     50     39
     29     41     43     50     39
     44     44     42     48     39
     40     43     36     38     40

     33     42     45     28     42
     33     39     42     48     37
     29     39     42     48     38
     42     43     41     46     38
     40     42     35     38     39

     30     38     41     25     39
     30     35     38     47     35
     25     35     38     47     36
     40     40     38     42     36
     36     38     34     33     37

     29     39     40     25     39
     29     36     37     45     33
     25     36     37     45     36
     41     40     38     42     36
     36     38     33     34     38

     28     35     40     23     37
     28     33     36     42     32
     23     33     36     42     33
     37     37     35     39     33
     33     36     30     33     34

     28     35     38     23     35
     28     33     34     42     31
     23     33     34     42     33
     37     36     34     37     33
     33     36     29     31     34

     25     31     34     21     33
     25     29     31     36     29
     21     29     31     36     30
     33     32     30     35     30
     31     32     26     28     30

     22     29     31     19     31
     22     27     29     34     26
     19     27     29     34     27
     31     30     29     33     27
     29     30     25     26     28

     20     27     28     17     28
     20     25     27     32     24
     16     25     27     32     24
     29     28     27     31     24
     27     27     23     23     26

     16     20     22     12     21
     16     20     21     25     18
     13     20     21     25     18
     22     21     20     24     18
     20     21     18     18     19

      9     12     14      7     12
      9     12     12     14      9
      8     12     12     14     11
     13     13     13     15     11
     12     13     10     11     12

      3      3      5      3      5
      3      5      5      4      5
      2      5      5      4      4
      6      4      5      6      4
      5      5      4      4      6

      2      3      3      2      5
      2      5      4      5      3
      3      5      4      5      3
      5      4      3      5      3
      4      4      3      3      4

      4      6      7      4      6
      4      5      6      7      4
      3      5      6      7      6
      6      6      4      7      6
      5      6      4      5      6

      4      5      6      3      6
      4      4      4      6      6
      3      4      4      6      5
      7      4      6      5      5
      5      5      4      5      6

      7      9      9      5      8
      7      7      7      9      7
      4      7      7      9      7
      7      8      8     10      7
      7      9      7      8      7

     10     14     14      8     14
     10     12     14     16     11
      7     12     14     16     13
     14     13     13     15     13
     13     13     11     12     14

     11     16     17      9     16
     11     14     16     20     14
      8     14     16     20     14
     16     17     15     17     14
     16     16     12     13     16

     10     14     16      8     15
     10     13     14     16     12
      7     13     14     16     13
     15     15     15     17     13
     14     15     11     13     13

     11     15     17      8     15
     11     12     14     18     13
      9     12     14     18     14
     17     15     15     18     14
     15     16     12     13     14

      9     13     14      7     14
      9     12     13     17     11
      8     12     13     17     12
     15     14     12     16     12
     13     16     10     11     13

     10     16     17      7     15
     10     14     15     19     13
      7     14     15     19     13
     17     17     15     18     13
     15     14     12     13     15

     10     15     17      8     15
     10     16     14     19     13
      8     16     14     19     14
     16     16     15     18     14
     15     17     12     14     14

     11     17     17      8     18
     11     15     17     20     15
      8     15     17     20     15
     19     19     15     20     15
     17     17     12     14     16

     12     16     19      8     18
     12     16     16     19     14
      8     16     16     19     15
     19     18     16     20     15
     16     18     13     14     14

     11     17     18      7     15
     11     14     14     19     13
      7     14     14     19     14
     18     15     15     17     14
     15     16     12     13     14

     10     15     17      6     14
     10     13     14     17     12
      7     13     14     17     12
     15     14     14     17     12
     13     15     10     12     12

     11     17     18      7     15
     11     14     14     19     13
      7     14     14     19     14
     18     15     15     18     14
     15     16     12     13     14

     12     12     10      7     12
     12     12     12     11      9
      8     12     12     11      9
     12     18     15     15      9
     19     18     15     14     12

     12     15     13     11     15
     12     12     13     13     13
      9     12     13     13     13
     17     18     11     15     13
     15     15     15     11     12

     13     15     15     11     15
     13     14     13     13     11
     11     14     13     13     14
     13     10     12     14     14
     11     16     10     14     11

     15     13     11      9     13
     15     14     13     11      7
      9     14     13     11     13
     13     14     14     12     13
     16     15     10     19     17

     11     12     12     10     15
     11     13     10      9      8
      5     13     10      9     13
     10     12     10     11     13
     15     13     10     10     10

     10      9      8      7      7
     10      9      8     10      6
      4      9      8     10      8
      8      5      7     10      8
      9     11      7      9     11

    -13    -13     10     -2      9
    -13      0      9      0      4
      6      0      9      0     19
     14      0     15     18     19
     16     22     22     18      6

      5      4      3      2      3
      5      5      2      3      4
      2      5      2      3      4
      5      7      5      5      4
      4      6      3      4      6

      2      3      2      1      4
      2      1      2      3      2
      2      1      2      3      2
      2      3      2      4      2
      7      5      2      3      3

      2      0     -1     -1      0
      2      0      0      0     -1
     -1      0      0      0      2
      2      0      1      1      2
      1      3      1      0      0

      1      0      0     -2      0
      1      0     -1      0     -2
     -3      0     -1      0      1
      1      0      0      2      1
      0      0      0      1     -1

      0     -1      0     -3      0
      0      3      0      0      0
     -3      3      0      0      0
      1      0      0      0      0
      0      1      0      0      1

     -1      0     -1     -2      1
     -1     -1      1      0      0
      0     -1      1      0      2
      1      2      0      0      2
      1      0      0      1      1

     -6     -1      0     -5     -2
     -6     -4     -1     -2     -1
     -1     -4     -1     -2     -3
      4      1      0     -1     -3
     -5     -1     -2      0     -4

      0     -1     -2     -3      0
      0      0      0     -1     -2
     -2      0      0     -1      3
      0      2      1      0      3
     -1      0      0      0      3

      0      0      0      2      1
      0      0      1      0      0
     -3      0      1      0      1
      0      0      2      1      1
      0      5      0      0     -2

      0      0      3     -2      2
      0      2      1      0     -1
      0      2      1      0      2
      1      1      2      0      2
      0     -2     -1      2      0

      2      1      1     -2     -1
      2      2      1      0     -1
     -1      2      1      0      1
      2      1      0      3      1
      1      1      0      1      0

     -1      2      0     -2      1
     -1      3      4      0      0
     -1      3      4      0      0
      0      0      0      0      0
      3      1      1      1      0

      0      1      2      1      2
      0      3      3      3      0
      0      3      3      3      2
      5      2      2      1      2
      3      3      2      3      3

      2      3      5      2      3
      2      2      3      3      2
      2      2      3      3      4
      3      1      3      2      4
      5      4      2      2      5

      3      1      4      4      3
      3      3      4      3      3
      1      3      4      3      0
      4      2      2      5      0
      4      3      3      5      4

      3      3      6      3      4
      3      3      5      4      3
      0      3      5      4      4
      4      5      4      4      4
      5      5      3      4      7

      4      5      6      6      6
      4      5      6      5      3
      4      5      6      5      7
      8      9      6      8      7
      7      9      3      6      9

      7      9     10      6      8
      7      8      9      7      8
      6      8      9      7     10
     10     10     11      8     10
      9     10      8      9      9

      8     11     12     10     14
      8     12     12     10      8
      9     12     12     10     11
     11     10     11     12     11
     10     12     10     12     12

     11      9      9     10     10
     11     12     11     11     11
     10     12     11     11     12
     13     12     12     12     12
     11     13     10     12     11

     11     12     11      8     11
     11     12     11     10      8
     10     12     11     10     13
     11     11     12     13     13
     12     12     11     13     15

     16     12     12      9     11
     16     13     13     13      9
     12     13     13     13     18
     17     19     17     17     18
     18     11     17     17     15

     11     11     13     11     12
     11     13     11     13     13
     11     13     11     13     14
     15     12     13     13     14
     12     12     12     12     14

     10      8     12     10     13
     10     13     11     11     10
      9     13     11     11     11
     14     10     10     12     11
     11     13     12     11     12

      9     10     10      8     11
      9      9      9     10     10
     10      9      9     10     12
     10     10      9     13     12
     11     10     10     11     13

     10     11     10      8     11
     10     10      8     11     10
      8     10      8     11     10
     10      8      9      9     10
     11     13     12     10     12

      9     11     10      8     12
      9     10     10     10     11
     11     10     10     10     10
     10     11     10     10     10
     11      9      9     10     12

      9     10      8      8     11
      9     11     10     10     10
      9     11     10     10     11
      9      9      9     11     11
     10     11      6     10      8

      8      9      7      7     11
      8     10      9      9      9
      8     10      9      9      9
     11      9      8     10      9
     11     10      8      8     12

     11     11      9      9     11
     11     11     10     10     10
     10     11     10     10     10
     11     10     10     11     10
     11     11     10     12     10

      9      9     10      9     10
      9      9     10     10      9
      9      9     10     10     10
     10      9      9     11     10
     11     11      9     12      9

      7      8      9      7      9
      7      9      8      7      8
      6      9      8      7     10
      9     10      8      8     10
      8      9      8      8      7

      8      9      8      8      7
      8      9      9      8      8
      7      9      9      8     10
     10      9      8      9     10
      9     10      8     10      8

      7      8      9      7      9
      7      9      9     10      7
      7      9      9     10      9
      8      7      7     10      9
      9      9      8     10      9

      9      7      9      7      8
      9      8      7      8      8
      6      8      7      8      8
     10      7      7      9      8
      8      9      8     10     10

      8      9      9      7      7
      8      7      7      7      8
      6      7      7      7      9
      9      8      9      8      9
      8     10      7      7      8

      5      8      8      7      8
      5      7      7      8      6
      6      7      7      8      8
      6      7      7      7      8
      7     11      7      7      9

      5      7     10      6      7
      5      8      6      7      9
      6      8      6      7      7
      8      6      6      8      7
      9      7      5      7      8

      7      6      8      6      8
      7      8      8      6      6
      4      8      8      6      6
      7      6      7      7      6
      6      8      7      6      7

      6      8      8      4      6
      6      6      5      7      4
      4      6      5      7      5
      6      5      5      6      5
      6      6      3      7      5

      3      5      5      3      6
      3      6      5      6      7
      2      6      5      6      6
      5      6      7      8      6
      4      7      6      5      8

      7      6      7      4      7
      7      3      5      6      3
      4      3      5      6      5
      5      6      5      7      5
      6      7      6      9      7

      4      4      5      4      3
      4      6      2      4      4
      3      6      2      4      6
      5      5      3      5      6
      6      5      4      6      3

      3      5      6      3      6
      3      4      6      3      6
      1      4      6      3      4
      4      3      4      3      4
      6      4      5      4      4

      1      3      4      1      3
      1      3      4      3      2
      2      3      4      3      3
      3      3      3      4      3
      4      5      3      4      2

      3      3      2      1      2
      3      3      4      2      0
      0      3      4      2      0
      2      3      3      3      0
      3      3      2      2      3

      0      1      2     -2      2
      0      2      1      1      1
      0      2      1      1      1
      2      0      0      2      1
      4      1      1      1      2

      1      1      2      1      0
      1      2      0      2      0
      0      2      0      2      0
      1      0      3      1      0
      1      1      0      0      1

     -1     -1      0     -2      1
     -1      2      1      1     -3
      0      2      1      1      0
      0      0      0     -3      0
      0      0      0     -1      0

      0      0      0     -1      1
      0      0      0      1      0
     -1      0      0      1      0
      0      0      0      1      0
      0      0      0      0      1

     -1      1      0     -1      0
     -1      0      1      0     -1
     -2      0      1      0      0
      0      0      1      0      0
      0      0      0      0      2

     -3     -2      0     -1      0
     -3     -1      0      1     -1
     -3     -1      0      1      2
     -1      1     -2      0      2
      0      0      0      0      0

     -1      0      1     -1      0
     -1      1      0      0      0
     -2      1      0      0     -1
      2      0      0      1     -1
      0      1     -1      1      0

     -3     -1     -2      0      0
     -3     -1      0      0      0
     -3     -1      0      0      0
      0      0     -2      1      0
      1      1     -2      0      1

     -1      0      0     -2     -1
     -1      1      1      0     -1
     -3      1      1      0      0
     -1      0      0      0      0
      0      1     -1      0      0

      0      0      0     -1      0
      0      1      0     -2      0
      0      1      0     -2      0
      1      0      0      0      0
      0      0     -2      1      2

      0      0      0      0      0
      0      0     -2      0      1
     -1      0     -2      0     -1
      0      1      0      0     -1
      0     -1      0      0     -2

      0     -1      0      1      0
      0      2     -1      0      0
      0      2     -1      0      0
      0      0      0      1      0
     -1      2      0      0      0

      2      0      0      0      0
      2      1      0      0      0
     -1      1      0      0      2
      0      0      0      2      2
     -2      1      0      1      0

      0      1      2      0      0
      0      1      0      0      0
     -1      1      0      0     -1
      1      0      0      0     -1
      0      0      0     -1      0

      0      0      0      0      0
      0      0      0      1      0
      0      0      0      1      0
      1      0     -2      0      0
      0      1     -1     -1      0

      1      0      0      0      1
      1      1      0      0      0
      0      1      0      0      0
      1      0      0      0      0
      0      1     -2      0      1

      1     -1      0      0     -1
      1      0      0      0      0
     -1      0      0      0      1
      0      0      0      0      1
     -1      0      0      0      0

      1      0     -1      0      1
      1      1      0      0      0
      0      1      0      0      1
     -1      0     -1      1      1
     -1      0     -1      0     -2

      1      1      0      0      0
      1      1      0      0      0
     -2      1      0      0      0
      0      0      0      1      0
      0      0      0      0      1

      1      0      0      0      1
      1      0     -1      0      0
      0      0     -1      0      0
      2     -1      0      1      0
      0      1      0      0      0

      2      0      1     -2      1
      2      2      2      2      3
      1      2      2      2      0
      2      1      1      3      0
      0      1      0      0      1

      3      2      1      2      3
      3      5      1      3      2
      1      5      1      3      2
      2      0      2      4      2
      2      3      1      3      0

      3      3      2      1      2
      3      4      2      2      3
      1      4      2      2      3
      3      3      3      4      3
      3      4      3      3      3

      1      2      1      0      1
      1      3      1      2      2
      1      3      1      2      2
      2      3      1      1      2
      2      2      3      0      1

      0      2      0      0      0
      0      0      0      0     -1
      0      0      0      0      1
      0      0      0      2      1
      0      2      0      0      0

      2      0      1      1      2
      2      1      1      1      1
      0      1      1      1      1
      1      1      1      2      1
      1      2      1      1      0

      4      3      2      2      2
      4      4      3      3      1
      3      4      3      3      2
      1      3      3      4      2
      3      3      1      4      3

      5      4      5      4      4
      5      3      3      4      4
      5      3      3      4      3
      5      3      4      6      3
      5      5      5      3      4

      4      3      3      3      1
      4      3      2      3      3
      3      3      2      3      3
      3      2      4      4      3
      3      4      2      3      3

      4      4      3      1      3
      4      3      3      3      2
      2      3      3      3      2
      2      2      3      3      2
      3      2      2      2      2

      3      2      2      2      3
      3      3      2      2      4
      1      3      2      2      1
      1      1      5      3      1
      1      3      2      3      3

      3      4      2      3      4
      3      4      4      4      3
      4      4      4      4      3
      5      2      4      5      3
      3      4      4      3      3

      6      5      4      4      4
      6      5      4      4      4
      4      5      4      4      4
      5      5      5      4      4
      4      4      3      4      3

      4      5      5      3      3
      4      4      4      4      4
      5      4      4      4      4
      5      4      4      5      4
      3      3      3      5      3

      4      5      5      2      5
      4      5      5      4      4
      3      5      5      4      4
      5      4      4      6      4
      5      5      4      4      3

      4      3      4      4      5
      4      4      4      4      4
      3      4      4      4      4
      3      3      4      5      4
      4      6      3      4      4

      3      3      3      4      4
      3      4      2      3      4
      3      4      2      3      5
      4      4      4      5      5
      4      4      4      4      5

      5      4      2      3      4
      5      2      3      4      5
      4      2      3      4      5
      4      3      3      5      5
      3      5      4      4      4

      3      5      3      4      3
      3      4      3      3      4
      3      4      3      3      4
      4      4      3      5      4
      4      3      3      4      5

      5      3      4      3      4
      5      5      4      3      5
      3      5      4      3      5
      5      2      4      6      5
      4      5      3      4      4

      3      3      3      2      5
      3      4      1      3      2
      3      4      1      3      4
      3      4      3      3      4
      2      4      3      2      2

      3      4      2      3      4
      3      4      2      3      4
      3      4      2      3      3
      4      2      4      3      3
      3      5      3      3      3

      3      4      2      2      2
      3      4      3      2      3
      2      4      3      2      3
      3      3      4      6      3
      3      5      3      2      1

      4      2      2      3      4
      4      4      2      3      4
      1      4      2      3      4
      2      2      4      3      4
      1      5      3      4      3

      5      4      1      3      2
      5      4      3      5      5
      2      4      3      5      2
      4      4      3      4      2
      4      4      3      2      1

      5      4      2      3      3
      5      4      3      4      3
      2      4      3      4      4
      2      0      3      4      4
      2      2      3      2      3

      3      3      3      3      4
      3      4      3      3      5
      1      4      3      3      3
      2      3      3      3      3
      3      4      3      4      3

      3      4      2      2      3
      3      4      2      3      2
      1      4      2      3      2
      3      1      3      5      2
      5      4      1      2      2

      2      2      3      2      3
      2      3      3      2      3
      2      3      3      2      3
      3      1      4      4      3
      4      3      1      4      2

      4      3      2      2      2
      4      3      4      4      4
      2      3      4      4      2
      2      3      3      2      2
      3      5      2      3      2

      4      1      2      1      2
      4      3      2      1      3
      1      3      2      1      1
      2      3      4      3      1
      2      3      1      2      3

      2      3      2      1      3
      2      3      1      2      2
      0      3      1      2      2
      1      3      3      2      2
      4      4      1      2      3

      4      3      1      2      2
      4      2      1      2      3
      2      2      1      2      4
      1      2      2      3      4
      3      3      1      1      1

      2      4      1      1      1
      2      2      1      0      4
      0      2      1      0      4
      3      2      3      2      4
      2      3      1      2      3

      1      3      1      2      5
      1      3      1      3      2
      1      3      1      3      3
      1      2      2      4      3
      3      3      2      0      2

      1      1      2      1      2
      1      2      1      1      1
      0      2      1      1      4
     -1      1      2      4      4
      1      4      0      1      0

      4      3      2      4      2
      4      1      2      3      0
      2      1      2      3      1
      2      1      2      3      1
      1      3      1      0      1

      3      1      3      2      2
      3      2      0      2      2
      0      2      0      2      2
      2      4      1      3      2
      1      2      0      2      3

      0      0      2      3      2
      0      0      2      1      2
      0      0      2      1      0
      0      0      3      4      0
      1      2      0      0      2

      0      1      2      1      0
      0      4      0      2      1
      0      4      0      2      1
      3      2      2      2      1
      2      1      1      1      1

      1      2      1      2      0
      1      1      1      1      2
      0      1      1      1      3
      1      0      0      5      3
      0      2      1      1      2

      1      1      2      0      2
      1      4      4      0      2
     -1      4      4      0      2
      1      1      1      2      2
      2      3      1      0      1

      2      1      0      1      1
      2      2      0      0      0
      2      2      0      0      4
      0      0      3      0      4
      0      2      1      0      0

      2      0      1      0      1
      2      1     -1      1      0
      0      1     -1      1      0
      1      1      3      1      0
      0      4      3      1      0

      0      2      2      0      0
      0      0      0      0      0
      0      0      0      0      1
      0      0      3      0      1
      0      0      1      0      0

      1      1      0      1      2
      1      2      0      2      0
     -1      2      0      2      1
      0      0      2      2      1
      0      0      1      1      0

      1      0      2      0      0
      1      0      0      0      2
     -2      0      0      0      0
      0      0      0     -1      0
      0      1      0      0      0

      1      2      0      2      0
      1      1     -4      0      0
     -2      1     -4      0      0
      1     -3      0      4      0
      1      1      0     -1      2

      0      0      0     -1      1
      0      0     -1     -1      0
      0      0     -1     -1      0
      3      0      0      0      0
      1      0     -1      2      2

      1      2      0     -1      1
      1      2      0      0      3
     -3      2      0      0      0
      0      0      3      0      0
      0      1      0      0      2

      1      0     -2     -2      2
      1      0     -1      2      0
     -1      0     -1      2      2
      0      0      0      1      2
      2      1     -1      1      0

      0     -1     -2     -2      1
      0      0      0      0      0
      0      0      0      0      3
     -1      0      1      0      3
     -1      1     -1     -1      1

      0      0     -1      0      0
      0      0      0      0      0
      0      0      0      0      0
      0     -1     -2      0      0
      0      0      0      3      0

      0     -1     -2      0      1
      0     -2      0     -1      1
      0     -2      0     -1      0
      0      0      0     -2      0
      1      2      0      0     -1

