;
; ENVI ASCII Output of file: E:\Imaging\ROI_AVIRIS\5_1_15.img [Fri Nov 17 11:57:42 2017]
; File Dimensions: 5 samples x 5 lines x 224 bands
; Line Format    : (5i7)
;
    530    511    519    534    534
    528    534    506    517    522
    532    519    523    517    514
    530    541    528    525    516
    522    524    525    517    522

    635    621    635    626    626
    629    633    614    624    636
    614    616    644    643    640
    646    640    644    631    596
    625    623    631    620    634

    686    685    686    690    690
    686    685    667    683    669
    679    673    682    682    665
    675    673    680    675    667
    663    666    660    682    672

    851    856    872    864    864
    859    866    839    853    861
    856    866    864    866    857
    857    877    867    854    852
    864    858    863    865    868

   1257   1256   1284   1271   1271
   1254   1252   1244   1252   1246
   1248   1260   1265   1259   1251
   1264   1271   1259   1254   1259
   1250   1271   1264   1273   1251

   1315   1314   1317   1334   1334
   1307   1315   1312   1313   1323
   1317   1324   1313   1319   1321
   1318   1332   1336   1312   1319
   1305   1304   1321   1318   1330

   1228   1245   1248   1246   1246
   1235   1228   1224   1232   1240
   1234   1245   1235   1242   1230
   1239   1252   1235   1242   1231
   1231   1239   1237   1234   1239

   1129   1125   1136   1148   1148
   1129   1135   1128   1128   1120
   1133   1136   1133   1129   1132
   1137   1149   1149   1138   1136
   1127   1131   1135   1146   1138

   1215   1212   1226   1228   1228
   1210   1211   1214   1214   1206
   1226   1236   1222   1212   1215
   1228   1220   1230   1226   1227
   1209   1216   1221   1230   1216

   1229   1234   1242   1254   1254
   1227   1221   1225   1231   1224
   1224   1235   1227   1227   1226
   1236   1238   1244   1232   1240
   1225   1227   1236   1237   1238

   1193   1190   1204   1205   1205
   1183   1182   1181   1188   1187
   1187   1187   1195   1186   1190
   1195   1192   1187   1201   1188
   1194   1180   1189   1191   1203

   1110   1118   1121   1132   1132
   1100   1109   1101   1117   1105
   1118   1112   1107   1104   1109
   1115   1118   1120   1118   1110
   1110   1096   1111   1120   1107

   1047   1049   1059   1060   1060
   1038   1034   1034   1045   1046
   1041   1047   1048   1034   1042
   1048   1045   1056   1054   1046
   1040   1041   1042   1048   1039

    941    942    952    960    960
    924    927    934    942    944
    932    939    937    935    936
    941    941    941    934    938
    933    933    936    941    938

    849    855    861    865    865
    838    843    845    852    842
    839    845    846    842    837
    849    851    851    838    844
    845    836    840    852    852

    747    752    758    763    763
    733    741    738    746    745
    740    744    736    739    734
    752    747    750    744    740
    744    742    734    744    743

    660    664    671    673    673
    648    646    650    659    654
    646    652    656    650    652
    656    655    662    650    659
    655    645    651    651    654

    628    629    635    637    637
    615    615    616    624    620
    609    616    619    614    616
    621    619    623    616    623
    619    611    617    616    621

    595    594    597    600    600
    581    583    581    588    585
    570    579    581    576    579
    584    583    583    582    585
    581    577    582    580    587

    554    555    558    559    559
    537    538    540    549    547
    535    542    539    538    537
    543    539    540    539    542
    538    541    540    537    538

    499    507    509    517    517
    491    486    494    504    499
    487    494    495    491    492
    492    496    497    492    493
    495    488    492    491    495

    466    470    462    472    472
    453    452    451    459    460
    449    451    445    445    452
    453    453    452    448    453
    451    451    449    452    453

    430    427    431    433    433
    422    418    419    424    420
    411    417    417    417    417
    419    418    415    424    418
    418    419    416    414    416

    380    380    384    384    384
    370    370    368    378    370
    363    368    366    373    371
    370    368    370    368    369
    369    368    365    367    375

    356    356    360    357    357
    346    341    346    351    347
    338    341    343    340    340
    345    343    342    342    340
    346    337    341    344    340

    342    340    342    346    346
    332    331    332    337    336
    326    327    332    332    329
    330    327    329    330    330
    331    331    330    327    331

    316    319    317    323    323
    309    306    311    311    313
    305    303    305    311    306
    304    305    306    305    312
    306    307    308    303    308

    292    288    292    299    299
    285    283    287    290    288
    275    280    283    287    284
    281    283    283    283    282
    285    283    278    284    282

    283    280    282    283    283
    271    272    275    281    278
    265    271    273    271    268
    273    271    266    273    274
    272    273    268    272    271

    258    258    260    262    262
    252    251    255    256    255
    245    249    252    256    249
    249    252    252    252    248
    250    253    250    252    252

    245    244    240    248    248
    239    237    238    247    241
    233    231    234    235    235
    237    236    237    234    237
    239    236    238    237    238

    238    242    241    240    240
    237    231    235    239    240
    231    228    229    233    230
    232    231    232    231    230
    233    237    231    229    237

    238    247    239    240    240
    237    233    233    236    240
    233    231    233    230    231
    235    227    235    231    230
    233    239    227    230    238

    238    242    241    240    240
    238    230    235    239    238
    231    229    229    232    229
    232    230    233    230    229
    233    238    231    229    236

    223    227    228    223    223
    222    214    219    221    220
    216    214    215    212    212
    219    211    224    212    214
    215    225    216    214    219

    197    200    197    193    193
    197    188    196    197    194
    189    191    190    191    188
    197    188    195    186    190
    192    201    190    190    195

    172    175    172    170    170
    176    166    169    172    168
    167    170    167    168    163
    176    164    171    163    167
    172    176    169    165    170

    167    168    166    165    165
    166    159    164    169    164
    160    162    160    161    156
    168    158    164    156    159
    162    168    163    159    164

    149    148    150    150    150
    155    146    149    150    145
    147    149    146    148    145
    152    145    151    143    146
    149    154    150    146    148

    118    116    115    116    116
    121    109    113    119    112
    112    116    114    110    113
    118    112    119    110    112
    115    118    114    111    116

    125    125    121    119    119
    128    116    122    127    118
    122    126    121    117    120
    128    117    125    117    120
    125    127    122    119    123

    138    135    137    136    136
    141    127    135    137    127
    132    138    129    129    132
    137    129    138    127    133
    138    141    133    131    133

    137    135    134    132    132
    140    129    133    141    128
    133    139    135    129    133
    139    128    138    125    134
    135    141    132    131    135

     83     82     82     79     79
     86     76     80     83     76
     81     83     81     78     78
     84     77     83     77     79
     82     83     78     79     80

    104    108    105    103    103
    111     99    103    109     95
    104    111    106    102    102
    105    100    112    100    102
    110    108    104    100    103

    114    110    111    109    109
    118    103    112    116    101
    108    117    112    105    108
    113    105    116    105    107
    114    114    108    108    111

    103    102     99     98     98
    107     94    102    104     93
     99    108    101     96     97
    103     95    106     94     97
    103    107    101     98    100

     97     95     93     90     90
    100     87     94     98     86
     92    100     95     89     91
     97     91     99     88     94
     97     98     94     91     93

     86     87     84     82     82
     92     79     87     90     77
     85     93     85     81     83
     89     84     92     80     83
     89     89     84     83     85

     70     69     68     66     66
     72     62     69     74     61
     69     73     71     65     67
     71     64     73     64     68
     70     72     68     68     67

     70     68     68     66     66
     74     61     70     73     61
     69     75     70     65     66
     73     65     74     65     67
     73     74     69     69     68

     75     73     72     68     68
     78     66     72     76     64
     70     80     74     66     69
     73     69     78     68     72
     76     76     73     69     72

     80     76     76     74     74
     81     70     79     84     69
     78     86     79     72     74
     81     74     83     73     74
     80     81     77     75     76

     74     71     72     70     70
     77     65     73     77     62
     72     81     72     66     70
     75     69     81     68     69
     77     76     73     71     73

     72     70     67     67     67
     76     62     70     74     60
     70     79     72     65     68
     74     68     78     65     70
     75     73     70     70     71

     67     66     65     64     64
     71     58     66     71     56
     65     76     69     60     63
     70     63     73     59     64
     71     71     65     66     65

     62     62     62     60     60
     69     54     61     70     52
     61     73     65     58     61
     67     60     71     58     60
     69     66     62     62     62

     50     47     47     46     46
     55     44     49     52     42
     47     55     51     46     45
     52     47     55     46     46
     52     52     48     49     48

     44     42     41     40     40
     47     38     42     45     34
     40     48     43     38     41
     44     40     46     37     41
     44     43     43     43     42

     39     36     36     36     36
     42     31     38     42     32
     38     42     39     36     36
     41     37     44     34     37
     40     41     37     37     38

     36     30     33     32     32
     40     30     34     36     28
     32     40     37     30     33
     38     33     38     31     32
     37     35     35     34     37

     25     20     22     21     21
     28     20     22     24     18
     22     28     27     19     22
     26     22     27     21     24
     25     23     21     25     23

     18     16     13     15     15
     19     14     16     17     12
     16     19     17     15     15
     17     15     17     14     16
     17     16     14     16     17

     18     16     16     18     18
     19     14     16     18     13
     18     21     19     15     17
     18     16     22     16     16
     19     18     18     17     17

     30     26     28     27     27
     32     24     29     32     21
     30     33     29     25     28
     31     27     32     25     28
     30     30     30     26     28

     34     31     30     31     31
     35     26     31     34     25
     33     39     34     30     30
     34     31     37     28     32
     35     34     32     31     32

     39     36     35     36     36
     41     29     36     41     28
     38     44     41     32     34
     41     35     45     33     36
     41     41     36     36     36

     41     37     39     38     38
     46     33     39     43     30
     38     49     42     34     37
     41     36     47     34     37
     44     42     40     38     38

     39     36     37     35     35
     44     31     38     42     29
     38     47     40     33     35
     41     35     46     33     37
     41     41     40     36     37

     38     36     36     35     35
     43     31     37     41     28
     39     46     40     32     35
     41     34     45     34     35
     42     41     38     35     37

     38     35     36     34     34
     40     30     37     42     27
     36     46     40     31     35
     41     35     44     33     35
     40     40     36     37     36

     35     31     31     33     33
     38     26     34     38     25
     33     44     35     29     32
     37     32     41     29     33
     37     36     33     32     33

     34     31     31     31     31
     38     26     33     37     24
     34     42     36     29     32
     38     31     40     29     32
     36     36     35     31     32

     32     29     29     29     29
     36     24     30     36     22
     30     40     34     26     30
     34     29     39     27     31
     35     33     30     30     30

     32     29     29     28     28
     33     23     30     33     22
     31     38     33     27     29
     33     28     35     27     29
     34     33     31     29     30

     29     25     26     26     26
     32     20     27     31     19
     27     37     30     23     25
     29     24     33     24     27
     31     30     27     26     27

     27     23     23     23     23
     30     19     25     29     18
     24     33     28     22     24
     27     22     30     22     24
     28     28     25     24     24

     25     21     21     21     21
     28     17     23     28     16
     22     30     26     20     22
     26     21     28     20     22
     25     26     24     22     22

     19     16     17     16     16
     23     13     18     20     12
     17     23     18     14     18
     21     16     23     14     18
     20     20     18     18     18

     12     10     11     11     11
     13      8     11     14      8
     11     14     12      9     11
     12      9     14      9     10
     12     12     10     10     11

      5      4      5      3      3
      5      3      4      6      3
      5      6      5      4      4
      6      3      6      3      5
      5      5      3      4      4

      5      3      3      3      3
      4      3      4      5      2
      3      5      4      3      5
      4      3      5      4      3
      4      4      2      3      4

      5      4      5      4      4
      6      3      5      7      3
      5      6      6      4      4
      5      4      6      4      5
      6      6      4      5      5

      5      5      4      4      4
      6      3      5      6      3
      5      8      6      4      5
      4      4      7      4      5
      4      5      4      4      4

      7      7      6      6      6
      8      5      8      8      4
      7      9      8      5      6
      8      5      9      5      6
      9      8      5      6      7

     12     10     11     11     11
     14      8     11     14      7
     11     16     13      9     11
     13     10     15     10     11
     13     12     11     10     12

     14     13     13     12     12
     17      9     13     16      8
     13     18     15     11     13
     15     12     17     10     13
     15     16     14     13     13

     14     10     11     10     10
     15      8     11     14      7
     12     16     15     10     12
     12     12     16     10     12
     14     13     12     12     12

     14     12     12     12     12
     16      9     13     14      8
     12     18     15     10     12
     15     11     17     10     12
     15     13     13     12     14

     11     10     10      9      9
     13      8     12     13      6
     11     15     12      9     10
     12     10     14      9     11
     13     11     11     11     11

     14     12     11     11     11
     16      9     13     15      8
     12     19     14     10     12
     14     11     17     10     11
     15     13     14     11     12

     13     11     11     11     11
     16      9     13     14      7
     12     18     14     11     12
     15     12     17     10     13
     15     15     14     12     13

     15     13     14     13     13
     18      9     15     15      8
     14     20     16     11     13
     16     12     19     12     13
     17     15     14     13     13

     14     12     12     12     12
     17      9     14     17      7
     13     20     16     11     12
     17     12     20     11     14
     16     16     14     13     13

     12     11     12     12     12
     16      8     12     14      7
     14     18     15     10     11
     15     11     17     10     12
     15     13     13     12     12

     12     10     11     11     11
     15      7     10     14      6
     11     18     13      9     12
     13     10     15     10     12
     13     12     11     12     12

     12     11     12     12     12
     16      8     12     14      7
     14     18     15     10     11
     15     11     17     10     12
     15     13     13     12     12

     17     14     13     16     16
     13     12     12     13     11
     12     12     15     13     11
     11     15     10     15     12
     13      9     15     12     11

     13     13     12     11     11
     14      8     13     13     14
     12     13     13     12      8
     11     11     13      9     17
     16      9     11     12     12

     11     14     15     15     15
     13      8     12     10      7
     14     13     15     13      8
      8     11     15      9     10
     13      8     14     16     11

     15     14     11     14     14
     12     10     10     11     11
     13     11     13      9     13
      8     12     12     13     13
     16     13     12     11     16

     13     10     11     10     10
     11      9     11     10      9
      8      8      7     11      8
     10     11      8      9     10
     14     10     12     12     10

      9      9      8      9      9
      9      7      9      8      7
      6      8     10      7      6
      7      6      8      6      9
      8      7      8      9      9

     49     44     38     34     34
    -19    -22    -19    -17    -17
    -26    -22    -25    -25    -16
     10    -16     -4    -18     -9
     12      1      6     11      6

      5      5      7      3      3
      3      3      7      5      5
      4      7      6      3      6
      3      5      5      3      4
      5      1      7      5      4

      2      3      3      3      3
      4      2      3      3      3
      1      1      3      0      3
      1      2      1      4      3
      3      2      3      3      4

      0      0      1      1      1
     -1     -1      0      0     -1
     -1      0      1      0      1
     -1      2     -1      0      0
      1      0      1      2      0

      0      0      0      0      0
     -1      0      0      0      0
     -2      0      1      0      0
      0      0      0      0      1
      0     -1      0     -1      0

      0      2     -1      1      1
      0     -2      1      0      0
     -2      1      0      0      0
     -1      0      0      1      0
      1     -2      1     -1     -1

      0      1      0      0      0
      0      0      0      1      0
     -1      1      0      1      0
      0      0      1      0      0
      0      0      0      0      2

     -3      0      0     -1     -1
      0     -1     -2      0      0
     -1      6      0      4      6
     -2     -2     -5     -3      1
      5     -4     -2     -2      3

      3      1      0      1      1
      1     -2     -2     -1      0
      0     -1      0     -2      0
      0     -5      0      0      1
      8     -1      1      0      0

     -1      1      0      0      0
      1     -1      0      0      1
      1      1      1     -2      3
     -2      0      0      2      2
      1     -1      1      0      1

      0      2      1      2      2
      1     -1      0     -1      0
      1      1      1     -1      0
      0      1      1      1      0
      0     -1      2      2      1

      0      1      0      0      0
      2      0      0      1      1
     -1      1      2      0      3
      0      0      1      0      0
      2      1      0      2      1

      1      1      1      1      1
      0      1      0      0      0
      1      1      1      0      1
      1      0      0      0      3
      2      3      4      1      0

      3      3      0      4      4
      3      0      1      1      6
      0      0      2      3      2
      0      1      3      3      2
      4      0      3      3      3

      5      5      0      4      4
      4      2      1      1      4
      3      1      2      3      3
      0      0      5      1      2
      3      0      1      3      4

      2      0      0      2      2
      4      1      2      1      2
      2      2      1      3      1
      1      2      2      3      2
      4      0      3      4      4

      7      5      4      2      2
      5      2      5      3      5
      3      5      7      3      2
      0      5      2      3      2
      2      2      4      4      2

      6      6      8      7      7
     10      2      7      6      6
      3      7      8      4      5
      5      6      6      5      7
     10      2      8      6      6

     10      7      7     10     10
      7      6      9      7      7
      7     10     11      9      7
      8      7     10      6      9
     10      7      8      9      7

     11     11      9     13     13
     10      9     11     11     10
      7     10      7      8      8
      9      9     11     11     12
     11      8     11      8      9

     11     11     12     10     10
     10     11     10     11     10
     10     11     10     12     10
      9     10     12     12     15
     14     11     12     12     10

     10     12     11     11     11
     13      9     10      9      9
      9     12     11      9     11
     11     12     11     13     12
     13     11     11     13     11

     12     10     11     15     15
     13     10     15     16     11
     11     10     10      6      9
     10     16     15     15     15
     18     12     14     11     15

     11     13     10     11     11
     12     10     12     12     11
     11     14     12     11     11
     13     12     12     10     11
     14     13     13     11     13

     10     12     12     12     12
     11      9     12     12     12
     10     12     12     10     14
     13     10     11     12     11
     13     11     12     10     12

     10      9     12     11     11
     11      8      9      8      8
     10     11      9      7      8
      9     12     12      9     11
      9      7     11     10      8

     10     11      9     12     12
     10      8      8      9     10
      7     11     12     10      8
     10     10      9     11     10
     11     10     10     10     11

     11     11      9     10     10
      9      7     10     10      6
      9      9      9      9     12
      9      9     11      8     12
     13      7     10      9     10

      8      9      9     10     10
     10      7     10      9      9
      7     10      8      6      8
      8      8      8      9      8
     10      7     11     10      9

      9     10      8      7      7
      8      8      9      8      7
      8      9      9      8      7
      7      9      7      7      9
     11      5      9      9      9

      8      8      8     10     10
     11      8     10      9     10
     10      9      9      7      8
      9      9     11     10     11
     11      9     11      8      8

      8      9     11      8      8
      9      7      9      7      9
      9     10      9      8      9
      9      8      8      9     11
     12      8      9     10     10

      7      9      7      9      9
      7      6      9      9      8
      6      8      7      7      6
      7     10      8      8     10
     10      7     10      6      9

      8      8      8      7      7
      8      7      7      7      7
      8      6      8      7      8
      7      7      8      7      7
      9      7     10      8     10

      7      7      7      8      8
      7      6      9      7      7
      6      8     10      9      8
      6      8      6      8      9
      9      8      8      8      8

      5      8      7      7      7
      8      5      8      8      6
      8      8      8      6      7
      8      7      7      8      7
      8      6      9      6      7

      8      8      8      8      8
      8      7      8      7      6
      6      9      9      8      9
      6      6      7      7      8
      8      6      9      8      8

      7      8      6      6      6
      7      5      7      6      6
      6      9      7      5      9
      6      7      6      6      8
     10      7      8      7      8

      5      8      5      7      7
      7      5      7      7      6
      8      5      6      5      7
      5      6      5      6      8
      8      7      6      6      7

      6      8      5      6      6
      8      5      6      5      5
      6      6      6      6      7
      5      5      6      5      9
      8      6      5      6      7

      5      5      5      5      5
      5      2      5      3      6
      5      4      3      5      5
      4      4      6      5      7
      6      7      6      6      7

      7      6      4      5      5
      5      4      3      3      5
      5      4      6      5      7
      6      5      4      3      7
      7      5      5      7      5

      5      7      6      6      6
      8      5      6      6      5
      5      3      3      4      7
      5      6      5      7      6
      9      5      7      7      6

      4      2      4      5      5
      6      4      3      4      4
      4      5      5      5      4
      2      5      4      6      6
      6      5      7      4      5

      3      4      3      4      4
      4      2      2      5      3
      4      3      4      2      4
      1      4      4      5      4
      5      2      4      3      5

      3      5      3      4      4
      4      3      3      2      3
      2      3      2      4      3
      3      4      2      3      4
      5      5      4      4      3

      3      3      3      3      3
      2      0      1      4      1
      0      2      2      2      2
      1      2      2      2      4
      4      1      1      3      4

      0      2      1      1      1
      3      0      1      1      1
      0      1      2      0      1
      0      2      2      1      2
      4      1      2      1      2

      0      2      1      2      2
      1     -1      1      0      0
      0      1      2      1      0
      1      1      3      0      2
      2      2      0      2      0

     -1      0     -1      0      0
      0      0      0      1      0
      0      0      0      0      0
      0      0      1     -1      0
      1     -1      0      0      0

      0      1      0      0      0
      0      0     -1      0     -1
      0      0     -1      0      0
     -1      0      1      0      0
      2      0      0      2     -1

      0      0      0      2      2
      1      0     -1      0      0
      0      2      0      0      1
     -2      1      1      0      0
      4      0      0      0      0

     -1      0      0      2      2
      0     -1      0      0     -1
     -1      0      0      0      0
     -1      0     -1     -2     -2
      2     -1      0     -1      0

      0      1      1      3      3
      0      0      0      0     -1
      0      0      0      0     -1
      1      0      2      0      2
      3     -1      0      0      0

      0      0      0      1      1
      0      0     -1      0      0
      1      0      0      0      1
     -1     -1      0      0     -1
      1     -1      1      0      0

      0      1      1      0      0
      1      0      0      0      0
     -1      2      0      0      0
     -1      0      0      0      1
      2     -3      0      2      1

      0     -1      1      0      0
      1     -1      0      0      1
     -1      1      1      0      0
      0      0      0     -1     -1
      0     -2      1      0      2

      0      0      0     -1     -1
      0     -1      0      0      0
      1      1      0      0      0
      0      1      0      0      0
      1     -1      0      0     -2

      0      0      1     -1     -1
      0     -1      2      0     -1
      1      0      0     -1      0
      1      1      0      0     -1
      2      0     -2      2      0

      0      0      0      1      1
      2      0      0      0     -1
      0     -1      0      1      1
     -1      2      0      0      0
      1      0      1      1      0

      1      0      1      0      0
      1      0      1      0      1
      0     -1      0      0      0
      0      0      0      0      1
      0      0      0      0      0

      0      0      1      1      1
      0     -1      0      1      0
      0      0     -1      0      0
      0      2     -2      0      0
      0     -1      0      1      0

      0     -1      0      1      1
      1      0      1      0     -1
      0      0      0      1      1
      0      1      0      0      0
      0      0      0      0      0

      0     -1      0     -1     -1
      0      0      0     -1      0
      0      0      0      0      0
      0      0     -2      0     -1
      0      0      0      1      0

      0      0      0      0      0
      1      0      0      0      0
      1      0      0      0      0
      0      1     -1      0      0
      0     -1     -1      0     -2

      0      0     -1      0      0
      0      0      0      0      0
      0      0      0     -1      0
      0      1     -1      1      0
      0      1     -1      0      0

      0      0      1      0      0
      0      0      0      1      1
      0      0      1      2      0
     -1      0      0      0      0
      1      0      1      0      0

      0      0      1      0      0
      1      0      0      1      2
      1      0      0      0      0
      0      2      0      2      2
      1      0      1      1      1

      2      3      2      0      0
      2      2      2      2      3
      2      3      2      3      0
      2      3      1      0      2
      2      1      1      2      2

      3      1      4      2      2
      2      2      2      3      4
      2      1      3      4      3
      2      3      2      2      3
      2      2      1      2      2

      1      3      3      2      2
      0      2      1      2      2
      2      0      0      3      1
      2      3      0      1      2
      3      1      0      1      0

      0      0      2      0      0
      0      0      1      1      0
      0      0      0      2      1
      1      1      0      0      2
      0      0      0      0      1

      2      0      1      0      0
      1      0      1      1      0
      1      0      0      1      0
      2      1      0      1      1
      3      0      1      0      0

      4      1      3      1      1
      3      1      3      2      1
      3      1      1      4      2
      1      3      1      3      2
      3      1      3      1      3

      3      3      4      2      2
      4      3      5      4      4
      4      3      3      4      3
      4      5      4      5      4
      5      2      5      3      4

      4      1      4      2      2
      3      2      4      4      2
      4      2      2      3      2
      2      3      2      2      3
      3      2      3      3      2

      1      2      3      1      1
      3      2      3      1      1
      2      2      1      2      2
      2      3      1      2      2
      1      1      4      2      2

      2      3      2      2      2
      2      2      1      2      1
      3      3      2      2      1
      2      2      1      3      3
      1      2      2      3      1

      3      3      3      2      2
      3      2      1      3      4
      3      4      4      3      4
      3      4      2      2      4
      3      2      3      3      3

      4      3      4      3      3
      4      4      3      4      3
      4      3      4      4      3
      3      6      3      6      4
      4      3      3      4      3

      3      3      3      1      1
      4      3      2      3      2
      4      3      3      4      4
      4      3      2      3      4
      2      4      3      4      4

      4      2      4      3      3
      3      3      3      4      4
      5      3      3      5      3
      2      4      4      3      5
      5      2      4      3      3

      4      3      5      3      3
      4      3      3      3      4
      2      3      6      3      3
      2      3      3      4      4
      4      3      3      4      3

      3      2      4      2      2
      3      2      5      3      1
      4      4      4      4      3
      0      4      3      4      3
      3      3      5      4      4

      4      3      4      4      4
      3      4      3      3      3
      2      3      3      3      3
      4      4      2      3      3
      3      4      2      3      3

      4      2      4      2      2
      3      4      3      5      2
      4      3      3      3      2
      3      4      3      4      5
      3      5      3      3      2

      4      2      4      2      2
      3      2      3      3      2
      4      4      3      2      3
      4      4      3      3      3
      2      4      3      4      1

      3      2      2      2      2
      2      3      3      4      3
      3      2      4      3      3
      2      5      4      4      3
      3      2      3      3      4

      2      2      3      3      3
      3      2      3      5      3
      2      4      3      4      1
      1      4      3      3      2
      3      2      2      3      2

      3      1      4      3      3
      1      2      3      2      3
      1      2      2      2      2
      1      4      2      4      3
      2      1      3      3      3

      3      3      3      2      2
      1      1      3      3      2
      3      3      3      2      1
      2      3      2      3      0
      4      2      3      2      2

      3      3      2      1      1
      2      2      3      3      2
      3      3      3      4      3
      4      4      3      3      2
      2      3      2      4      1

      3      2      2      3      3
      3      3      2      2      2
      2      1      2      3      2
      2      3      2      3      4
      4      1      3      3      4

      4      2      2      2      2
      2      1      2      2      2
      3      2      3      3      2
      3      4      1      1      4
      3      2      3      3      2

      2      0      2      3      3
      1      1      3      2      1
      3      3      1      4      0
      1      4      2      4      3
      3      3      2      1      3

      3      2      3      2      2
      2      3      4      3      1
      4      1      3      3      2
      2      4      2      2      3
      5      3      1      3      2

      3      0      3      2      2
      1      1      2      2      3
      2      2      2      2      2
      4      3      1      3      4
      3      1      1      2      2

      2      2      4      2      2
      1      1      3      1      1
      2      2      2      3      1
      3      1      1      3      3
      5      1      3      3      1

      4      1      3      0      0
      1      2      1      1      1
      3      1      3      1      0
      1      2      2      2      3
      3      0      1      1      1

      2      2      4      1      1
      2      1      2      0      2
      2      2      2      2      0
      1      4      1      1      2
      3      1      3      2      1

      1      0      0      1      1
      0      1      3      0      1
      1      3      2      2      2
      4      3      0      4      1
      1      2      3      3      0

      3      0      3      1      1
      1      0      2      2      1
      2      2      2      2      2
      1      2      2      3      4
      3      0      0      1      2

      1      0      3      1      1
      2      1      0      0     -1
      0      2      0      2      0
      1      1      1      4      3
      4      0      1      2      0

      2      1      3      0      0
      1      0      1      2      0
      2      1      0      1      2
      1      3      1      1      3
      1      0      2      4      1

      0      1      1      0      0
      1      0      2      2      2
      0      0      2      2      0
      2      3      1      2      0
      2      0      0      1      0

     -1      0      4      3      3
      0      0      0      0      1
      1      0      1      3      1
      0      2      1      0      4
      1      1      2      0      0

      0      0      4     -1     -1
      0      1      0      2      2
      3      0      0      0      0
      0      2      0      0      1
      0      0      0      1      1

      1      1      2      0      0
      0      2      1      0      1
      1      1      3      0      2
      0      2      1      0      1
      0      0      0      1      1

     -1      1      2      0      0
      2      2      1      1      0
      0     -1     -1      4      2
      1      4      2      1      0
      1      0      2     -1     -2

      0      0      1      0      0
      0      0      2      1      1
      1     -1      2      0      1
      0      0      0      0      0
      1      0      1      0      1

      1      0      2      0      0
     -1      1      0      0      0
      3      0      1      2      0
      1      1     -1     -1      0
      1      0      2      0      2

      1      0      1      1      1
      1      0      1      2      0
      0     -1      1      2      0
      1      1      1      2      0
      3      1      1      0      0

      1      0      0     -1     -1
      0      0      1      1     -1
      0      0      0      1      2
      1      4      1      1     -3
      0     -1     -1      1      0

      0      0      1      0      0
      0      0     -3      0      0
      0      1      2      0      1
      0      0      0     -2      0
      0      0      0      0      2

      4      0      0     -1     -1
     -2     -1      0      3      1
      0      0      1      4      0
      0      0     -3      1      0
      1      0     -2      1      0

      0     -1      3      0      0
      1      0     -1      1     -1
      1      0      0      0      0
      0      2      0      1     -1
     -1     -2      2      0     -1

      0     -1      3     -4     -4
     -3     -1      0      0      0
      3      0      0      0     -1
     -2      1      0      1      0
      1      0      1      2      0

     -1     -1      0     -1     -1
      4      1      0      0     -1
      0     -2      0      1     -1
      0      2     -2      2     -1
      0     -1      1      1     -1

      0      0      0     -2     -2
     -1      0     -1      0     -3
      0     -2     -2      2     -1
      0      0     -1     -2      0
     -3     -3      2      0      3

     -4     -5      0     -1     -1
      0     -1     -2     -1     -1
      0      1     -1      2      0
     -1      2      0      0     -1
      1      0     -2      0     -1

      0     -3      2      2      2
      2      0     -5      0     -1
     -5     -1      1      2      1
      0      1     -1     -1      1
     -1      0      2      0     -1

