;
; ENVI ASCII Output of file: E:\Imaging\ROI_AVIRIS\5_1_17.img [Fri Nov 17 11:57:57 2017]
; File Dimensions: 5 samples x 5 lines x 224 bands
; Line Format    : (5i7)
;
    519    512    499    506    510
    519    512    499    506    510
    491    510    529    518    510
    493    516    513    516    516
    493    516    521    516    522

    616    612    603    612    613
    622    612    603    612    624
    600    622    601    628    624
    626    604    609    620    591
    626    604    615    622    609

    683    679    661    672    683
    663    679    661    672    667
    657    669    668    662    667
    667    673    663    664    675
    667    673    666    680    668

    848    850    867    848    844
    845    850    867    848    857
    848    866    845    858    857
    853    842    846    858    847
    853    842    853    855    869

   1279   1258   1247   1256   1257
   1264   1258   1247   1256   1257
   1251   1252   1256   1254   1257
   1251   1260   1256   1259   1244
   1251   1260   1255   1251   1265

   1334   1319   1316   1323   1315
   1319   1319   1316   1323   1321
   1317   1323   1315   1317   1321
   1311   1321   1318   1313   1308
   1311   1321   1313   1328   1328

   1267   1249   1235   1243   1245
   1247   1249   1235   1243   1238
   1236   1238   1253   1238   1238
   1241   1240   1241   1239   1240
   1241   1240   1239   1242   1246

   1162   1150   1141   1141   1146
   1147   1150   1141   1141   1142
   1148   1142   1146   1142   1142
   1140   1142   1146   1142   1145
   1140   1142   1137   1145   1156

   1247   1236   1232   1230   1232
   1237   1236   1232   1230   1242
   1232   1225   1234   1235   1242
   1230   1231   1231   1250   1233
   1230   1231   1230   1235   1246

   1275   1259   1251   1250   1251
   1254   1259   1251   1250   1255
   1253   1248   1248   1253   1255
   1241   1251   1254   1254   1251
   1241   1251   1254   1256   1267

   1237   1217   1209   1210   1208
   1218   1217   1209   1210   1212
   1205   1212   1206   1207   1212
   1201   1202   1215   1214   1214
   1201   1202   1214   1215   1225

   1154   1139   1139   1133   1130
   1138   1139   1139   1133   1137
   1138   1138   1133   1128   1137
   1132   1125   1130   1135   1132
   1132   1125   1139   1135   1149

   1091   1067   1068   1065   1065
   1069   1067   1068   1065   1076
   1071   1076   1066   1061   1076
   1071   1057   1070   1069   1070
   1071   1057   1073   1072   1086

    982    966    957    960    959
    970    966    957    960    970
    961    966    962    958    970
    956    955    963    961    967
    956    955    962    968    977

    888    870    862    867    863
    876    870    862    867    877
    873    873    864    870    877
    866    865    871    871    877
    866    865    868    875    881

    775    769    768    767    763
    769    769    768    767    773
    768    765    775    763    773
    762    765    768    769    773
    762    765    770    774    785

    692    677    675    676    673
    678    677    675    676    684
    678    671    677    678    684
    671    674    681    674    688
    671    674    674    688    692

    657    644    641    641    640
    646    644    641    641    651
    643    640    642    648    651
    636    641    643    643    652
    636    641    642    654    657

    622    611    606    606    607
    614    611    606    606    618
    608    608    606    616    618
    601    607    604    612    615
    601    607    609    618    620

    577    567    564    568    562
    569    567    564    568    574
    564    568    565    568    574
    556    563    567    567    576
    556    563    567    573    582

    526    520    519    520    518
    525    520    519    520    526
    518    519    518    520    526
    516    518    516    523    529
    516    518    522    523    534

    485    478    473    476    478
    475    478    473    476    486
    476    475    479    480    486
    469    477    478    479    487
    469    477    474    476    491

    447    443    442    439    440
    441    443    442    439    448
    441    441    441    445    448
    437    443    443    444    449
    437    443    442    449    455

    399    395    392    392    390
    394    395    392    392    402
    387    389    393    394    402
    390    388    392    400    397
    390    388    395    392    404

    368    363    365    366    366
    364    363    365    366    371
    365    361    365    374    371
    363    368    362    373    371
    363    368    363    367    376

    357    355    357    354    354
    354    355    357    354    360
    350    348    351    356    360
    352    348    353    357    361
    352    348    352    359    360

    330    329    327    328    326
    331    329    327    328    334
    327    329    330    334    334
    327    327    328    335    334
    327    327    327    332    336

    305    304    304    305    303
    304    304    304    305    307
    301    302    304    309    307
    295    304    301    305    309
    295    304    305    307    311

    294    288    290    294    288
    290    288    290    294    300
    287    288    292    298    300
    289    293    290    297    296
    289    293    291    293    300

    273    270    270    269    269
    266    270    270    269    275
    265    270    268    272    275
    266    268    271    272    275
    266    268    269    271    274

    259    256    253    256    253
    254    256    253    256    260
    255    255    252    262    260
    253    255    253    257    260
    253    255    256    258    260

    253    250    248    248    252
    250    250    248    248    256
    249    250    248    254    256
    245    250    251    253    254
    245    250    249    254    256

    246    249    241    246    255
    250    249    241    246    251
    247    245    245    245    251
    241    250    247    250    253
    241    250    248    246    259

    253    249    246    249    252
    251    249    246    249    255
    250    249    249    253    255
    246    249    251    253    253
    246    249    250    254    255

    235    231    225    230    236
    240    231    225    230    239
    231    233    233    232    239
    226    233    235    238    234
    226    233    230    236    241

    205    204    198    202    207
    210    204    198    202    210
    210    204    204    205    210
    203    204    210    208    203
    203    204    207    209    214

    182    181    173    178    186
    185    181    173    178    181
    182    181    183    177    181
    179    178    182    182    184
    179    178    181    184    186

    174    172    165    175    176
    182    172    165    175    181
    178    172    176    171    181
    175    169    173    174    173
    175    169    178    176    178

    158    156    149    159    158
    163    156    149    159    159
    160    155    162    156    159
    158    153    163    161    161
    158    153    157    161    161

    122    122    116    125    125
    127    122    116    125    124
    126    121    126    119    124
    124    120    123    122    121
    124    120    123    126    124

    130    131    123    131    134
    138    131    123    131    134
    132    129    135    128    134
    134    128    132    133    131
    134    128    132    131    132

    142    138    133    147    147
    153    138    133    147    144
    147    138    149    139    144
    143    136    147    145    143
    143    136    145    144    143

    144    139    134    149    146
    154    139    134    149    145
    147    140    150    141    145
    148    139    148    145    146
    148    139    146    147    144

     89     84     77     87     88
     92     84     77     87     87
     89     86     88     85     87
     88     81     86     86     86
     88     81     88     87     86

    114    108    102    114    116
    122    108    102    114    113
    118    108    118    109    113
    116    104    116    114    112
    116    104    114    111    111

    119    114    106    122    123
    127    114    106    122    117
    119    114    122    114    117
    122    112    118    117    119
    122    112    120    118    116

    109    106     96    111    109
    117    106     96    111    107
    114    101    114    106    107
    114    102    111    109    107
    114    102    110    110    104

    100     96     89    103    100
    109     96     89    103    102
    105     95    107     96    102
    104     95    102    100     99
    104     95    104     99     99

     90     87     82     95     92
     99     87     82     95     91
     98     84     97     87     91
     97     85     95     93     92
     97     85     94     92     91

     72     71     64     74     75
     82     71     64     74     71
     77     69     77     69     71
     78     68     75     74     73
     78     68     76     72     71

     73     72     64     76     75
     82     72     64     76     71
     80     69     80     71     71
     80     67     76     75     72
     80     67     77     73     69

     78     73     67     78     78
     86     73     67     78     76
     83     71     83     72     76
     82     71     79     78     77
     82     71     80     78     75

     84     79     71     85     85
     94     79     71     85     79
     88     77     88     79     79
     92     76     83     84     82
     92     76     87     83     78

     79     75     64     80     79
     86     75     64     80     75
     84     71     85     72     75
     87     70     79     75     75
     87     70     81     78     73

     74     71     65     77     78
     86     71     65     77     75
     81     69     82     71     75
     83     68     79     77     74
     83     68     81     76     72

     72     65     59     73     72
     78     65     59     73     70
     77     65     78     66     70
     80     63     73     72     70
     80     63     75     68     66

     67     64     56     70     67
     77     64     56     70     65
     74     62     76     65     65
     76     60     70     70     65
     76     60     73     68     62

     53     50     43     54     53
     61     50     43     54     51
     58     49     58     49     51
     60     47     54     52     50
     60     47     56     52     51

     43     42     35     45     44
     51     42     35     45     43
     50     41     51     43     43
     51     39     44     45     44
     51     39     45     44     43

     41     37     32     43     42
     46     37     32     43     38
     45     37     46     39     38
     47     37     43     42     38
     47     37     42     40     36

     36     33     29     37     34
     42     33     29     37     35
     41     33     40     33     35
     43     31     35     36     33
     43     31     38     36     35

     26     21     19     24     21
     24     21     19     24     22
     31     23     27     22     22
     29     21     21     27     21
     29     21     26     26     20

     16     14     14     15     14
     18     14     14     15     13
     20     15     17     15     13
     19     13     17     18     15
     19     13     15     18     15

     17     17     14     20     18
     20     17     14     20     16
     23     16     21     17     16
     20     15     18     18     16
     20     15     18     18     15

     30     27     23     32     30
     36     27     23     32     27
     36     26     35     28     27
     35     26     31     32     28
     35     26     31     30     27

     37     33     27     36     35
     41     33     27     36     32
     39     30     40     31     32
     40     29     37     35     33
     40     29     37     35     31

     41     36     30     43     42
     49     36     30     43     38
     46     36     46     36     38
     46     35     43     41     40
     46     35     43     39     35

     43     40     31     44     43
     53     40     31     44     40
     50     38     51     39     40
     48     36     45     43     41
     48     36     46     41     38

     41     38     31     43     41
     52     38     31     43     38
     47     37     49     38     38
     49     35     45     43     38
     49     35     44     41     37

     41     39     30     42     42
     52     39     30     42     38
     48     35     49     36     38
     48     35     43     43     38
     48     35     44     41     37

     39     37     29     42     41
     49     37     29     42     37
     47     35     48     37     37
     46     33     41     40     38
     46     33     44     40     34

     37     34     27     40     37
     47     34     27     40     34
     42     31     43     34     34
     44     30     39     38     35
     44     30     41     37     32

     36     33     25     39     36
     46     33     25     39     33
     44     32     44     32     33
     44     30     37     38     34
     44     30     39     37     33

     35     32     24     35     33
     44     32     24     35     30
     41     30     40     31     30
     42     27     37     35     33
     42     27     37     34     30

     34     30     23     34     32
     42     30     23     34     29
     39     28     41     29     29
     42     27     36     34     30
     42     27     36     34     28

     30     27     21     31     30
     36     27     21     31     27
     35     25     35     26     27
     38     24     32     31     28
     38     24     32     30     25

     28     25     19     29     28
     34     25     19     29     25
     33     23     33     24     25
     34     23     29     28     26
     34     23     30     27     23

     27     23     17     27     25
     32     23     17     27     22
     32     21     31     22     22
     31     22     27     25     24
     31     22     28     25     21

     20     17     12     20     19
     25     17     12     20     18
     23     17     23     16     18
     25     16     21     20     17
     25     16     22     18     18

     12     10      7     12     11
     14     10      7     12     12
     13     10     15     11     12
     15      9     11     12     11
     15      9     13     11     10

      5      4      3      5      3
      6      4      3      5      4
      8      4      6      4      4
      5      3      4      4      4
      5      3      5      4      5

      4      3      2      4      3
      3      3      2      4      4
      4      4      3      3      4
      5      3      3      4      3
      5      3      4      5      2

      6      5      4      6      4
      7      5      4      6      4
      7      4      7      3      4
      6      4      5      6      5
      6      4      5      6      4

      4      4      3      5      4
      5      4      3      5      3
      7      5      6      4      3
      5      3      5      5      5
      5      3      6      6      4

      8      7      4      8      7
      9      7      4      8      7
      9      7      9      5      7
     10      5      8      7      6
     10      5      8      7      6

     12     10      8     13     12
     17     10      8     13     10
     15     11     17     11     10
     17      9     13     14     12
     17      9     14     12     10

     16     12      9     17     15
     19     12      9     17     13
     20     13     18     11     13
     19     11     17     16     13
     19     11     17     14     12

     14     12      8     15     14
     17     12      8     15     11
     17     11     17     11     11
     18     10     14     13     12
     18     10     15     14     10

     15     12      8     16     14
     20     12      8     16     13
     18     11     18     12     13
     18     10     16     14     12
     18     10     16     13     12

     12     10      6     13     12
     17     10      6     13     10
     15     10     15     10     10
     17     10     14     12     10
     17     10     13     12     10

     13     13      8     14     15
     20     13      8     14     11
     16     11     17     12     11
     19     10     14     15     13
     19     10     16     13     11

     14     12      8     15     14
     20     12      8     15     12
     18     11     18     11     12
     18     10     15     15     13
     18     10     15     14     11

     16     14      8     17     15
     21     14      8     17     12
     20     13     21     13     12
     21     12     17     16     13
     21     12     17     15     12

     16     12      9     17     15
     23     12      9     17     13
     21     13     19     13     13
     19     12     17     16     14
     19     12     18     15     12

     15     13      8     15     14
     18     13      8     15     12
     18     10     16     11     12
     18     11     17     15     12
     18     11     16     14     11

     14     10      7     13     13
     18     10      7     13     10
     17     11     17     10     10
     19      8     15     13     12
     19      8     14     12     10

     15     13      8     15     14
     18     13      8     15     11
     18     10     16     11     11
     19     11     17     15     12
     19     11     16     14     11

     16     17     17     15     18
     14     17     17     15     12
     18     11     15     11     12
     13     13     16     12     12
     13     13     13     15      9

     14     13     16     14     15
     14     13     16     14     15
     12      9     15     11     15
     15     10     14     12     13
     15     10     15     12      9

     15     12     13     12     15
     13     12     13     12     12
     17      8     10     10     12
     12     12     11     12     14
     12     12      9      9     11

     13     14     14     16     12
     15     14     14     16      9
     18     14     13     12      9
     14     13     11     14     15
     14     13     10     13     11

     12     11     10     11     11
     12     11     10     11     13
      9      8     11     10     13
     11     10     15     10     11
     11     10      9     10      9

      8      8      7      9      9
     10      8      7      9      6
     10      7      9      8      6
     10      9     10      9      8
     10      9      5      9      8

    -16     17     -8    -12      8
     26     17     -8    -12    -21
    -18    -23    -23    -25    -21
    -25    -22    -22    -17    -19
    -25    -22     -1    -22    -21

      4      5      5      5      4
      5      5      5      5      6
      7      4      5      5      6
      5      4      4      6      4
      5      4      4      6      3

      2      1      4      4      1
      5      1      4      4      1
      4      3      4      1      1
      3      0      3      3      4
      3      0      1      2      3

      0      0     -1      2      0
      0      0     -1      2      1
      0      0      1      1      1
      1      0      0      0      2
      1      0      0      1      0

      0      0      0      1      0
      0      0      0      1     -1
      1      0      0      0     -1
      0     -1      0      0      0
      0     -1      0      0      0

      3      1     -2      1      0
      2      1     -2      1      1
      0     -1      0      0      1
      0      0      0      0      1
      0      0      0      0     -1

      0      0      0      1      0
      1      0      0      1      0
      0     -1     -1     -1      0
      0      0      0      1      0
      0      0      0      0      1

      2     -2     -5      2     -6
     -1     -2     -5      2     -1
      0     -1      0      0     -1
     -1      0      1      3     -2
     -1      0      2      4      3

      0      0     -2      1      0
      2      0     -2      1      0
      0     -2     -1      0      0
      1      0      0      0     -1
      1      0      1     -3     -1

      4     -2     -2      1      2
      1     -2     -2      1     -1
      2      0      0      0     -1
      1     -1      0      1      2
      1     -1      4      0      0

      0      0     -2      3      1
      0      0     -2      3      1
      5      0     -2      1      1
      0      0      0      0      0
      0      0      1     -1      0

      2      3      2      2      0
      2      3      2      2      0
      4      1      3      0      0
      1      0      4     -1      4
      1      0      0      0      0

      0      1      1      1      2
      3      1      1      1      1
      3      4      0      1      1
      3      0     -1      0      2
      3      0      1      1      0

      2      2      4      2      3
      5      2      4      2      2
      3      2      2      2      2
      1      0      0      3      3
      1      0      1      0      0

      3      3      1      2      7
      4      3      1      2      5
      5      2      3      1      5
      4      1      2      2      3
      4      1      4      2      2

      2      4      2      3      2
      6      4      2      3      1
      1      3      2      0      1
      2      3      4      3      2
      2      3      2      4      0

      5      5      3      5      3
      3      5      3      5      5
      6      5      3      3      5
      2      0      4      4      2
      2      0      3      5      3

      6      8      6      6      5
      8      8      6      6      5
      8      5      4      5      5
      7      5      8      6      5
      7      5      5      8      7

     10     10     10      9      9
     10     10     10      9      9
      9      7      9      9      9
      8      8      8      9      9
      8      8      9      9      6

     12     11     10     12     10
     12     11     10     12     12
     11      9     10     11     12
     10      9     10     11      9
     10      9     11      8      9

     12     14     12     13     13
     13     14     12     13     10
     12     11     13     10     10
     13     11     12     12     10
     13     11     10     10     10

     12     14     10     13     10
     11     14     10     13     11
     12     10     10     11     11
     10     11     12     13     10
     10     11     11     11      9

     11     10     14     13     12
     13     10     14     13     12
      9     10     12      8     12
     13     10     13     14     14
     13     10     14     10     12

     14     13     13     14     12
     12     13     13     14     13
     13     12     12     11     13
     14     12     12     12     10
     14     12     13     13     12

     12     13     10     13      9
     15     13     10     13     10
     11     11     13      9     10
     11     12     12     11     13
     11     12     10     10     11

     13     12      9     12      9
     11     12      9     12     10
     12     11     10      8     10
      9     10     12     12     10
      9     10      8     10      9

     10     10     10     12      9
     12     10     10     12      9
     11     12      9      9      9
     10     10     11      9     10
     10     10      9     11      8

     10     11     10     10      8
     12     11     10     10      9
     14     12     10     10      9
     11      9      9     11      9
     11      9     11      9      9

      9     10      9     10      9
      9     10      9     10     10
      9     12     11     10     10
     10      9      9      9     10
     10      9     10     10      9

      8      9     11      9      9
     11      9     11      9      9
     10     10     10      9      9
      9      9     11      9      9
      9      9      8      8      8

     10      9      9     11      9
     11      9      9     11      9
     12     10     11     10      9
      9      8     12     11     11
      9      8      9      9      8

      9     10      9      9      9
     10     10      9      9     10
     10      8      9      9     10
      9      9      8      9      9
      9      9      7     12     10

     10      8      7      9      9
     10      8      7      9      8
     10      7      8      9      8
      8      8     10     11      9
      8      8      9      8      6

     10     10      8      8      9
     10     10      8      8     10
      8      9      8      7     10
      8      9      8      9      7
      8      9      9      7      9

      7      9      7      7      9
      9      9      7      7      8
     10      7      9      8      8
      9      8      8      9      9
      9      8      7      7      8

      9      9      7      8      7
     10      9      7      8      7
      7      8      9      8      7
      8      8      6      9      7
      8      8      7      9      7

      9      8      7      8      8
     10      8      7      8      7
     10      8      8      6      7
      7      9      8      9      9
      7      9      8      8      6

      7      8      7      7      8
      9      8      7      7      4
      9      7      9      6      4
      8      7      9      9      8
      8      7      7      7      9

      6      8      7      7      7
      6      8      7      7      8
      9      7      9      6      8
      7      5      4      8      8
      7      5      6      6      6

      8      7      6      7      5
      7      7      6      7      6
      7      5      6      8      6
      6      6      6      8      9
      6      6      5      6      6

      5      7      7      6      4
      5      7      7      6      4
      7      6      8      7      4
      7      5      6      6      8
      7      5      6      5      6

      7      8      7      5      5
      7      8      7      5      5
      5      4      6      4      5
      5      5      6      6      5
      5      5      5      6      7

      7      7      8      6      8
      7      7      8      6      8
      8      7      8      6      8
      6      4      5      6      5
      6      4      7      7      4

      5      5      5      4      4
      6      5      5      4      4
      7      4      3      4      4
      5      3      5      3      4
      5      3      4      5      5

      3      5      3      6      4
      6      5      3      6      4
      7      2      4      3      4
      5      3      3      5      3
      5      3      5      4      4

      5      4      4      4      3
      5      4      4      4      3
      4      4      4      2      3
      3      2      4      3      4
      3      2      4      2      4

      3      1      5      3      2
      2      1      5      3      2
      3      1      2      2      2
      3      2      3      0      3
      3      2      2      3      0

      2      2      1      1      3
      1      2      1      1      0
      3      1      4      1      0
      0      0      0      2      2
      0      0      0      0      0

      2      0      0      2      1
      1      0      0      2      1
      0      0      0      1      1
      1      0      1      2      1
      1      0      0      1      2

      0      1      2      0     -1
      0      1      2      0      0
      0     -1      0     -2      0
     -1      0      0      0      0
     -1      0      0      0      0

      0      0      0      0      1
      0      0      0      0      0
      0      0      0      2      0
      1     -1      0      0      0
      1     -1     -1      0      0

      0      0      1      0      0
      0      0      1      0      0
      2     -2      0      0      0
      0     -2      1      0      0
      0     -2      1     -1      0

      2     -1      0      0     -1
     -1     -1      0      0     -1
      0      0      0      0     -1
      1     -1     -1      0      0
      1     -1      0     -1      0

      0      0     -2      0     -1
      0      0     -2      0      0
      2      0      0      0      0
      0      0      0     -1     -1
      0      0     -1      0     -1

      0      1      1      0      1
      0      1      1      0      0
      2      0      1     -1      0
      1      0      1      0      0
      1      0      0     -1      1

      0      0      0      1      0
      1      0      0      1      0
      2      1      1      0      0
      2     -2      0      0     -1
      2     -2      0      0      1

      0      1      0      1      1
     -1      1      0      1      0
      1      0      0      1      0
      0      0     -1     -1      2
      0      0      0      0     -1

     -1      0      0      0      0
      0      0      0      0      0
      2      0      0      0      0
      0     -1      1      0      0
      0     -1      0      0     -1

      0      0      0     -2     -1
      0      0      0     -2      1
      0     -1      0      1      1
     -2     -1      3      0     -1
     -2     -1     -1     -1      0

     -1      0      0      0      0
     -1      0      0      0      0
      0      0      0      0      0
      0      0      2     -1      0
      0      0     -1     -1      0

      0      0      0      0      0
      1      0      0      0      0
     -1      0      0      0      0
      0      0      2      0      0
      0      0     -1     -1      0

     -1      0      0      0      0
      1      0      0      0      0
     -1      0      0      0      0
      0     -2      1      0      0
      0     -2      0      0      0

     -1      0     -1      0      0
      0      0     -1      0     -1
      0      0     -1      1     -1
     -1      0      0      1      0
     -1      0     -1      0      0

      0      1     -1      0      0
      0      1     -1      0      0
      0      0      0      0      0
     -1      0      1      0      1
     -1      0      0      0      0

      1      0     -1      0     -1
      0      0     -1      0      0
      0      0      0      0      0
      0      0      1      0      1
      0      0      0      0      0

      0      0      1     -1      0
      0      0      1     -1     -1
      0      1      0      1     -1
     -1      0      0      0     -1
     -1      0      0     -1      0

      1      0      0      0      0
      0      0      0      0      0
      0      0      0      2      0
     -1      1      2      1      0
     -1      1      0      1      0

      0      1      1      0      1
      1      1      1      0      3
      2      2      2      2      3
      0      0      3      3      1
      0      0      0      0      1

      2      3      3      1      1
      2      3      3      1      3
      3      3      2      3      3
      1      0      3      1      2
      1      0      1      3      0

      2      1      3      3      3
      2      1      3      3      3
      3      3      3      3      3
      2      2      5      2      2
      2      2      2      2      1

      2      1      1      1      1
      1      1      1      1      2
      2      1      2      3      2
      1      3      3      2      2
      1      3      2      2      1

      0      0      1      0      0
      1      0      1      0      1
      3      0      1      0      1
      0     -1      2      2      1
      0     -1      0      1      0

      0      2      1      1      2
      1      2      1      1      1
      2      1      2      1      1
      0      0      2      0      1
      0      0      1      0      0

      2      4      3      3      3
      2      4      3      3      3
      2      1      2      2      3
      2      2      4      4      2
      2      2      4      2      2

      4      4      5      3      3
      3      4      5      3      3
      4      4      4      5      3
      4      2      6      3      4
      4      2      4      3      3

      3      3      3      2      2
      4      3      3      2      2
      5      4      2      3      2
      2      2      6      3      3
      2      2      3      4      2

      2      3      2      3      2
      4      3      2      3      2
      3      3      0      1      2
      2      2      3      2      1
      2      2      1      2      2

      3      2      2      2      2
      3      2      2      2      2
      2      4      1      4      2
      2      2      3      2      3
      2      2      2      1      2

      3      3      4      4      2
      3      3      4      4      3
      3      4      3      3      3
      3      2      5      3      2
      3      2      3      3      2

      2      4      3      2      4
      3      4      3      2      3
      3      4      3      4      3
      3      3      5      3      4
      3      3      2      4      4

      3      3      3      4      3
      2      3      3      4      3
      4      4      2      4      3
      3      3      4      5      4
      3      3      4      2      3

      3      4      3      3      3
      3      4      3      3      4
      4      3      3      4      4
      4      2      5      4      4
      4      2      3      2      3

      4      4      2      3      4
      3      4      2      3      3
      4      4      4      4      3
      3      3      7      4      3
      3      3      5      4      2

      3      4      4      3      3
      2      4      4      3      3
      5      2      3      4      3
      3      3      5      4      3
      3      3      4      3      2

      3      4      4      5      3
      3      4      4      5      3
      4      3      3      4      3
      3      3      6      4      3
      3      3      4      4      4

      3      4      5      4      2
      1      4      5      4      4
      4      4      3      3      4
      3      2      4      4      3
      3      2      3      1      2

      2      3      1      3      3
      3      3      1      3      4
      3      3      3      4      4
      3      3      3      3      4
      3      3      3      4      3

      2      3      4      3      2
      3      3      4      3      3
      4      4      4      4      3
      2      2      4      5      2
      2      2      2      3      0

      3      3      2      2      3
      3      3      2      2      3
      4      1      3      3      3
      3      2      5      4      5
      3      2      3      3      3

      1      3      2      4      2
      3      3      2      4      2
      2      3      2      2      2
      3      2      5      5      2
      3      2      2      2      1

      3      3      1      1      2
      5      3      1      1      2
      4      3      3      2      2
      3      4      5      4      4
      3      4      4      2      3

      2      2      2      2      2
      3      2      2      2      2
      3      3      1      3      2
      2      2      5      4      3
      2      2      5      2      1

      3      3      2      2      3
      3      3      2      2      3
      3      2      2      2      3
      3      1      4      4      3
      3      1      2      3      4

      1      4      3      1      1
      2      4      3      1      4
      3      3      2      4      4
      2      2      5      4      2
      2      2      3      2      3

      2      4      2      2      2
      2      4      2      2      3
      4      3      3      3      3
      1      0      4      3      2
      1      0      1      3      3

      3      4      4      3      1
      2      4      4      3      4
      2      3      2      4      4
      5      0      4      4      2
      5      0      1      3      3

      1      3      4      3      2
      2      3      4      3      2
      4      3      2      2      2
      3      3      6      3      3
      3      3      2      2      3

      4      1      3      4      1
      1      1      3      4      2
      2      3      2      2      2
      4      0      5      2      3
      4      0      2      2      1

      3      3      3      1      2
      2      3      3      1      2
      3      1      2      2      2
      3      2      3      2      3
      3      2      3      2      3

      3      3      2      3      1
      1      3      2      3      2
      1      2      2      2      2
      2      2      4      4      1
      2      2      0      2      3

      1      1      1      3      2
      1      1      1      3      3
      1      1      3      2      3
      2      0      1      1      1
      2      0      1      1      3

      1      4      1      3      2
      3      4      1      3      2
      2      3      0      1      2
      1      0      4      4      2
      1      0      2      2      3

      2      2      2      2      1
      0      2      2      2      1
      1      3      3      1      1
      0      0      4      3      2
      0      0      0      4      1

      2      3      3      2      2
      2      3      3      2      2
      2      2      3      2      2
      3      0      2      1      1
      3      0      0      1      1

      1      0      0      0      1
      2      0      0      0      1
      0      2      1      1      1
      1      1      4      3      0
      1      1      1      1      1

      0     -1      1      1      1
      1     -1      1      1      0
      0      2      1      1      0
      2      1      1      1      3
      2      1      0      0      0

      1      2      0      1      3
      1      2      0      1      1
      0      3      3      2      1
      1      0      2      2      1
      1      0      0      0      0

      1      1      1      0      3
      1      1      1      0      1
      2      0      1      0      1
      0      0      3      0      1
      0      0      1      1      0

      0      0      0      2     -1
      1      0      0      2      1
      0      1      2      2      1
      0      0      1      1      2
      0      0      0     -1      0

      0      1      1      0      3
      0      1      1      0      2
      0      1      2      0      2
      1     -1      3      0      0
      1     -1      0      0      0

     -1      2      1      1      2
      0      2      1      1      0
      1      2      3      1      0
      0      0      1      2      0
      0      0      0      0      1

      2      0      0      1     -1
     -1      0      0      1      1
      3      0      0      1      1
     -2      1      2      2      0
     -2      1      0      0      1

      0      0      1      0     -1
      0      0      1      0     -1
      3      0      1      0     -1
     -1     -1      0      2      4
     -1     -1      0      1      0

      0      0     -1      1      0
     -1      0     -1      1      0
      3      3      1     -1      0
      0      0      1      1      0
      0      0      0      2      0

     -1      0      2      0     -1
     -1      0      2      0     -1
      0      0      1     -2     -1
      0     -3      1      2      1
      0     -3      1     -1      0

     -3      2      2      0     -1
      1      2      2      0      0
      0      1     -3      0      0
     -2      0      2      1      1
     -2      0      0      1      2

      0      2      0      0      2
      0      2      0      0     -1
      0      0      2      2     -1
      0      0      0      0      1
      0      0      1      0      1

     -1      2     -1      2     -1
      0      2     -1      2      1
      0      0     -1      1      1
      0     -2      2      0      2
      0     -2      1      0      0

     -1      2     -2      0      0
      0      2     -2      0      0
      0      2     -1     -2      0
     -1     -1      2      0      0
     -1     -1      2      0      0

      0      0     -2      0      0
      0      0     -2      0      2
      0     -2      0      0      2
      0     -4      5     -1      0
      0     -4     -2     -1      0

     -2      2      0     -1      1
     -2      2      0     -1      0
      0      0      0      0      0
     -3     -1      5      0      0
     -3     -1      0     -2     -2

