;
; ENVI ASCII Output of file: E:\Imaging\ROI_AVIRIS_TestSet\5_1_1.img [Wed Dec 06 10:36:02 2017]
; File Dimensions: 5 samples x 5 lines x 224 bands
; Line Format    : (5i7)
;
    515    492    499    499    504
    504    525    509    516    498
    495    518    505    492    506
    518    503    507    504    504
    512    507    504    517    510

    591    604    614    595    604
    597    619    608    615    617
    595    587    609    615    603
    596    620    585    582    611
    617    598    588    603    607

    646    639    640    642    632
    649    641    644    635    636
    635    639    640    622    629
    648    633    642    640    642
    646    664    631    645    648

    807    813    815    806    812
    824    824    824    825    809
    821    827    813    798    813
    813    819    799    800    807
    815    821    804    811    827

   1204   1193   1191   1197   1200
   1195   1204   1201   1206   1199
   1195   1182   1190   1189   1188
   1201   1207   1190   1189   1189
   1212   1204   1202   1198   1209

   1265   1256   1245   1255   1253
   1261   1262   1270   1264   1255
   1257   1255   1244   1240   1248
   1259   1261   1244   1242   1254
   1271   1263   1257   1262   1261

   1188   1169   1164   1182   1181
   1190   1188   1189   1182   1180
   1185   1175   1171   1172   1184
   1183   1186   1173   1179   1187
   1190   1186   1192   1175   1193

   1102   1089   1081   1090   1095
   1085   1099   1094   1087   1096
   1087   1084   1079   1077   1079
   1090   1097   1083   1085   1092
   1091   1102   1085   1091   1088

   1187   1172   1170   1184   1176
   1172   1184   1177   1181   1179
   1177   1167   1155   1159   1167
   1182   1179   1173   1164   1177
   1183   1178   1187   1177   1179

   1209   1196   1190   1191   1193
   1197   1192   1201   1201   1193
   1200   1188   1179   1170   1183
   1201   1200   1188   1188   1195
   1201   1207   1202   1199   1197

   1177   1151   1150   1160   1152
   1162   1171   1158   1154   1158
   1159   1149   1146   1142   1146
   1164   1161   1148   1150   1158
   1167   1165   1171   1168   1156

   1104   1082   1080   1079   1088
   1079   1094   1080   1086   1086
   1085   1078   1066   1071   1070
   1096   1091   1076   1078   1080
   1080   1092   1098   1082   1088

   1039   1024   1017   1027   1016
   1020   1030   1020   1023   1012
   1015   1008    998   1005   1015
   1022   1030   1018   1009   1019
   1021   1028   1029   1018   1020

    938    911    908    924    916
    925    928    917    917    918
    919    907    918    914    909
    921    931    914    915    926
    917    928    934    921    922

    851    831    831    831    829
    831    836    826    832    831
    835    822    825    821    821
    835    848    837    824    838
    832    837    848    827    833

    750    730    734    734    735
    736    738    728    726    730
    734    715    719    721    729
    739    738    727    729    740
    731    739    742    737    734

    652    643    645    649    643
    644    645    639    642    647
    642    635    636    640    641
    649    656    641    644    653
    639    653    648    644    647

    621    610    611    616    610
    610    611    606    606    614
    609    604    604    608    607
    615    621    608    612    620
    605    616    615    610    615

    588    577    576    582    576
    575    577    572    570    579
    576    571    571    575    573
    581    585    574    580    587
    570    579    580    575    582

    543    532    535    541    528
    532    529    527    536    534
    533    529    532    534    531
    542    544    534    538    545
    537    544    544    537    536

    494    490    485    489    489
    490    486    489    486    485
    490    481    486    488    483
    498    497    484    488    501
    484    488    495    488    487

    457    448    443    452    448
    445    443    440    443    446
    443    441    437    446    447
    454    455    450    450    455
    447    454    450    445    450

    423    413    413    418    412
    416    407    409    409    412
    417    405    411    415    418
    422    423    413    416    418
    409    420    416    413    423

    373    370    363    366    362
    364    366    361    363    368
    364    363    367    372    368
    376    373    368    365    371
    363    369    369    368    369

    345    340    336    340    339
    338    332    333    334    343
    340    334    340    341    340
    346    348    342    342    347
    340    341    343    343    346

    334    327    324    326    327
    323    323    319    325    329
    324    323    323    331    331
    333    336    330    329    339
    328    330    330    325    331

    309    305    300    305    300
    301    298    298    299    305
    304    303    301    308    303
    308    311    302    308    311
    306    306    303    300    308

    284    280    277    282    279
    279    278    274    280    278
    281    280    283    286    283
    281    286    282    283    286
    281    286    280    280    284

    273    273    267    264    267
    268    265    260    266    269
    268    265    270    272    269
    271    278    271    274    276
    269    276    267    267    273

    254    246    242    244    247
    245    246    242    249    250
    243    248    249    251    249
    251    254    253    249    254
    245    250    247    245    252

    241    233    232    231    231
    231    231    233    230    236
    234    230    236    238    234
    239    238    233    239    242
    233    235    234    231    236

    234    228    227    230    224
    225    225    224    226    227
    229    229    233    232    232
    234    237    230    229    234
    229    233    231    230    234

    229    229    223    228    226
    225    225    226    223    227
    230    232    236    230    227
    233    237    224    233    234
    229    228    232    228    231

    234    229    227    229    223
    226    226    225    225    226
    228    229    233    233    231
    234    238    230    228    234
    229    233    230    230    234

    216    217    210    209    210
    211    208    210    210    206
    210    212    218    217    215
    219    222    211    212    221
    208    215    209    217    215

    187    191    190    184    188
    187    179    187    183    183
    184    187    193    192    185
    196    197    186    187    193
    187    189    188    188    190

    163    170    162    162    161
    167    163    165    161    157
    161    167    169    171    165
    174    174    163    162    174
    163    170    163    166    170

    159    164    157    155    156
    160    157    160    157    151
    154    161    162    165    157
    162    165    158    154    164
    156    161    157    164    160

    141    153    148    140    138
    148    144    145    146    140
    140    146    148    150    141
    147    152    143    144    147
    141    148    138    148    145

    112    119    114    107    108
    116    109    115    110    106
    109    115    117    118    112
    116    117    111    111    117
    112    116    109    116    113

    117    127    122    114    114
    123    119    124    119    115
    115    122    123    125    117
    124    128    120    114    124
    118    126    116    123    121

    126    136    134    123    121
    135    129    134    129    124
    121    131    131    134    128
    135    137    128    125    135
    128    136    122    136    131

    125    138    130    126    124
    134    129    135    130    122
    123    132    131    138    126
    136    139    129    124    137
    128    138    122    134    132

     73     83     79     74     74
     81     78     83     78     75
     74     81     81     83     75
     80     83     75     75     80
     78     83     74     80     78

     98    111    105     94     95
    106    101    105    101     96
     93    104    104    107     98
    105    106    101     96    106
     99    106     93    106    103

    103    113    109    100     99
    109    107    110    105     98
     98    109    111    115    102
    111    114    104     99    112
    105    116     97    112    108

     93    107    100     92     91
    103     98    101     97     92
     93     98    101    104     92
    103    104     97     94    103
     96    106     90    102     98

     88     99     93     86     84
     96     92     95     89     87
     82     94     93     97     87
     94     98     90     83     95
     87     97     83     93     90

     80     89     88     78     78
     88     86     88     84     77
     78     84     84     90     78
     85     88     80     78     88
     84     89     74     88     85

     64     74     69     61     63
     68     70     71     67     62
     62     67     70     71     63
     68     70     64     62     72
     66     73     59     70     69

     63     76     71     62     62
     71     70     72     66     63
     60     70     71     72     63
     70     74     65     62     69
     67     74     60     71     68

     65     79     73     65     65
     74     72     74     68     64
     63     69     73     75     65
     72     75     69     64     73
     71     79     62     74     71

     72     84     77     68     69
     79     79     81     76     70
     68     75     76     83     68
     79     80     74     69     81
     75     83     65     79     75

     65     82     72     63     65
     74     70     77     71     63
     63     67     73     75     64
     72     76     69     64     75
     69     76     61     73     69

     64     76     70     61     62
     71     72     73     68     62
     62     71     70     73     62
     72     73     67     62     72
     67     75     59     75     69

     58     72     66     60     57
     67     69     69     65     58
     57     66     68     70     59
     66     69     63     55     69
     63     69     54     67     62

     57     70     62     57     55
     64     66     67     63     56
     53     60     63     67     55
     65     66     61     54     66
     62     69     52     66     62

     44     55     49     43     43
     52     52     54     48     42
     41     45     50     52     43
     50     52     46     43     51
     47     52     41     52     47

     38     48     43     37     38
     44     43     46     40     36
     36     40     42     45     35
     44     44     39     37     41
     41     46     35     45     43

     32     42     39     34     34
     40     41     41     37     35
     33     37     40     40     32
     40     41     37     33     40
     38     43     30     41     38

     30     37     35     31     31
     35     35     37     33     31
     30     33     36     38     29
     36     37     32     28     36
     32     40     27     38     34

     19     26     23     20     22
     22     23     25     24     19
     19     20     27     23     18
     24     25     21     22     22
     21     25     17     25     22

     13     16     16     14     15
     17     17     19     16     13
     14     16     17     16     12
     16     18     15     14     15
     17     17     12     17     16

     14     19     19     14     16
     18     18     19     16     16
     14     16     18     18     13
     17     18     15     16     17
     16     20     14     18     16

     24     33     28     25     24
     29     31     31     28     24
     24     28     28     30     23
     29     30     27     23     30
     27     32     22     30     27

     28     35     33     30     28
     33     35     35     31     28
     26     32     34     36     26
     34     34     31     26     34
     31     36     23     36     31

     32     44     39     32     31
     38     41     40     36     33
     31     37     39     41     31
     37     39     35     30     38
     35     43     28     41     36

     35     44     39     34     35
     41     43     44     39     33
     33     37     40     42     32
     39     41     36     31     41
     37     46     31     43     38

     33     43     37     31     32
     41     41     42     36     33
     31     36     39     41     31
     38     41     36     29     38
     35     43     28     42     37

     31     43     38     32     33
     41     41     43     38     31
     31     37     39     41     31
     38     41     36     30     39
     36     44     28     41     35

     32     43     37     31     30
     41     39     42     36     31
     28     36     38     40     30
     38     38     34     30     38
     35     44     27     41     34

     28     39     34     29     29
     37     36     38     33     28
     26     32     35     37     27
     34     36     31     26     34
     33     38     24     37     32

     28     38     35     28     28
     37     36     38     33     29
     26     33     35     37     26
     34     35     32     25     35
     33     39     23     39     32

     25     36     33     26     26
     36     34     36     31     26
     24     29     32     33     24
     32     33     29     25     32
     30     36     23     34     29

     25     37     32     26     25
     33     33     36     30     25
     23     30     31     34     24
     32     33     29     23     32
     29     34     21     35     28

     22     33     29     24     23
     30     31     32     26     23
     21     26     29     30     21
     28     29     27     22     27
     25     30     19     30     25

     21     31     27     21     21
     27     28     30     24     21
     19     24     26     28     19
     26     27     24     19     25
     24     29     17     28     23

     19     28     25     19     19
     25     25     28     22     20
     17     21     24     26     17
     24     25     22     17     24
     22     28     15     25     21

     14     22     19     15     15
     19     20     22     17     15
     13     17     18     21     14
     18     20     16     13     20
     17     22     12     20     17

     10     13     13      9     10
     13     12     14     11      9
      9     10     12     12      9
     11     13     10      8     11
     12     13      8     13     10

      3      6      5      4      4
      5      4      6      4      4
      3      3      5      5      3
      5      5      4      4      4
      4      6      4      6      5

      3      5      3      3      4
      4      2      4      3      3
      3      3      5      3      2
      4      7      3      2      3
      4      5      3      4      2

      4      7      5      5      4
      6      5      6      5      5
      4      4      5      5      3
      5      5      5      4      5
      5      5      3      5      4

      4      7      4      5      4
      5      4      7      4      4
      3      4      5      4      4
      5      6      5      4      4
      5      6      4      6      4

      5      9      7      6      5
      8      8      9      7      7
      5      6      7      7      6
      7      8      5      6      7
      6      8      5      8      5

      9     15     14     10     10
     13     13     14     11     10
      8     11     13     13      8
     11     13     11      8     12
     11     14      8     14     11

     10     17     14     10     10
     16     16     18     13     10
     10     13     14     15     10
     14     16     12      9     13
     13     17      9     16     12

      9     15     13     10     10
     15     13     15     12     10
      9     11     13     14     10
     12     15     12      8     12
     11     16      8     15     11

     10     17     13     11     10
     15     17     15     13     10
      9     12     14     14      9
     13     15     12      9     14
     11     15      8     16     11

      9     14     12      9      9
     13     13     13      9      9
      7     10     13     12      7
     12     12     11      7     10
     10     14      6     13     10

     11     18     15     11     10
     14     14     14     13     10
     10     13     13     14      9
     13     14     12      9     14
     12     16      7     16     12

     10     17     13     10     11
     16     14     15     13     10
      8     12     14     15      8
     13     15     12      9     15
     12     17      8     16     12

     10     18     15     11     11
     16     15     17     13     11
     10     15     14     16     10
     15     16     13      9     14
     13     18      8     18     13

     11     18     15     11     12
     16     17     18     13     11
      9     12     14     17     10
     15     15     13      8     14
     13     17      8     15     12

     10     18     15     11     10
     15     15     17     12     10
     10     12     13     15      9
     13     15     12      8     14
     12     15      8     14     12

      9     15     14      9      9
     13     13     15     10      9
      9     11     13     15      8
     12     13     10      7     14
     11     14      7     13     10

     10     18     15     11     10
     15     15     17     12     10
     10     12     13     15      9
     13     15     12      7     14
     12     15      7     14     12

      9     13     12     12     19
     10     12     17     13     12
     12      9     14     14      9
     12     14     14     10     16
     14     14     12     10      8

      9     11     18      8     13
     10      7     14     12     17
      9     12     13     12      6
     11     15     11      8     10
     13      8     10     13     10

      9     12     13     13     15
     11     11     12     14     10
     10     15     10     13     10
     10     16     13      9     13
     11      9     12     13     10

      9     13     13     10     13
     10     12     16      8     13
     13     11     11     10      8
     13     13      9     11     14
     12     13      9     14      8

      8     10     10      9     10
     13     10     11      9     10
     11     11     11     13      8
     10     12      9      7     12
     11      6      7      9      7

      6      7      7      6     10
      5      6     10      7      8
      7      9      9      7      7
      9      9      7      6      8
      9      8      7      9      8

     73     52     52     56     57
     53     77     76     73     50
     38     17     -2      2     -2
     -6    -10    -42    -41    -27
      6      5     -4      0    -22

      4      4      4      7      4
      2      2      5      4      5
      1      7      3      5      2
      3      4      3      5      6
      4      0      3      4      4

      3      5      3      2      3
      2      3      3      4      2
      3      3      2      2      2
      6      3      1      0      3
      3      3      2      4      1

     -2      0      2      0      0
      0      0      0      1      0
      0      1     -1      0      0
      1      0      0     -1      1
      2      0      0      1      0

      0      1      0      0      0
      0     -1      0      0      0
      0      0      2      1     -2
      1     -1      0     -1      0
      0     -2     -1      1     -2

      0      1      0     -1      3
      0     -2      0      1     -1
     -1      1     -3     -3     -1
     -1      2     -1      0      2
      0     -1      0      0     -1

      0      0      0      0      0
      0      0      1      0      0
     -1      1     -1      0      0
      3      0      0     -1      0
      0     -2      0      0      0

      0      1      2      4      4
      0      1      8      0      0
      1      0     -1     -1     -4
     -1      1      1     -1      0
     -2     -7    -12      0     -6

     -4      0     -1     -3      1
     -2     -2      3      0      2
      0      1     -2      1     -3
      1      3     -1     -2      1
      0      2      1      1      2

      0      0      2      0      2
     -3     -1      3      0      0
      1      0      1     -3      0
      0      3      0      0      2
      1      0      0      1     -1

      0      0      1      0      1
      1     -1      1      2      3
      0      0      1      0      0
      2      0      0     -2      1
      0      1      0      1      0

     -1      1      0      0      5
      0     -1      5      2      0
      0      0      2      0      1
      0      2      1      0      3
      1      1      0      2     -1

     -1      4      2      0      2
     -1      1      4      0     -1
      1      2      0      1      2
      0      3      0      0      2
      2      2     -1      0     -1

      0      3      4      1      3
      4      2      4      4      4
      0      6      0      0      3
      0      4      1      0      5
      4      0      2      2      2

      1      4      6      3      3
      4      2      3      4      4
      2      3      3      3      3
      2      2      3      2      5
      1      2      1      6      1

      0      1      1      1      2
      4      0      3      4      1
      1      3      3      1      1
      1      3      4      1      2
      3     -2      4      0      2

      0      2      2      2      5
      2      1      5      4      4
      2      3      3      4      2
      2      3      3      4      4
      5      4      3      2      4

      4      7      5      4      5
      8      4      8      4      5
      4      7      7      4      6
      5      6      7      6      7
      5      7      5      7      5

      7      7      6      7     10
      9      7      8      8      9
      7      9      6      7      7
      9     10      6      7     10
     10      6      8      8      8

     10     12     11      9      9
      9      9     10     10     11
      8     10      9     10     10
     10     11      9      8     11
     11      9      7     10      8

      8     12     12      9      9
     10      8     11     11     10
     10     11      9      8      9
     10     12     12      9     10
     11     10     10      9     10

      9     11     10      9     11
     10     11     13     11     10
     10     11     10     10     11
     11     11     10     11     10
      8     11      8     13     11

     11     11     10      7     10
      8      9     10     11     12
     12     13     12     12     14
     12     12     10     15     11
     10     11     12     14     11

     10     12     13     13     12
     11      9     13      9     11
     12     11     12     12      9
      9     12     11      9     12
     11     13     11     11      8

     10      9     12     10     12
     12     11     11     11     11
      9     11     10     10      8
     11     12     11     10     10
     11     10      9     10      9

      8      9      9     11     11
      9      8     11      9      8
      9      8     12     11      9
     10     10      9     10     11
      9      8      9     10      7

      8      9     11     10      9
     10     10     13     10      9
      8     10      9      7      7
     10     10     10      9     10
     10      8      7     11     10

     10      9      8      9     11
     10      7      9      8      9
      9     11      9     10      8
      9     10     10     10      8
      8      8      8     10      8

      6      8     11      7     10
     10      8     11     10     10
      8      8      8      8      9
      8      8      7      8      9
      7      8      7      8      6

      8      8      7      8     10
      8      8      8      8      8
      7      9     10      8      8
      7      8      8      7      8
      9      7      6     11      8

      6     10     10      8     10
     10      9     10     10      9
      8     10      9      7      6
     11      9      8      9      8
      8      7      9      7      6

      7      8     10      8     10
      9      8      9     10      9
      8     10      7      9      9
     10     10      9      8      7
      9      8      8      8      8

      8      7      9      7      9
      8      6      8      8      8
      7      9      7      7      8
      9     10      6      8      8
      8      8      7      7      5

      5      9      8      9      9
      9      8      9      8      8
      6     10      7      7      8
      7      8      8      6     10
      7      6      8     10      6

      7      8      9      5      9
      6      7      8      7      7
      7      9      9      7      6
      5      8      7      7      9
      8      5      6      8      6

      6      7      8      5      9
      7      8     10      8      8
      6      7      6      7      7
      8      8      7      6      8
      8      6      6      8      6

      6      8      9      7      7
      8      5      8      8      6
      6      8      6      7      8
      7      8      7      6      7
      8      8      7      8      5

      6      7      9      6      7
      7      8      8      7      6
      6      7      7      6      5
      6      7      6      6      6
      6      8      6      7      5

      7      7      7      7      6
      9      6      8      6      7
      7      7      8      5      7
      6      6      7      5      8
      5      6      5      7      8

      6      6      7      5      7
      6      6      6      8      6
      5      7      7      6      6
      9      6      6      6      8
      6      4      4      7      6

      4      4      5      4      6
      4      6      6      5      4
      7      5      7      5      5
      5      6      2      5      6
      4      6      3      6      5

      3      5      4      4      5
      5      5      7      5      4
      3      6      5      3      5
      5      6      6      5      5
      5      5      5      5      5

      3      3      6      3      7
      3      1      5      4      3
      4      5      3      4      4
      8      5      2      3      3
      4      3      5      3      2

      3      5      3      4      4
      4      5      5      6      6
      3      5      4      3      4
      6      5      5      5      4
      4      4      3      6      4

      2      3      4      5      4
      2      4      4      4      4
      4      3      4      5      4
      3      3      3      3      5
      5      3      5      7      2

      0      2      3      1      4
      2      2      4      4      3
      3      4      2      3      3
      3      3      1      2      3
      4      3      3      4      0

      1      4      2      0      4
      2      2      3      3      2
      3      3      2      2      0
      2      2      2      1      1
      2      3      0      4      0

      0      3      2     -1      2
      1      0      2      1      1
      1      2      2      0      0
      4      1      1      1      3
      2      0      1      1      0

     -1      2      2     -1      2
      0      1      2      0      0
      0      1      0      0      0
      0      3      1      1      2
      2      1      0      0      0

     -2      0      0     -2      0
      0      0      0     -1      0
      0      1      0      0      0
      2      0      0      0      0
      0     -1     -1      2     -3

     -1      1      0     -2      1
      0      0      1      1      0
      0      0      0      0      0
      0      2      0     -1      0
      2     -1     -1      1      0

      0      1      1      0      0
      0      1      0      0     -1
      0      1      0      0      0
      0     -1      0     -2      0
      3      1      1      2      0

     -2      0      2     -1     -1
     -3     -1      1      0     -1
      0      0     -1      0      0
      0      0      0      0      0
      0     -1      0     -2     -2

     -1      0      0     -1      0
     -1     -1      1      2      0
      0      2      0      0      1
      0      1      3     -2      0
      0      0     -1      0      0

      0     -1      0      1      1
     -1      0      0      1      0
      0      0      0     -1      0
     -1      1      0     -1     -1
      0     -4     -2      0      0

      0      0      0     -1      0
     -2      0      1      0      2
      2      1      0      0     -1
      0      0      0     -1      1
      0      0     -2      0     -2

     -2      0      0     -1      1
      0     -2     -1      0      0
     -1      0      0      0      0
     -1      0      0      1      0
     -1     -2     -3      1     -1

      0     -2      1      1      0
      1      0      0      0      0
      0      0      1      0      0
      0      0      1     -2      1
      0      1      0      0      0

      0     -1      0      0      0
      0      0      0     -1      0
      0      0      0      2     -1
      0      0      1      0      0
      1      0      0      0     -1

      0      0      1      0      0
      0     -1      0      0      2
      2      0      2      2      0
      0      0      0      0      0
      0      0      1     -1      0

      1      0      1      2      2
      1      0     -1      0      1
      0      1      0      1      0
      1      0      0      0      0
      0      0      0      1      0

      0      0      1      0      0
      0     -1      0      0      0
      0      1      2      1      0
      0     -2      0     -2      0
      0      0      1      1      0

      0     -1      0      0      0
      0      0      0      0      0
      0      1      0      0      1
      0      0      1      0     -1
     -1      0      1      1      0

      0      0      0      0      0
      0      0     -1      0      0
      0      0      0      1      0
      0      0      0      0      0
      0      1      1      1     -1

      0      0      0      0      1
      0     -1      0      0      0
      0      2      1      0      0
      1     -1      0      1      0
      0      1      1      1      0

      1      0      0      0      0
      0      0      1     -1     -1
     -1      1      0      1      1
      0      0      0      0      0
      0      1      0      1      1

      2      0      0      2      1
      1      0      0      0      0
      0      0      1      1      1
      1      0      2      0      0
      1      0      0      0      0

      0      0      2      3      1
      1      0      2      0      2
      0      0      1      0      0
      2      1      3      0      0
      0      2      1      0      1

      2      0      1      3      3
      1      2      2      4      2
      1      1      3      4      2
      2      2      2      1      2
      1      3      1      4      2

      3      2      3      3      2
      3      4      3      4      3
      4      3      3      3      2
      2      2      3      3      2
      1      3      3      1      2

      1      1      3      2      2
      4      3      3      2      2
      2      3      3      3      1
      2      2      1      1      1
      2      2      2      2      3

      0      0      0      1      2
      0      1      0      1      0
      1      1      2      2      1
      0      0      1      1      0
      0      2      0      0      0

      1      0      2      0      1
      0      2      1      2      1
      0      1      2      2      0
      0      0      1      0      0
      0      1      0      1      0

      3      2      3      4      3
      4      3      2      4      0
      2      2      2      4      2
      1      2      3      3      0
      1      3      2      3      2

      3      3      3      5      2
      3      5      4      4      4
      4      4      4      3      4
      2      2      3      4      4
      5      4      4      4      5

      4      2      3      5      4
      4      3      3      4      4
      3      4      3      5      3
      3      2      5      4      2
      3      4      3      4      3

      2      1      3      2      3
      3      3      2      3      2
      3      4      2      3      2
      2      2      2      2      1
      2      3      2      2      3

      3      2      3      2      2
      4      3      2      2      1
      3      3      4      4      2
      3      2      2      3      3
      4      3      2      2      3

      4      3      4      3      3
      3      4      3      4      2
      4      3      3      4      2
      3      2      4      5      3
      3      3      3      4      5

      4      3      5      5      5
      4      3      4      5      3
      2      4      3      5      5
      3      3      3      3      2
      3      4      5      5      4

      4      4      5      4      4
      6      4      3      3      4
      4      3      3      3      3
      4      2      2      2      3
      3      5      4      4      5

      3      3      5      4      5
      6      3      4      5      3
      2      2      3      4      3
      3      2      5      3      3
      3      4      5      4      3

      3      3      5      4      4
      4      5      3      5      4
      4      4      3      4      3
      2      2      3      3      3
      3      5      3      4      3

      4      4      4      3      3
      4      4      2      3      3
      4      4      4      6      5
      2      3      4      2      3
      5      4      3      2      4

      4      5      4      5      3
      4      4      4      6      3
      4      5      3      3      4
      2      2      3      3      2
      4      4      5      5      3

      3      4      3      5      3
      4      4      3      3      3
      4      5      4      2      4
      4      0      4      2      4
      2      2      3      4      3

      4      3      5      4      3
      5      3      3      4      4
      4      4      3      6      2
      3      3      3      2      3
      2      4      2      3      3

      4      3      3      3      3
      4      4      3      4      3
      2      3      2      3      3
      2      2      4      4      4
      2      3      4      4      3

      3      2      4      4      4
      5      3      4      3      3
      2      2      3      2      2
      1      1      2      3      4
      3      3      2      3      5

      2      2      2      4      4
      6      3      3      3      3
      3      3      1      4      3
      5      2      3      3      3
      3      3      3      2      4

      1      2      2      2      4
      5      2      2      4      4
      3      2      2      4      2
      2      1      5      2      4
      2      2      1      3      3

      4      2      3      3      3
      3      3      1      4      3
      1      3      3      4      2
      4      3      4      2      1
      3      3      3      4      2

      2      2      4      4      3
      3      2      2      3      2
      3      3      3      5      3
      3      3      3      3      2
      2      4      4      3      5

      4      3      3      3      2
      4      4      2      2      1
      3      2      4      5      0
      3      2      2      2      2
      2      5      3      4      3

      1      4      2      4      2
      3      4      1      3      4
      3      4      3      3      2
      3      4      2      2      2
      4      5      4      4      2

      1      1      4      1      3
      4      1      1      3      1
      1      2      3      3      2
      2      1      3      5      3
      4      3      3      2      3

      3      1      2      4      1
      5      3      2      1      1
      3      4      3      3      2
      3      1      4      1      2
      0      4      3      2      2

      3      3      2      2      2
      2      2      2      2      2
      2      3      2      4      2
      2      1      1      1      1
      2      4      3      3      3

      0      1      2      2      5
      3      3      3      3      3
      4      4      5      2      1
      3      2      1      1      1
      2      2      2      1      0

      3      1      4      2      2
      5      4      0      3      3
      1      1      2      1      4
      1      1      2      1      1
      2      3      4      1      3

      2      4      3      4      1
      3      3      2      1      1
      2      1      1      2      3
      0      1      1      1      0
      3      2      3      2      1

      2      0      1      1      2
      1      0      2      2      3
      0      2      2      4      3
      2      3      2      0      3
      2      1      3      3      1

      1      0      3      3      5
      3      3      2      1      2
      1      2      4      2      2
      2      3      1      0      0
      3      0      2      2      2

      2      2      1      1      4
      2      2      1      1      1
      1      3      2      1      1
      3      0      1      0      0
      2      3      2      0      3

      0      1      0      4      2
      4      2      0      2      0
      1      2      0      1      0
      3      2      2      0      0
      1      1      2      0      1

      1      0      2      1      3
      1      1      0      4      2
      0      2      1      2      1
      2      0      2     -1      0
      1      0      0      1      2

      1      0      1      0      0
      2      0      1      0      0
      0      0      2      2      0
      0      0      0     -2      1
      1      1      1      1      0

      0      0      1      0      2
      3      0      0      2     -1
      2      1      2      1      1
      2      1      3      1      2
      0      1      0     -1      1

      0      0      1      0     -1
      0      0      1      2      2
      0      1     -1      3      0
      1      2      1      0      0
      3      3      1      2      3

      0      0      2      0      1
      4      0      2      2      0
      0      0      2      4      0
      0      0      1      2      1
      0      0      1      1      0

      0      0      0      2      3
      2      2      0      1      0
      0      2      1      5      0
      1      1      4      0      1
      1     -1      1      2      2

      1      1      2      3      1
      4      0      1      3      2
     -1      1      0      1      0
      0      0      1      3      0
      0     -1      3      1      0

      0     -1      0      1      2
      2     -1      0      0      1
      0      0      0      2      0
      1      0      1      1      1
      0      1      0      1      0

      0      0      0      2      0
      1     -1      0      1      0
      0      0     -1      2      0
      0     -2      1      1      0
      0      0      2      3      3

      1      0      0      2      0
      1      2     -2      0      0
      1     -1      1      2      1
      1      3     -3     -2      1
     -3      0      3      0      0

      1     -1      1      1      1
      1      0     -1     -1     -1
      1      1     -1      1      0
      0      0      0      0      0
     -3      1      0      0      0

      0      0      0      3      2
      0      0      0     -1      1
      1      3      0      0      0
      0      1     -1      0     -2
      3      1      0      1      3

      0     -1      1      0     -1
      0      1     -2      0      0
      0      0      2      1      0
      0      0      2     -1      0
      0     -1      0      0      3

      1      0      0      0      0
      0     -2      1      0      1
      1      0      0      0     -1
      0      0      1     -1     -3
      1      0     -1      0      0

      4      0      1     -1      1
     -2      0     -1      0      0
     -3      0      1      0      0
      0      0     -1     -1      0
      0     -2      0      0      1

     -1     -2      0      0     -1
      5     -2     -1     -1      0
     -1      0     -3      0      0
     -1      2      0      1     -3
      1      0      1      2      4

