;
; ENVI ASCII Output of file: E:\Imaging\ROI_AVIRIS\5_1_19.img [Fri Nov 17 11:58:13 2017]
; File Dimensions: 5 samples x 5 lines x 224 bands
; Line Format    : (5i7)
;
    531    524    537    535    539
    526    537    557    544    521
    519    542    548    540    517
    546    530    543    539    532
    552    519    541    533    539

    636    629    636    634    620
    631    632    665    644    654
    621    618    654    648    650
    638    652    643    643    648
    643    635    635    634    650

    681    685    667    670    687
    692    696    691    689    672
    682    692    692    690    698
    658    681    700    676    674
    678    694    689    684    686

    870    856    860    842    857
    863    841    853    859    861
    857    861    867    845    865
    855    866    872    872    854
    873    863    868    865    878

   1264   1267   1253   1249   1242
   1258   1253   1258   1263   1241
   1252   1268   1257   1250   1248
   1257   1258   1275   1273   1275
   1276   1262   1272   1267   1270

   1312   1324   1314   1300   1312
   1310   1315   1309   1311   1301
   1309   1322   1318   1314   1291
   1322   1327   1322   1329   1324
   1335   1324   1328   1318   1338

   1232   1234   1233   1228   1230
   1225   1239   1229   1236   1234
   1228   1242   1243   1228   1223
   1233   1247   1235   1251   1249
   1240   1244   1241   1243   1247

   1125   1130   1130   1120   1135
   1126   1123   1133   1130   1121
   1133   1136   1130   1125   1114
   1125   1137   1142   1143   1142
   1140   1145   1145   1145   1145

   1210   1209   1225   1219   1217
   1204   1216   1229   1216   1212
   1207   1224   1223   1206   1204
   1220   1229   1228   1232   1233
   1222   1235   1227   1228   1239

   1237   1233   1237   1229   1232
   1227   1230   1238   1237   1226
   1235   1236   1234   1215   1224
   1231   1226   1245   1256   1243
   1245   1236   1245   1239   1245

   1193   1202   1192   1197   1188
   1181   1193   1193   1193   1186
   1193   1197   1209   1187   1172
   1199   1201   1202   1203   1207
   1196   1210   1201   1197   1206

   1111   1116   1124   1120   1116
   1107   1113   1120   1114   1109
   1116   1121   1118   1108   1103
   1115   1118   1123   1125   1129
   1119   1119   1126   1112   1130

   1040   1055   1052   1050   1041
   1039   1043   1050   1045   1043
   1048   1051   1051   1043   1041
   1041   1048   1052   1053   1059
   1053   1052   1058   1043   1057

    936    943    948    938    948
    935    939    944    945    934
    942    945    947    937    922
    945    945    949    945    951
    950    950    947    936    942

    843    851    856    848    849
    843    841    851    853    845
    845    853    850    845    835
    847    858    854    858    858
    852    849    853    854    855

    744    757    752    747    753
    745    746    748    751    749
    746    749    748    738    735
    751    745    751    752    752
    746    757    754    746    752

    655    662    664    658    655
    646    645    659    659    653
    651    655    662    649    648
    657    663    660    660    665
    657    662    661    652    653

    619    628    629    623    623
    612    614    623    626    620
    619    620    626    614    613
    623    625    627    627    627
    624    625    624    621    621

    582    594    593    587    589
    577    581    586    592    587
    585    584    589    578    577
    588    585    594    593    588
    589    586    585    588    589

    545    553    559    550    547
    538    541    551    550    550
    541    541    547    542    542
    545    545    548    550    546
    545    543    549    539    544

    498    510    509    504    501
    494    494    496    499    500
    497    495    496    490    491
    503    499    498    500    501
    498    496    496    492    498

    459    462    463    463    460
    454    453    459    458    458
    458    454    450    452    452
    458    460    458    458    457
    452    453    456    448    453

    424    429    428    427    426
    416    419    423    427    427
    424    420    421    419    423
    418    420    420    419    424
    421    421    425    419    418

    376    380    383    378    378
    372    371    377    376    378
    373    373    371    366    371
    376    373    373    378    378
    375    372    373    365    374

    348    353    355    354    354
    341    348    348    350    349
    344    347    341    344    340
    342    351    342    345    346
    347    347    345    342    345

    339    344    342    345    339
    331    332    333    339    338
    333    333    330    329    333
    338    333    335    334    334
    336    332    326    325    332

    313    316    317    318    314
    310    312    314    315    316
    309    306    308    304    310
    311    315    309    306    306
    309    313    306    305    302

    289    295    292    292    294
    283    284    285    286    291
    285    280    283    286    281
    288    286    286    281    285
    284    286    281    278    279

    281    283    284    280    280
    275    274    276    279    276
    272    272    269    268    269
    277    275    271    277    271
    274    274    270    266    271

    256    257    255    258    258
    248    251    252    254    256
    249    254    248    249    250
    253    255    248    254    250
    251    251    250    243    246

    243    249    239    245    247
    241    240    240    242    243
    237    240    237    236    236
    236    242    238    234    235
    236    238    238    230    236

    238    240    241    238    237
    233    233    236    239    237
    234    232    228    228    233
    231    237    232    231    229
    232    230    232    230    226

    247    236    242    236    233
    236    235    237    244    239
    234    234    223    228    232
    228    234    235    229    231
    237    231    233    231    226

    238    240    240    238    237
    234    235    237    239    236
    234    231    228    226    234
    230    238    233    231    231
    233    230    231    230    225

    226    221    221    218    220
    219    222    222    223    225
    215    218    211    209    215
    211    223    217    216    215
    222    218    216    213    211

    199    193    195    190    191
    195    194    198    196    196
    189    189    185    181    191
    187    196    194    192    193
    195    189    191    189    181

    178    173    171    166    170
    168    179    172    171    168
    166    164    164    158    169
    162    175    171    166    168
    170    166    167    166    162

    171    167    163    162    164
    167    170    167    165    166
    158    161    153    150    156
    156    165    164    160    163
    163    158    163    158    155

    154    150    151    148    147
    150    157    152    152    148
    149    145    146    137    147
    143    149    152    145    148
    148    143    148    142    140

    121    115    113    115    116
    118    121    121    118    114
    113    112    109    105    114
    109    117    118    111    114
    121    113    111    108    109

    127    127    123    123    123
    125    131    127    125    122
    121    118    119    111    123
    114    126    126    119    121
    125    119    121    116    115

    141    134    132    135    135
    137    142    141    138    131
    132    128    126    116    134
    126    136    138    130    136
    136    131    132    126    125

    142    137    133    135    134
    137    148    140    137    136
    131    129    129    118    134
    126    140    138    131    137
    138    131    134    129    127

     84     80     78     81     81
     82     87     87     82     79
     80     76     77     71     81
     75     84     85     78     83
     81     78     76     76     76

    109    104    104    104    101
    110    116    110    106    104
    102     99     99     93    107
     98    106    107    101    107
    108    104    103     97     97

    115    113    105    110    109
    115    122    118    110    108
    107    104    102     94    110
    103    118    113    103    112
    111    106    105    105    100

    106    102     98     99    100
    102    116    108    101    100
     98     95     97     84    100
     92    104    104     96    104
    102     98     98     95     94

     98     96     89     93     93
     98    107     98     95     91
     90     87     88     77     94
     86    100     98     88     96
     96     93     90     87     87

     90     88     83     86     84
     89    100     91     87     82
     83     80     80     70     86
     79     91     89     84     89
     90     83     84     78     80

     73     69     66     68     69
     71     80     73     70     67
     67     63     65     58     71
     61     70     73     65     71
     71     65     66     62     64

     75     69     66     70     68
     75     81     73     70     66
     69     63     65     57     69
     62     73     72     65     74
     73     68     68     65     63

     79     73     67     73     72
     77     88     76     74     70
     71     66     68     58     73
     64     77     76     70     76
     76     70     71     67     68

     83     77     74     78     77
     83     92     85     80     73
     75     70     72     63     78
     69     83     81     74     81
     82     75     75     75     70

     76     72     68     74     73
     78     88     79     74     70
     71     67     68     57     72
     65     77     77     68     74
     76     69     71     68     66

     76     71     66     72     70
     76     87     77     71     68
     69     63     67     55     72
     62     76     76     67     77
     74     68     66     66     64

     70     67     61     67     67
     69     83     73     67     65
     64     59     62     51     68
     59     71     69     62     73
     71     64     62     60     60

     67     64     59     64     61
     67     78     71     64     60
     64     58     61     48     62
     54     70     66     59     69
     65     60     63     58     58

     53     49     45     50     49
     53     61     55     51     47
     48     44     48     37     49
     42     55     53     46     55
     54     49     47     44     46

     43     43     37     42     41
     48     51     47     44     40
     42     38     42     33     42
     34     46     45     41     46
     44     39     41     40     38

     42     38     34     37     38
     41     50     44     40     36
     38     34     37     28     37
     32     41     42     38     44
     42     37     37     35     34

     35     32     32     34     33
     39     46     39     35     32
     35     29     33     25     37
     29     40     38     32     39
     37     33     32     33     31

     24     22     22     21     23
     26     31     30     23     23
     23     20     21     16     20
     16     28     29     25     25
     22     19     20     22     20

     16     14     15     15     16
     19     20     20     16     15
     17     14     16     12     16
     13     19     20     16     19
     17     15     15     15     16

     19     16     16     17     17
     19     21     20     17     15
     16     16     17     13     16
     14     20     20     17     20
     18     17     18     15     14

     30     27     28     29     29
     31     36     33     30     26
     27     26     26     19     28
     23     30     32     27     31
     29     28     25     28     26

     34     32     29     32     31
     36     44     38     34     29
     32     27     31     23     33
     27     36     36     32     37
     33     32     30     31     28

     41     37     34     38     38
     45     50     46     39     36
     36     32     37     26     39
     31     42     42     35     42
     40     36     35     35     34

     42     41     36     40     39
     44     54     46     42     38
     39     34     38     26     40
     33     47     44     38     44
     45     36     36     36     36

     40     41     34     38     38
     44     51     45     39     36
     37     32     37     26     39
     30     44     43     36     43
     41     36     35     35     33

     41     38     34     39     37
     43     53     45     40     35
     37     32     36     25     39
     30     42     42     35     43
     40     37     36     33     32

     40     39     33     38     36
     42     53     45     39     35
     36     31     35     24     39
     30     43     41     34     42
     40     35     35     35     32

     38     37     30     34     33
     39     48     42     37     32
     32     28     31     22     34
     27     38     38     31     37
     37     32     31     32     31

     36     35     30     36     34
     40     46     39     35     30
     33     28     32     22     35
     26     39     39     32     39
     38     32     30     30     29

     33     32     28     33     31
     36     44     37     32     30
     31     24     30     20     33
     24     34     36     28     34
     33     30     29     29     28

     34     31     27     31     30
     37     45     39     32     29
     30     26     30     19     31
     24     35     35     28     35
     35     29     29     28     28

     31     29     23     28     28
     33     38     35     30     25
     27     22     26     16     29
     22     31     31     26     31
     30     28     26     26     23

     28     26     21     26     26
     31     36     32     28     23
     25     21     25     15     26
     20     29     29     24     29
     28     25     24     24     22

     26     23     20     24     24
     29     33     28     26     20
     22     19     23     14     24
     17     28     27     21     28
     26     22     21     22     21

     19     20     15     18     18
     22     29     24     20     17
     18     15     17     11     19
     13     20     21     18     21
     21     17     16     17     16

     12     10     10     11     10
     12     18     13     11      9
     10      9     11      6     10
      8     14     12     10     14
     12     11     11      9     10

      3      4      3      4      4
      4      7      8      4      3
      5      4      4      2      4
      3      6      7      5      4
      5      4      4      3      4

      3      3      3      4      3
      4      6      4      4      3
      3      3      4      2      4
      2      5      5      4      5
      4      3      2      3      3

      5      4      3      5      4
      5      7      7      6      4
      6      4      5      2      5
      3      5      6      5      6
      5      5      4      5      5

      5      4      3      3      4
      5      7      8      5      4
      4      4      5      2      5
      3      6      6      6      4
      4      4      3      5      5

      7      6      6      6      7
     10     12      9      8      6
      7      5      7      4      6
      4      8      9      8      8
      8      7      7      6      5

     14     12     10     11     11
     13     19     13     12     10
     12      9     11      6     12
      8     14     14     11     12
     14     10     11     10      9

     15     14     12     14     13
     18     22     20     16     11
     14     10     14      7     14
     10     16     17     13     17
     15     14     14     12     12

     14     13     10     12     12
     15     18     16     13     11
     12      9     13      7     12
      8     17     15     12     15
     14     12     12     11     10

     14     14     11     13     12
     17     21     17     14     12
     15      9     14      6     13
      9     17     17     13     16
     16     12     12     10     12

     14     11     10     11     11
     14     17     16     12      9
     11      9     11      5     10
      7     14     14     11     13
     12     11     10     10      9

     13     13     11     12     12
     16     22     17     14     11
     12      9     13      6     12
      9     16     15     11     15
     15     12     12     11     11

     14     13     11     12     12
     17     23     18     13     11
     14      9     13      6     14
      9     16     16     12     17
     15     13     12     11     11

     15     15     11     15     15
     18     23     21     16     12
     14     11     13      7     15
      9     19     17     14     18
     16     13     13     13     12

     15     14     11     15     14
     18     25     19     15     12
     15     11     14      6     16
     10     18     19     12     16
     16     13     13     12     13

     14     12     11     13     13
     17     21     18     14     11
     13     10     13      6     13
      8     16     15     12     15
     15     13     13     11     12

     13     11      9     11     11
     16     20     18     12     11
     12      8     12      5     12
      8     14     15     12     16
     13     12     12     11     11

     14     12     11     13     13
     17     22     18     14     11
     13      9     13      6     13
      8     16     16     12     16
     15     13     13     11     12

     16      4     11     17     17
     10     16     15     14     13
     11     10     12     12     12
     10     14     12     13      8
     14     15     15      6     11

     14     10     12     18     13
     15     14     15     12     10
     13      7     14     13     10
     10     15      8     12     14
     10     18     11     12     11

      8     12     12     11     16
     10     16     13     13     11
     13     13     18     11     11
      8     15     13      8     11
     15     13     10     10     15

     12     11     12     13     15
     14     12     11     14     14
     13     12     12     11     13
      9     12     10      9     14
      9     12     10     10     14

     10     12      9     12     11
      9     13     11     14     13
     13     12     11     12      8
      6     10      6      7     10
     11      9      9      9     13

      9      5      7      7     10
      7     13      6     11      7
     10      5      9      8      7
      3      8      8      7      9
      7      7      7      5      9

     -6     -7     -5     -8     -1
      1      2      2      1      9
     27     16     17     10     14
     13      4     10     13     13
     17      5     10     11      9

      5      2      3      5      7
      5      4      3      7      6
      5      4      5      4      4
      1      6      1      4      4
      4      5      4      4      4

      1      3      1      3      2
      3      4      3      3      4
      3      1      1      3      3
      0      4      4      4      1
      2      2      1      2      1

     -1     -1      0      2      1
      0      3      1      2      1
      0     -1      0      0      1
      1      1      0      0      2
     -1      2      1      1      0

      0      0     -1      0      0
      0      4     -1      0      0
      0      0      1      0     -1
     -1      0      0      0      0
      0      0      0      0      1

     -1     -3     -1      1      0
      1      2     -1      0      0
      1      1      3      0      1
     -2     -1      0      0     -2
     -1      0      1      0      2

      0     -1      0      0      0
     -1      2      1      1      0
      0      0      1      1      0
      0      0      0      0      0
      0      0      0      1      1

      4     -1     -1      6     -1
     -1      1      2     -1     -1
      0     -4      0     -3     -4
     -6     -1      0     -1     -2
     -3      7      0     -6      3

      1      0      1      1     -2
      0      4      0      2      0
      0      0      2      3      1
      0      2      0      2     -2
      0      4     -2      1      0

      0      0     -1      2     -1
      0      4      2      1      3
      0      2      0      0      0
      1      1      2      1      2
      0      1     -2     -1      0

      0      0      2      1      2
      0      3     -1      0      0
     -1     -1      1      2      1
     -1      1      0      1      2
      1      0      1     -1      1

      0      2      0      1      0
      1      1      1      2      1
      0      2      2      1      1
      1      0      3      0      0
      1      2      2      0      2

      0      0     -1      0      0
      2      0      1      0      2
      1      0      2      0      0
      1      0      0      0      3
      1      2      1      1      1

      0      0      0      6      0
      2      5      4      2      5
      2      1      2      2      4
      1      0      3      2      3
      3      4      0      2      5

      3      2      0      2      3
      1      3      3      2      3
      3      2      3      3      6
      3      3      4      3      3
      5      2      2      3      6

      1      1      3      2      4
      1      4      3      3      2
      3      2      2      2      1
      4      5      3      4      4
      0      2      1      4      2

      2      3      4      5      2
      4      6      3      3      3
      2      4      7      3      2
      2      3      5      2      3
      4      4      1      1      5

      4      5      4      5      5
      6      9      6      7      8
      6      6      7      6      7
      5      4      7      6      7
      5      6      6      7      6

      9      9      7     11      9
      8     10      9      9     10
      7      8      9      6      7
      6      7      8      6      7
      8      9      7      8     10

      9     10     10     14      8
      8     13     11     10     11
     10      8     12     11      8
      9     12     10      8     11
     10      8      9      8      9

     13     12     11     13     14
      9     13     11     12     12
     12     11     10     12     10
     10     14     11     12      9
     10     11     11     10     11

     12     10     13     13     11
     10     13     12     13     12
     10     10     13     14     10
     10     11     10     10     10
     11     11     10     10     12

     13     13     11     14     10
      8     16     14     12     14
     13     17     15     14     12
      8     18     12     12     14
     14     10     10     14     13

     12     11     15     14     12
     10     12     12     13     13
     10     11     11     10     10
     11     13     12      9     13
     10     12      9     10     13

     10     11     11     12     14
      9     12     12     14     12
     11     10     11     12     13
      9     11     10     11     11
      9     11      8      9     10

     10      9     11     10      9
      9     11      8      9      9
     10      8      9     11     10
      8      9     11     10      9
      8      9      8      8      9

     12     10     11     12     12
     11     12     11     12      8
     11      9      9      9      9
      9      9     10     10      8
     11     10      9      6     10

     10     11     12     12     11
      9     13     12     11      9
      8      9      9     10     11
     10      8      9      7     10
      9     11     12      8     10

      9      9     10     13     11
      9     11      9     11     10
      9      7     10      9      9
      7     10      7      9      9
      9      9      8      8      9

      9     10     11     11     11
      8      9      9      9      9
      9      8      8     10      9
      9      8      8      7      9
      8      8      9      8     10

     10     10     11     11     11
      9     12      9     12      9
      9      9      8     10      7
      8      8      7     10      8
     10      9     10      9      9

      8     10      9     11     10
      9      9      9     10      9
     10      9      9      8      9
      8      7      9     10      9
      8     10      9      8      6

      9      8      8     11     10
      8     11      9      9      8
      8      6      9      8      8
      8      9      9      8      9
      7      9      9      7      8

     10      8     10     11     10
      8     10      8      9      8
      9      9      9      8      8
      7      6      8      7      6
      7      7      7      8      8

      7      8      8     10     11
      7      8      9      9      6
      9      6      8      8      8
      7      9      7      6      6
      8      8      8      7      7

      7      8      8     10     11
      7      9      6     10      8
      7      6      8      9      7
      6      6      9      7      7
      8      6      7      7      7

      7      8      7     10      9
      6     10      7      9      9
      8      6      8      9      8
      6      8      6      6      8
      6      7      7      5      7

      5      7      7      9      9
      6     10      9      8      8
      7      6      7      6      8
      4      5      8      6      6
      8      6      7      6      8

      6      9      6      8      8
      8     10      9      8      8
      6      6      8      7      9
      6      7      9      6      7
      6      7      7      5      7

      4      7      8      8      8
      6      8      6      7      6
      5      5      6      6      4
      3      6      6      6      6
      6      5      4      5      6

      5      5      8      7      6
      6      5      7      6      7
      6      5      7      6      6
      6      4      7      4      4
      4      6      5      5      4

      5      5      6      7      5
      4      9      5      5      4
      5      3      4      5      5
      7      6      7      4      4
      5      5      4      5      4

      1      3      3      6      6
      7      6      5      6      8
      7      7      8      4      6
      4      5      6      3      4
      4      4      3      3      6

      5      4      5      5      5
      4      6      5      4      5
      3      3      4      5      6
      1      5      5      4      4
      4      4      3      4      4

      5      5      4      5      3
      2      6      5      5      5
      3      6      5      4      6
      3      3      5      5      4
      4      4      4      2      4

      1      2      3      3      4
      3      5      4      3      3
      2      3      3      4      2
      4      4      3      4      1
      3      3      2      1      3

      1      3      4      1      3
      1      4      3      2      5
      3      3      2      2      3
      2      2      3      2      2
      2      2      1      0      4

      2      0      2      2      2
      2      3      2      0      1
      2      0      0      2      0
      0      1      1      2      2
      3      2      1      2      1

      0      0      0      1      0
      1      3      2      1      0
      0      0      0      1      0
     -1      1      1      1      0
      0      1      1      1      1

      0      0      0     -2      0
     -1      1      1      0      0
      0      0      1      0      0
      0     -1      0      0      0
      0      0      0      0      1

      0      0      0      0      0
      0      1      0      0     -1
      0     -1      0      0      0
      1      0      0     -2      0
      0      0      1      0      1

      0     -1      0      0      0
      0      1      0      0      0
      0      1      1     -1      0
      0      0      0      1      0
      0      0      0      0      0

      0     -1     -2     -2     -1
     -2      2     -1      0      0
      0      0      1      0     -2
     -1      0      0     -1      0
      0     -1      0      0      1

     -2      0      0      0     -2
      2      0      0      0      0
      1      0      0      0      0
      0      0      0      1     -2
      0      1     -1      0      0

      0     -1     -2      0      0
      0      1      0      0      0
      0      0     -1      0      0
      0      0      1      0     -1
      0     -1      0     -1      0

     -1      0     -1     -1     -1
      0      1     -2      1      1
      0      0      0      1      0
      0      0      0      1     -1
      0      0      0     -3     -1

      1      0      0      0     -2
      0      1      0      0      2
      0      1      0      2      0
      2      0      0      0     -1
      1      0      0      0      0

      0      0      0      0      0
      0     -1      0      0      1
      0      0      0      1      0
      1      0      0      0      0
      0      0      0      1     -1

      0      1      0      0      1
      1      2     -1      0      0
     -2      1      0      0      0
      0      0      0      0     -1
      0      0      0      0     -1

      0     -1      0      0      2
      0      0      0      0      0
      0      1      1      1      2
      1      1      0      0      0
      0      0     -1      0     -1

      0      0      2      1      0
      1      0      0      0      0
      0      0      0      0      1
      0      1     -2     -1      0
      0      1      2      2      0

     -1      0      0      0      0
      0      0     -1      0      0
      0      3      1      0      0
      0      0      0      0      0
     -1      0      0      1     -1

      0      0      1      1      0
      2      0      0      1      0
      0      0      0      0      1
      0      1      0      0     -1
      0      0      0      0     -2

      0      1      0     -1      0
      0      0     -1      0      0
     -3      0      0      0      0
      0      0     -1      0      1
      0      0     -1      0      0

      0      0      0      0      0
      0      0      0      0      0
      0      1      0      0      0
      0      2     -1      0     -1
      0      0      0      2      0

      0      2      3      1      0
      0      1      0      0      0
     -2      3      1      0      1
      0      2     -1      0      0
      0      1     -1      0      0

      0      0      0      2     -1
      1      0      0      2      0
      0     -1      1      0      2
      0      0     -1      0      0
      0      0     -1      1     -1

      1      1      2      2      2
      1      0      0      1      3
      0      2      2      1      1
      0      1      0      1      1
      1      2      0      1      0

      2      3      2      2      1
      2      2      2      2      2
      1      3      2      0      2
      0      2      0      1      2
      3      1      1      1      1

      2      3      2      2      4
      3      1      3      3      3
      2      4      1      4      3
      1      4      2      1      2
      3      4      3      3      1

      2      1      2      2      3
      2      1      2      3      1
      1      3      1      2      1
      1      1      0      1      1
      1      1      0      3      2

      1      1      3      2      0
      1      1      0      0      1
      0      1      0      0      1
      0      1      0      0      0
      0      1      1      1     -1

      1      1      1      2      0
      2      0      0      2      1
      0      2      0      1      1
      2      1      0      1      0
      0      1      0      1      0

      4      3      4      3      2
      4      1      3      3      3
      1      5      2      2      2
      3      1      1      2      2
      2      2      4      2      3

      3      5      6      6      2
      4      3      3      4      4
      3      5      3      3      3
      4      4      2      3      3
      4      3      4      4      2

      4      5      4      4      2
      3      2      2      2      4
      3      3      2      2      3
      3      3      3      2      3
      2      3      2      3      3

      1      3      2      2      1
      3      3      2      3      3
      1      4      3      1      3
      2      4      2      1      1
      1      1      1      2      1

      3      4      4      4      3
      1      2      2      2      3
      0      3      2      2      3
      2      3      4      1      1
      3      1      3      2      2

      3      5      4      4      4
      3      2      3      2      4
      2      3      2      3      3
      2      4      1      2      4
      3      3      2      4      2

      3      4      5      3      3
      3      3      5      4      4
      2      4      2      4      3
      3      3      1      3      2
      3      3      2      4      4

      4      5      4      5      5
      5      3      4      6      5
      2      4      4      1      4
      3      4      1      3      2
      2      3      4      5      3

      2      4      5      4      6
      4      3      3      3      4
      2      5      3      3      5
      2      4      1      3      3
      3      1      4      3      3

      4      4      3      4      5
      3      4      2      3      4
      3      4      2      2      5
      3      4      2      2      3
      3      3      2      4      2

      3      4      4      5      4
      3      3      2      4      4
      5      4      3      3      4
      3      5      1      2      2
      3      3      3      5      3

      3      6      4      5      4
      4      5      3      4      4
      2      3      2      2      4
      3      4      3      2      2
      2      2      3      2      3

      4      4      4      4      5
      3      4      3      4      4
      4      4      2      4      4
      3      4      2      2      2
      2      2      3      4      3

      2      4      4      2      3
      3      3      2      3      2
      2      4      3      3      4
      2      3      3      2      1
      2      3      3      3      2

      4      4      4      4      5
      5      4      1      4      3
      2      4      5      1      3
      3      2      2      1      1
      2      3      3      2      2

      4      5      4      3      2
      4      3      1      5      3
      2      3      3      2      3
      3      1      0      1      2
      2      2      4      4      1

      3      3      4      4      4
      4      4      3      4      4
      0      3      3      1      5
      2      2      3      3      3
      1      3      3      3      3

      2      2      5      4      5
      5      1      3      4      3
      1      3      2      3      3
      3      1      2      2      1
      2      2      1      3      4

      2      4      3      2      3
      3      4      2      4      4
      0      4      2      2      5
      4      4      2      2      2
      2      2      2      2      2

      5      4      5      5      5
      3      4      3      4      2
      2      3      2      3      3
      2      2      1      2      3
      2      1      0      3      1

      3      4      4      4      4
      3      3      4      3      5
      3      4      2      1      4
      3      3      3      2      2
      2      3      0      3      2

      3      6      3      4      4
      2      3      2      2      3
      1      2      2      2      5
      4      4      4      1      2
      2      2      1      3      1

      4      6      3      5      2
      2      2      1      2      3
      0      3      2      3      3
      4      2      1      1      3
      2      2      2      2      1

      3      5      4      4      5
      3      1      1      3      1
      0      2      1      1      3
      2      2      1      2      1
      0      1      2      3      1

      5      2      4      3      4
      2      1      3      2      3
      1      1      3      2      5
      1      2      2      1      2
      0      4      3      1      1

      2      2      4      4      4
      2      4      2      2      2
      2      2      2      3      3
      4      2      1      1      0
      2      3      0      2      0

      2      3      3      3      2
      1      0      2      4      1
      0      1      1      3      2
      2      2      2      0      1
      0      1      1      3      1

      1      1      2      1      2
      2      0      1      3      4
      0      2      3      1      2
      2      1      2      2      0
      3      2      2      2      0

      1      3      4      2      3
      2      2      2      2      2
      2      4      2      2      1
      2      3      2      3      2
      0      4      1      3      0

      2      1      1      2      2
      2      2      0      0      3
      1      2      1      1      1
      0      1      1      1      2
      0      3      0      1      1

      2      2      2      2      1
      2      2      3      1      2
      2      4      3      0      2
      3      3      2      0      0
      2      1      2      2      0

     -1      0      4      2      1
      2      2      0      1      1
      0      2      0      2      2
      0      0      0      0      2
      3      0      1      3      0

      0      3      1      0      3
      0      3      3      1      1
      0      2      0      1      2
      0      0      3      2      0
      1      0     -1      0      0

      0      2      1      4      1
      1      2      0      2      1
      0      2      2      2      3
      0      0      0      1      2
      0      2      0      0      0

     -1      0      2      1      0
      4      2      1      1      1
      0      1      0      3      2
      1      0      1      2      0
      1      0      0      1      0

      0      4      2      0      2
      2      0      0      1      1
     -1      5      2     -1      0
      1      0      0      1     -1
     -1      0      0      2      0

      0      2      0      1      0
      0      1      0      0      1
      0      0     -1      1      0
      0      0      0      0      0
      1      2      0      0     -2

      0      0      0      1      0
      0      0      0      1      0
      2      1     -1      0      3
      0      1      0      1     -1
      1      0     -3      1      0

      1      0      4      0      0
      2      0      0      1      2
      0      2     -1      0      0
      0      2     -2      1      1
      1      2     -1      0     -1

      1     -1     -1      0      2
     -1     -1      0      0      0
      0      0      2      0      0
     -1      0     -1      0      0
      1      0      0      1     -1

      2      1      0      3      2
      3      2      1      2      1
      0      2      0      1      0
      0      1      0      0     -2
      0      0     -1      0     -2

      4      0      0     -1      4
      0      0      2      0      2
      0      1      1     -1      0
      0      0     -2      0     -2
      0      0      1      0     -1

      1      0      1      0      0
      0      0      0      0      0
      0      1     -1     -1      2
     -1      1      0      0      1
      1     -1     -1      0      1

     -1      0      3      1      0
      0      2      0     -2      2
      0     -2      1      1      2
      0      0      1      0      1
      0     -1     -1      0      1

      0     -2      1      0      0
      1      1     -1      0      0
      0      2     -1      1      2
     -2      1      1      0     -2
      0      0     -1      0     -2

     -2     -1     -1      1     -1
      2      2      0     -2      2
     -3      0     -1      1      1
      1     -3      1      0      2
     -1      0     -1      2      0

      0      0      0      1     -2
      0      0      0     -1      0
     -2      0     -2     -1     -1
      0      0     -2     -3     -1
     -1      0      1      0     -1

     -1      1     -1      0      0
     -1      0      0      0     -2
      1     -1     -2      0      0
     -2      0      0     -2     -4
     -1     -1     -1     -1      1

