;
; ENVI ASCII Output of file: E:\Imaging\ROI_AVIRIS\5_1_9.img [Fri Nov 17 11:56:56 2017]
; File Dimensions: 5 samples x 5 lines x 224 bands
; Line Format    : (5i7)
;
    528    530    526    518    507
    528    523    531    537    507
    517    512    528    533    509
    504    521    502    520    496
    519    515    517    502    516

    621    609    633    588    611
    629    613    628    607    611
    629    618    615    613    602
    625    628    633    613    613
    623    622    613    585    607

    661    657    675    654    669
    668    668    682    659    669
    674    663    670    676    658
    665    663    658    655    641
    670    663    660    654    655

    842    848    841    829    846
    848    854    854    843    846
    852    835    838    848    830
    850    828    848    846    827
    841    838    827    835    826

   1232   1221   1231   1236   1257
   1256   1249   1235   1248   1257
   1245   1244   1252   1251   1242
   1243   1257   1254   1233   1237
   1234   1235   1223   1216   1198

   1295   1283   1294   1303   1315
   1318   1305   1304   1305   1315
   1310   1316   1327   1316   1311
   1317   1310   1309   1302   1292
   1301   1301   1290   1292   1274

   1220   1229   1209   1208   1232
   1234   1236   1223   1228   1232
   1253   1235   1237   1243   1229
   1230   1231   1238   1223   1202
   1223   1224   1208   1212   1200

   1132   1120   1108   1123   1142
   1145   1138   1132   1123   1142
   1145   1139   1139   1140   1127
   1142   1142   1135   1130   1112
   1134   1124   1112   1112   1102

   1206   1207   1205   1205   1218
   1237   1226   1218   1216   1218
   1234   1237   1231   1231   1223
   1223   1227   1230   1223   1207
   1211   1207   1202   1198   1185

   1226   1215   1207   1225   1242
   1246   1245   1243   1227   1242
   1251   1255   1249   1244   1234
   1237   1243   1241   1225   1215
   1232   1222   1208   1203   1189

   1182   1172   1180   1187   1204
   1219   1205   1190   1180   1204
   1211   1214   1209   1203   1193
   1201   1201   1204   1190   1167
   1181   1189   1168   1164   1161

   1105   1104   1095   1105   1121
   1136   1126   1114   1108   1121
   1132   1138   1140   1121   1119
   1126   1118   1115   1112   1100
   1106   1108   1097   1097   1080

   1031   1037   1028   1041   1051
   1070   1055   1048   1050   1051
   1069   1071   1076   1062   1055
   1056   1052   1051   1051   1031
   1040   1042   1031   1029   1019

    937    926    926    935    951
    961    949    943    936    951
    968    957    960    954    948
    953    947    949    938    927
    937    927    926    920    917

    844    836    837    841    860
    874    862    849    845    860
    873    874    869    864    851
    860    848    850    851    836
    849    840    834    831    820

    745    729    734    741    757
    766    761    747    742    757
    769    766    768    757    744
    767    753    754    746    739
    741    741    735    727    721

    653    643    635    653    664
    675    667    653    653    664
    686    672    674    665    657
    668    662    657    657    647
    647    646    644    632    630

    615    609    608    619    629
    638    632    620    617    629
    648    636    634    630    621
    631    626    625    622    611
    616    611    608    601    597

    576    575    579    585    594
    600    596    586    580    594
    608    599    594    594    585
    593    589    592    587    575
    583    574    570    569    562

    538    528    531    539    546
    558    553    538    537    546
    562    559    559    551    540
    546    544    550    539    528
    538    532    533    528    518

    490    487    490    496    502
    508    503    495    494    502
    518    510    506    503    494
    508    496    498    500    484
    493    490    480    477    475

    449    442    448    450    459
    468    460    450    450    459
    469    463    467    458    452
    459    458    459    453    441
    446    448    444    435    432

    414    414    411    418    419
    432    424    414    417    419
    437    435    429    425    416
    425    418    417    417    409
    414    408    406    404    397

    364    361    364    371    370
    383    372    370    367    370
    383    381    378    372    368
    373    375    372    368    354
    361    368    362    354    354

    337    340    343    339    344
    357    346    343    341    344
    358    353    352    346    341
    350    346    346    341    327
    337    335    334    332    323

    324    320    326    328    330
    342    337    330    331    330
    347    342    334    327    326
    334    333    331    322    314
    325    324    319    319    316

    301    301    299    302    304
    315    311    303    299    304
    318    316    312    309    300
    313    300    306    303    297
    299    298    296    293    286

    278    277    277    280    282
    290    290    282    284    282
    292    293    288    283    275
    287    283    280    276    269
    279    274    268    269    266

    263    266    265    269    270
    277    277    269    266    270
    285    275    274    270    264
    274    269    268    266    256
    264    261    260    257    255

    251    249    247    246    250
    254    251    248    248    250
    254    252    251    249    245
    254    248    246    244    233
    243    243    238    239    237

    232    232    231    237    233
    243    243    233    235    233
    247    243    240    235    229
    238    234    237    230    225
    229    229    224    224    222

    227    231    226    226    228
    239    228    227    227    228
    242    233    235    231    227
    232    230    227    221    220
    227    220    220    218    215

    226    228    228    228    227
    237    225    230    224    227
    243    234    233    232    225
    233    228    225    227    217
    228    224    222    221    210

    228    231    225    226    228
    239    229    228    228    228
    242    233    235    229    228
    231    229    226    220    220
    224    222    219    219    215

    214    215    208    213    212
    217    211    216    214    212
    224    218    218    214    207
    215    215    210    211    203
    205    206    200    203    197

    189    190    184    188    186
    195    188    186    190    186
    199    195    191    188    190
    187    188    189    185    179
    178    182    179    184    179

    166    167    163    164    163
    170    171    166    166    163
    176    169    170    166    167
    163    166    163    160    155
    156    165    157    161    154

    160    158    154    158    156
    164    162    160    163    156
    167    161    160    157    155
    156    159    154    152    152
    148    154    149    154    147

    145    145    140    145    143
    152    150    145    145    143
    155    144    148    143    146
    143    145    140    140    137
    133    144    133    142    137

    114    112    110    112    111
    118    117    112    111    111
    119    114    115    109    113
    109    111    109    110    107
    105    114    104    111    105

    121    120    116    122    117
    126    124    122    123    117
    126    123    123    117    119
    115    118    115    115    114
    108    123    112    118    113

    133    130    126    131    125
    134    135    130    137    125
    136    132    130    126    131
    125    130    125    124    124
    116    133    121    127    125

    131    131    127    129    129
    139    139    130    136    129
    139    132    130    125    133
    126    130    125    124    127
    115    136    121    132    124

     82     77     75     76     75
     80     81     79     83     75
     82     80     78     76     80
     74     80     73     77     75
     68     83     71     78     73

    105    102     97     99     98
    106    108    103    108     98
    106    102    100     97    103
     96     99     96     97    100
     86    107     93    102     96

    109    106    102    105    104
    111    114    107    112    104
    111    106    104     99    109
     99    106    101    101    103
     91    113     95    109    100

    101     97     92     94     99
    103    103    100    106     99
    104     99     99     92     98
     90     95     91     93     97
     81    102     90    101     93

     94     92     87     87     90
     93     97     91     98     90
     97     94     89     85     94
     82     91     84     85     90
     77     97     82     93     86

     88     82     78     80     82
     86     89     82     88     82
     84     83     81     77     83
     77     82     78     78     80
     67     90     77     87     80

     70     68     64     64     65
     68     71     68     73     65
     68     68     67     61     68
     60     65     64     62     65
     55     73     60     69     64

     71     66     67     68     66
     68     74     68     73     66
     71     68     66     59     70
     61     67     62     63     67
     55     74     61     70     63

     75     70     67     70     69
     74     77     70     77     69
     74     71     72     63     73
     63     69     65     65     71
     57     78     63     72     68

     80     73     71     72     73
     79     82     74     82     73
     77     74     75     68     77
     67     74     69     70     73
     59     83     68     78     71

     75     70     66     66     69
     73     77     71     77     69
     73     71     69     61     73
     60     70     63     66     68
     53     78     62     74     69

     75     67     66     65     68
     70     77     70     76     68
     72     68     65     60     72
     59     66     61     65     66
     52     78     60     71     66

     68     64     62     62     62
     66     72     68     72     62
     67     65     63     57     66
     55     64     59     60     62
     48     73     56     69     63

     64     60     58     59     61
     64     67     63     69     61
     64     62     59     54     64
     53     61     54     58     60
     44     69     55     65     58

     51     48     48     47     46
     50     52     48     55     46
     51     48     46     42     52
     42     49     43     45     48
     37     58     43     51     49

     43     42     39     41     40
     41     46     42     47     40
     43     42     42     35     43
     35     42     37     38     40
     29     49     35     45     40

     41     39     36     36     36
     39     40     37     44     36
     41     39     34     31     40
     32     37     34     34     35
     26     45     32     39     35

     36     33     33     32     33
     34     36     34     40     33
     36     33     35     26     37
     27     35     31     30     35
     22     38     30     35     33

     25     20     22     24     22
     22     22     23     25     22
     22     22     21     21     25
     18     25     20     21     23
     16     28     19     23     20

     17     17     14     17     15
     15     16     15     18     15
     16     15     16     14     17
     13     16     14     16     16
     11     17     13     18     15

     19     17     15     16     17
     17     20     17     18     17
     17     17     17     14     19
     14     18     15     16     15
     11     20     13     17     17

     29     28     27     26     28
     29     32     27     33     28
     28     28     27     23     28
     21     27     25     25     28
     18     35     24     31     28

     35     31     30     30     31
     33     34     32     37     31
     33     31     30     26     32
     26     31     28     30     33
     21     39     27     36     32

     39     37     34     36     37
     37     42     37     42     37
     37     37     36     30     38
     29     36     32     32     36
     23     43     31     38     35

     41     39     38     37     38
     39     43     40     47     38
     40     40     37     31     41
     31     36     34     36     38
     24     47     32     43     38

     42     37     36     36     37
     37     42     37     42     37
     39     38     35     30     39
     29     37     31     34     38
     23     48     32     41     36

     40     35     34     36     38
     38     43     37     46     38
     39     38     35     29     39
     27     37     31     33     38
     22     46     31     40     35

     41     36     33     35     35
     37     41     35     42     35
     36     37     35     29     39
     27     35     31     33     38
     22     46     29     41     36

     37     32     31     30     32
     33     37     33     40     32
     35     33     30     25     36
     25     32     28     31     33
     20     42     27     36     33

     37     33     31     31     32
     35     38     33     39     32
     34     33     31     26     36
     24     31     28     30     34
     20     42     28     38     32

     33     30     28     30     29
     32     36     31     37     29
     32     30     29     23     34
     23     31     26     26     31
     17     40     25     35     30

     34     30     29     30     29
     31     36     31     36     29
     32     31     28     23     33
     23     30     25     27     29
     16     39     25     34     30

     32     26     26     26     26
     29     32     28     33     26
     28     26     25     20     30
     21     27     22     24     27
     15     34     22     30     28

     28     24     24     24     24
     26     30     26     31     24
     26     25     23     19     28
     19     24     21     22     25
     14     32     21     27     26

     25     22     21     22     22
     23     29     25     28     22
     23     24     21     18     26
     17     21     20     20     24
     12     29     19     25     23

     20     18     17     17     18
     18     21     17     21     18
     18     19     16     13     21
     14     18     15     16     17
      9     24     15     21     17

     14     10      9     11     11
     11     11     12     14     11
     11     10     10      8     13
      8     11     10     10     11
      6     15      8     13     11

      6      5      5      4      3
      5      5      5      6      3
      4      5      4      3      6
      3      4      3      4      4
      2      5      3      5      3

      5      4      3      4      4
      4      3      4      4      4
      3      4      4      3      5
      3      3      3      3      4
      2      5      2      4      4

      5      5      5      5      5
      5      6      6      6      5
      3      6      4      3      5
      3      5      4      5      6
      2      7      4      6      5

      5      5      4      5      4
      5      5      5      6      4
      5      5      4      3      5
      4      5      4      5      4
      2      6      3      6      4

      9      6      6      7      7
      8      9      7      9      7
      6      7      6      5      8
      5      7      6      7      6
      3     12      4      7      8

     13     12     11     11     11
     13     14     13     14     11
     12     11     10      8     14
      8     11      9     10     12
      5     16      9     13     12

     16     14     12     13     13
     14     16     15     17     13
     13     14     13     10     16
     10     14     10     12     15
      6     19     11     15     13

     15     13     11     12     13
     13     15     12     15     13
     11     11     11      9     14
      8     13     10     12     13
      5     17      9     14     12

     15     12     12     13     12
     13     14     14     19     12
     13     13     12      9     15
      9     14     11     12     14
      5     18     10     14     14

     13     11     10     11     10
     12     13     10     13     10
     11     11     10      7     13
      7     11      9      9     11
      4     16      9     14     12

     16     12     12     11     13
     12     15     13     16     13
     12     13     12      9     16
      8     13     10     11     14
      4     19      8     17     13

     15     13     12     13     12
     12     16     13     17     12
     12     13     11      8     15
      8     12     11     12     13
      4     18      9     16     13

     17     13     13     13     14
     15     17     14     18     14
     15     14     13      9     16
     10     13     11     13     13
      5     20     11     16     14

     16     14     13     13     12
     16     20     14     18     12
     15     14     13     10     15
     10     14     11     13     15
      5     22     11     19     14

     15     14     12     12     14
     13     17     14     15     14
     12     13     12      9     15
      8     12     11     12     14
      5     18     11     16     14

     14     12     12     11     10
     13     14     12     16     10
     11     13     11      8     16
      8     12      9     11     12
      4     19      8     15     13

     15     14     12     12     14
     13     17     14     15     14
     12     13     12      9     15
      8     12     11     11     14
      4     18     11     16     14

     12     13     10      8     12
     11     11     14     14     12
     10     11      7     16     13
      8     10     13     12      9
     11     10      8     15     12

     14     14     11     11     10
     12     15     18     13     10
     11     14     13     12     14
     11     13      7      8      9
      6     11     10     15     12

     10     17     14     11     12
      9     12     12     11     12
     10      9      9     12     12
     13     11     11      9     10
     11     12     13     10     11

     13     15     12     11      9
     11     11     12     13      9
      7     11      7     11     11
     11     11     13     12     13
     10     12     10     13     12

      7      9      9      8     11
      8      9     11     10     11
      6      9     11      9     12
     10      9      9      7     12
     10      7      8     10      9

      7      9      7      5      5
     10      9      9      6      5
      7      7      7      8      8
     10      7      8      6      8
      7      8      7      8      7

     26     18     29     54     19
     36     36     25     13     19
     -2     11      5     20      3
     -8      4      3      0      4
     16     -2      7     -9    -16

      5      5      3      4      1
      5      6      4      4      1
      3      4      5      4      4
      1      2      4      1      4
      4      4      3      4      3

      2      3      3      2      1
      4      3      2      4      1
      2      3      3      4      3
      1      3      3      3      0
      2      1      1      3      3

      1      1      0      0     -2
      1      0      0      1     -2
      0      1      1      1      0
      1      0      1      0      0
      0      0      0      0      0

      0      0      0      0     -1
      1      0      2      0     -1
     -2     -2      0      0      0
      0      0      1     -2      0
     -1     -2     -1      1      0

      0      0      1     -1      0
      0      2      0      0      0
     -1      0      0      1      0
     -3     -1      1      0      0
      2      1     -1      0      2

      0      1      1      0     -1
      2      1      0      0     -1
      0     -2      0      0      0
      0      0      0     -2      0
      0      0     -2      1      0

      0      2      2      0     -5
     -1     -3     -1      0     -5
      0     -2     -3     -2      0
      0      1     -2     -2     -1
     -2      0     -1      3      1

      0      0      0      0     -1
      0      1      0     -1     -1
     -2      0      2      0      0
     -3      0      1      0      0
     -1      0     -2      3      2

     -1      0      0      0      0
      4      1      0      0      0
      0      2      0     -2      0
     -1      0      1      0      0
      0      0     -2     -1      0

      1      3      2     -1     -1
      3      1      1      2     -1
      0      0      1      0      2
      2      0      0      0      1
     -2     -1      0      1      3

      3      2      2      2      0
      0      2      1      2      0
      0      0      0      0      0
      3      1      0      2      0
      1      0      0      2      0

      1      3      3      0      1
     -1      1      3      2      1
      1      0      0      0      1
      2      1      0      1      0
      0     -1     -1      3      2

      3      2      2      1      1
      2      3      3      4      1
      0      1      2      0      1
      0      2     -1      3      4
      1      0      0      3      0

      4      2      5      3      2
      2      6      7      3      2
      1      3      3      4      4
      3      2      1      1      4
      2      2      3      2      3

      3      5      2      2      3
      1      4      2      3      3
      2      4      3      3      2
      2      0      2      2      1
      3      3      2      3      2

      5      5      3      1      1
      5      5      5      4      1
      2      4      3      3      2
      2      3      3      1      2
      2      4      0      3      6

      8      7      6      3      4
      9      6      9      6      4
      6      5      5      6      7
      6      5      4      6      7
      6      6      4      8      5

     10      9     11      7      7
      9      9      8      8      7
      7      9      4      7      9
      8     10      6      8      7
      6      7      9     10      9

      9     10     11      8     11
     10     11     12     10     11
     11      9      9      9     11
     12      9      8      7     10
      9     11      8     13      9

      9     10     10     11     10
      9     12     13     12     10
     10     10      7      9     11
     12      9     10      8      8
      7      9      9      9     11

      9     12     11      9      9
     14     11     12     11      9
     10     12     10      9     12
     10     11      9      8     10
     10     12     10     10     12

     14     13     15     11      9
     11     11      9     13      9
     12     14     12     14     16
     11     11     11     16     10
      7     10      8      8      9

     11     10     13     11     10
     14     13     14     10     10
     11     11      9     12     12
     10     10     12     10     12
     11     11     11     10     11

     10     10      9     10     10
     11     12     11     11     10
      7     11     10     12     10
      9     10     11     10     10
      9     11      9     12     11

     10     10      9      6      9
     12     10      9     10      9
      9      9      7      9     10
      9      7      8      8      9
      8      9      7      8      7

      9     13     10     11      8
      9     10     10     10      8
      9      9     10     10      9
     10     10      9     10     10
      9      8      9     10      9

     10     10     10      8      8
     12     11     10     10      8
      9     11      7      8     11
      9     10     10      7      8
      8     10      7      9      7

      7     11     10      7      8
     10     10     12      8      8
      8      9      8      6     10
     10     10      9      7      8
      9      8      9      7      8

      8      7      9      8      7
      8      9      9     10      7
      8      9      7      8      9
      9      6     10      7      6
      8      7      8      8      7

      8      8     10      8     10
     10      8      9      9     10
      7     10      9      9     10
      7     10      8      8      8
      8     10      9      8      8

      7      9      7      8      8
      8      8      8      9      8
      7      8      7      9      8
      8      8      9      8      7
      9      8      9      8      8

      7      9      7      7      8
      8      9      9      8      8
      6      7      8      8      6
      8     10      8      8      8
      8      8      7     10      7

      7      9      9      8      7
      9      9     11     10      7
      6      8      7      6      7
      9      8      9      7      7
      7      8      6      9      7

      7     10      8      8      5
      9      8      8      7      5
      7      7      7      7      8
      8      6      9      7      7
      7      6      7      9      7

      8      8      6      6      5
      7      9      9      9      5
      6      7      8      7      8
      5      6      5      5      7
      5      7      7      8      7

      9      8      8      7      8
      8      9      9      7      8
      8      7      7      7      7
      7      8      9      6      6
      7      7      5      8      7

      7      9      7      5      5
      8      8      6     10      5
      5      6      7      5      7
      7      5      7      7      8
      5      7      5      9      8

      7      7      5      7      5
      8      8      7      6      5
      7      6      5      7      6
      5      5      6      6      6
      7      7      4      8      4

      6      6      8      6      4
      7      5      8      6      4
      6      6      5      6      8
      6      5      8      5      7
      5      5      5      6      6

      5      7      4      4      5
      6      6      6      6      5
      5      5      5      6      6
      6      5      6      6      6
      6      7      5      3      5

      2      7      5      5      5
      5      6      6      5      5
      5      7      4      4      6
      5      4      5      7      5
      5      6      4      5      3

      4      5      2      4      2
      5      3      3      6      2
      7      9      6      5      6
      3      4      4      5      5
      4      3      4      7      7

      5      6      5      3      2
      4      5      4      5      2
      3      3      6      5      4
      3      4      4      3      4
      3      4      2      6      3

      3      5      3      2      4
      6      5      6      3      4
      4      4      2      5      5
      4      3      4      5      4
      5      3      2      4      4

      4      4      5      1      4
      2      5      5      2      4
      2      2      3      4      2
      2      2      4      3      4
      0      3      2      4      1

      2      4      2      2      0
      4      2      3      2      0
      1      2      2      1      2
      0      2      2      3      1
      1      3      2      1      3

      2      3      3      1      0
      1      1      1      3      0
      0      0      0      2      0
      1      2      0      1      1
      0      0      2      2      0

      0      2      1      2     -1
      1      2      1      0     -1
      0      1      0      0      0
      0      0      0      1      0
      0      1      1      0      0

     -1      3      1      0     -2
      0      0      0      0     -2
      0      0     -1      0      0
      0     -1      0     -1      0
      0      0     -2      1      0

      0      1      0      0      0
      0      2      0      0      0
      0      0      0      0     -1
      1     -1      0      0      2
      0     -1      0     -1      1

      0      0      1      1      0
      0      0      0      0      0
      0      0      0      0     -2
      0      0     -1      0      2
      2      0     -2      0      0

     -3      1      0     -2      0
      0      0      0      3      0
     -2      0      0      0      0
      0     -1      0      0      0
     -2      0     -2      0      0

      1      1      0     -2      0
      0      1      4      0      0
      0      0      0     -1     -1
      0      1     -1     -2      0
      0      0     -1      1      0

     -1      2      0      0     -1
      2      0      1      0     -1
     -3      0     -2      0      0
      1     -1      0      0     -1
      0      0      0      0      0

      0      3      0     -1      0
     -1      0      3      0      0
      0     -1     -1      0      0
      0     -2     -1      0      0
      0      0     -1     -1      0

      2      1      0      1     -1
     -1      0      1      0     -1
     -1      1     -1      0     -2
      0     -1     -1      0      0
      0     -1     -1      2      1

     -1      0      0      0      2
      2      0      1     -2      2
      0     -1     -2      0      0
      0      0      1      0      0
     -1      0      0      0      0

      0      0      0     -1      2
      1     -1      0      0      2
     -1      1      0      0     -1
      2      1      0      1      1
      0      0     -1      0      1

      0      1      0     -1      1
      1     -1      0      1      1
      0      1     -1      0      0
      0     -1      0      0      0
     -2      0     -1     -2      0

     -1      0      0      0      2
      0     -1      0      0      2
      1      0      0      0     -1
      0      0      0     -1      1
     -1      1     -1      0      0

      0      0      0     -4      2
      2     -1      1      0      2
     -1      0      1      0     -1
      0      0      1      1      1
     -2      1     -2     -1      0

      0      0      0     -1      0
      0      0      0      1      0
     -1      0      0      0      0
      0      0      0      0     -1
      0      0     -1      0      0

      0     -1      1     -1      0
      0      0      0      0      0
      0      0      0      0      0
      0      0      0      1      0
     -1      0      0      0      0

      1      0      1     -1      1
      0      0      1      1      1
      0      2      0      0      2
      0     -2      0      0      0
      0      1     -1      0      0

      0      1      0      0      1
      0      0      0      0      1
      0      0      0      0      1
      0      0      0      0      0
      0      1      0      0      0

      0      0      1     -1      0
      1      0      0      0      0
      0      0      0      0      0
     -1      0      2      0      0
      0      0      0     -1      0

      1      1      2      1      1
      1      0      2      0      1
      1      0      1      1      1
      0      1      0      0      2
      2      0      0      0      0

      0      1      3      1      1
      3      2      2      2      1
      1      1      2      1      2
      1      1      3      2      1
      1      2      0      1      2

      0      1      3      2      5
      4      3      4      2      5
      1      2      3      2      3
      3      2      2      2      4
      2      3      2      3      3

      0      1      2      0      2
      3      1      1      2      2
      1      2      3      2      2
      1      1      2      2      2
      2      0      0      1      1

      0      0      1      0      2
      2      0      0      1      2
      1      1      0      0      0
      0      1      1      0      1
      0      0     -1      0      0

      0      1      1      0      1
      2      0      1      0      1
      0      1      0      1      0
      0      1      3      2      2
      1      1      1      0      0

      2      2      3      0      2
      3      1      4      1      2
      3      4      3      2      1
      3      2      3      1      2
      2      2      0      2      4

      4      2      4      3      4
      3      3      3      4      4
      4      4      1      3      3
      3      6      4      3      3
      3      1      3      1      3

      1      1      3      2      3
      3      1      4      3      3
      2      2      2      2      2
      3      3      4      2      3
      1      4      2      3      3

      2      2      2      1      3
      3      2      3      1      3
      2      3      2      2      1
      2      2      3      1      1
      1      2      2      2      2

      3      1      2      2      2
      4      2      1      1      2
      1      2      2      2      3
      3      2      2      1      3
      1      2      0      2      2

      2      2      3      2      4
      4      3      3      3      4
      3      3      2      3      4
      2      3      4      3      3
      2      3      2      2      4

      2      3      3      2      4
      5      2      4      3      4
      1      5      3      4      4
      4      3      5      3      1
      2      3      3      3      3

      3      3      5      2      3
      5      3      3      3      3
      2      4      2      3      3
      3      4      4      4      4
      3      3      4      3      4

      3      3      3      1      5
      3      3      3      2      5
      3      5      3      3      3
      2      4      4      2      3
      4      3      3      3      3

      3      1      4      1      4
      3      2      2      2      4
      4      3      3      4      3
      4      2      5      3      4
      2      4      2      3      3

      3      4      3      2      4
      4      4      3      2      4
      2      4      3      4      2
      3      2      3      3      3
      2      3      4      2      3

      2      3      5      3      4
      5      4      5      4      4
      5      3      4      3      3
      3      3      4      2      4
      3      4      2      3      3

      2      3      5      2      3
      5      3      3      3      3
      2      3      3      2      3
      3      4      4      4      2
      4      3      2      2      3

      1      2      4      2      3
      5      2      2      3      3
      4      3      3      1      4
      3      3      4      3      3
      4      3      2      2      3

      1      1      3      1      2
      4      3      2      3      2
      3      3      3      3      4
      3      1      4      3      2
      2      1      2      1      3

      1      2      3      0      4
      4      4      3      2      4
      3      2      4      2      2
      3      1      3      1      3
      2      4      1      2      2

      3      3      2      2      2
      3      2      3      3      2
      3      3      1      3      2
      4      4      3      1      1
      4      3      3      3      3

      0      1      3      2      3
      2      3      3      3      3
      2      2      1      3      2
      1      2      4      2      2
      2      3      2      2      3

      3      2      3      2      4
      5      3      5      3      4
      3      2      3      2      1
      2      4      3      2      2
      1      4      1      2      2

      3      1      4      0      2
      2      0      2      4      2
      3      1      4      2      3
      4      3      2      4      0
      1      2      1      2      3

      1      3      3      1      1
      5      3      3      2      1
      1      2      2      3      2
      3      2      2      1      3
      1      4      0      1      4

      0      1      4      2      3
      3      0      2      3      3
      4      4      1      3      3
      3      1      2      2      2
      1      3      2      1      3

      0      1      2      1      3
      3      2      3      1      3
      2      4      2      1      3
      3      3      2      1      0
      1      2      1      3      3

      1      2      2      1      1
      4      1      2      1      1
      3      4      2      3      4
      1      2      1      0      0
      2      3      1      2      2

      2      0      3      2      4
      2      0      1      3      4
      2      2      1      4      2
      1      3      1      0      1
      0      2      0      1      0

      1      1      2      1      1
      2      3      3      3      1
      3      3      1      1      2
      2      3      1      2      2
      3      1      2      2      1

      2      1      2      3      2
      1      1      2      1      2
      1      4      1      3      1
      1      2      2      1      2
      0      2      2      2      2

      1      2      2      1      1
      2      1      3      1      1
      0      2      0      2      1
      2      1      3      0      2
      0      1      0      1      2

      0      2      2      0      3
      1      2      2      3      3
      1      1      0      1      2
      1      1      4      2      4
      1      3      0      0      1

      2      1      2      2      2
      3      0      1      1      2
      2      3      1      0      2
      2      0      0      3      1
      0      1      0      2      0

      0      2      3      0      3
      3      0      1      0      3
      1      2      0      1      0
      3      1      2      0      1
      1      1      0      1      1

      3      0      0      1      1
      3      3      0      0      1
      2      0      2      3      2
      1      1      1      1      2
      0      1      0      0      1

      0      1      3      0      4
      1      0      0      0      4
      0      0      0      0      0
      2      1      0     -1      1
      1      3      0     -1      0

      1      0      1      2      0
      0      0      2      1      0
      0      0      1      1      0
      1      0      0      2      0
      1      2      1      1      1

      1      1      2      0      1
      0      1      1      3      1
      2      0      2      1      0
      0      2      1      1      1
      0      1      0      2      1

      0      1      0      0      2
      2      1      0      0      2
      1      1      0      2     -1
      0      1      2      1      2
      0      1      0      2      1

      0      0      1     -1      0
      1      1      3      0      0
      0      2      0      0      2
      1      2      1      0      1
      2      1      0      0      0

      0      0      2      1      2
      2      3      1     -1      2
      0      0      3      1      2
      0      1      1      3      1
      1      0      0      0      1

      2      2      1      0      0
      2      0      1     -1      0
     -1      0      3      2      0
      0      4      1      1      0
      0      2     -1     -1      5

      1      0      1     -2      0
      0      0     -2      0      0
     -2      1      0      1     -1
      0     -2      1      0      2
     -1      0      0      1     -1

      1      1      1     -2      0
     -1      0      0      2      0
      1      0     -1      0      2
      0     -1      1     -1      1
     -1      3      0     -1     -1

      0      0      0     -1      1
      4      0      2     -1      1
      0      0     -2      0      2
      1     -1      0      1     -1
      0     -1      0      0      0

      0      1      2      0      0
      0      0      2     -1      0
     -1     -1      1     -1      2
      1     -3      1      0      0
      1      0      0      0      1

      0      0      0     -2      1
      2      1      1      0      1
      0      0      0      0     -1
      0      1      0      0      4
     -1      0     -1      1     -1

     -2      0      2      1      0
      3      0      0     -2      0
      3     -2      0      0      0
      0      1     -2     -1      0
      0      3      0      0      2

      0      0     -1     -2      0
      0     -1      0      0      0
      0      3      0      2      1
     -1      3      0      0      0
      2      2     -3      0      0

     -3      1      0     -4      2
      1     -1      0      1      2
      1      0      0      0      0
      1      0     -1      0      0
      1      1     -2      0     -1

     -2      1      0     -1      0
      0     -3     -1     -1      0
      0      0      2     -3     -1
     -3     -3      0     -1      0
     -5     -2     -1     -3     -1

