;
; ENVI ASCII Output of file: E:\Imaging\ROI_AVIRIS\5_1_6.img [Fri Nov 17 11:56:32 2017]
; File Dimensions: 5 samples x 5 lines x 224 bands
; Line Format    : (5i7)
;
    549    550    527    535    537
    549    543    558    523    551
    543    546    519    549    525
    556    546    539    530    528
    538    550    524    543    537

    648    633    647    640    625
    648    649    659    657    653
    647    601    638    626    627
    654    601    635    634    632
    641    636    631    644    634

    690    674    689    685    683
    690    683    708    688    703
    697    681    678    673    702
    693    681    676    667    678
    679    691    678    704    681

    880    872    864    847    857
    880    886    870    873    886
    886    863    864    861    876
    857    863    857    842    851
    880    856    871    851    853

   1275   1275   1282   1274   1259
   1275   1275   1280   1292   1284
   1282   1268   1266   1265   1266
   1283   1268   1272   1242   1230
   1277   1268   1269   1261   1258

   1343   1334   1344   1330   1323
   1343   1343   1345   1355   1337
   1354   1343   1334   1330   1337
   1341   1343   1319   1305   1304
   1336   1331   1330   1332   1302

   1256   1258   1259   1259   1243
   1256   1273   1266   1266   1260
   1275   1250   1252   1244   1254
   1267   1250   1242   1225   1217
   1248   1263   1257   1242   1223

   1158   1159   1144   1160   1143
   1158   1174   1167   1167   1158
   1178   1155   1150   1150   1147
   1164   1155   1143   1129   1125
   1149   1150   1149   1144   1128

   1249   1246   1236   1250   1226
   1249   1258   1260   1256   1250
   1260   1253   1250   1238   1245
   1244   1253   1233   1217   1209
   1238   1232   1236   1226   1223

   1256   1264   1256   1254   1241
   1256   1277   1270   1284   1265
   1277   1268   1266   1262   1262
   1256   1268   1245   1236   1227
   1247   1249   1248   1248   1236

   1220   1221   1219   1213   1192
   1220   1237   1240   1231   1213
   1243   1223   1219   1224   1214
   1221   1223   1209   1197   1179
   1213   1214   1210   1212   1193

   1146   1145   1141   1132   1120
   1146   1156   1151   1147   1140
   1163   1144   1149   1150   1135
   1139   1144   1121   1117   1105
   1127   1129   1132   1132   1129

   1074   1078   1063   1058   1054
   1074   1098   1087   1080   1069
   1093   1075   1072   1081   1069
   1083   1075   1063   1047   1048
   1058   1052   1065   1068   1053

    968    965    966    949    936
    968    986    981    976    957
    982    969    975    970    959
    966    969    952    942    935
    944    949    954    956    949

    870    870    866    856    845
    870    885    883    876    862
    885    873    875    876    866
    873    873    856    851    839
    856    860    859    861    862

    764    766    759    756    730
    764    786    783    774    756
    780    773    779    767    764
    758    773    755    743    737
    750    747    756    759    750

    671    671    668    661    651
    671    695    687    678    661
    687    676    678    679    668
    672    676    663    658    650
    657    664    664    671    664

    639    637    630    623    613
    639    658    649    643    629
    652    643    643    641    631
    639    643    630    621    621
    621    628    628    634    628

    605    603    590    585    574
    605    621    610    607    595
    617    610    606    601    593
    606    610    595    583    591
    584    592    591    595    591

    559    556    547    542    531
    559    571    569    559    549
    571    563    569    565    544
    560    563    548    543    539
    540    551    547    555    547

    517    506    498    493    479
    517    525    515    508    494
    524    515    511    517    503
    516    515    499    498    490
    494    499    502    505    505

    471    466    458    448    445
    471    481    476    466    457
    482    472    478    468    463
    467    472    459    453    451
    452    457    455    465    453

    442    434    423    411    408
    442    447    439    436    422
    444    437    436    436    424
    435    437    424    421    418
    421    422    427    427    425

    385    378    373    367    360
    385    394    388    381    375
    393    388    387    383    374
    387    388    375    369    364
    371    377    377    373    375

    359    355    347    343    333
    359    367    363    354    343
    366    359    362    353    345
    355    359    349    347    341
    345    350    348    350    348

    341    338    330    328    316
    341    354    348    337    327
    358    348    346    340    334
    347    348    334    329    325
    332    330    335    337    338

    318    316    308    301    295
    318    326    324    317    308
    329    323    322    322    306
    319    323    310    308    305
    307    315    311    319    306

    294    289    286    284    271
    294    300    296    288    284
    303    298    297    290    284
    301    298    291    281    281
    281    287    287    287    289

    281    281    269    269    262
    281    290    284    274    269
    291    283    283    279    270
    284    283    273    269    266
    270    274    272    277    272

    260    255    254    245    241
    260    267    258    254    252
    268    261    260    261    252
    264    261    254    248    245
    250    253    254    258    253

    248    240    237    231    228
    248    256    244    239    236
    255    251    250    242    236
    246    251    237    238    233
    238    235    239    240    235

    242    238    229    225    221
    242    246    245    234    232
    249    244    238    240    233
    239    244    236    231    230
    232    229    234    235    233

    242    230    230    220    219
    242    245    244    232    229
    247    247    239    238    231
    242    247    241    234    231
    228    229    234    237    230

    243    239    230    226    222
    243    247    243    233    232
    249    243    239    241    234
    240    243    235    232    230
    233    229    235    235    234

    231    222    213    211    209
    231    228    224    217    215
    233    229    224    227    216
    225    229    222    214    214
    214    212    222    220    217

    203    199    189    183    187
    203    205    197    191    190
    206    200    201    201    191
    199    200    196    191    190
    188    187    195    197    195

    181    169    167    164    166
    181    181    173    167    170
    176    177    177    181    172
    176    177    171    169    169
    166    164    173    173    170

    175    167    163    156    159
    175    172    164    162    161
    174    169    172    170    165
    169    169    166    161    161
    160    158    165    165    164

    162    153    147    146    146
    162    159    149    149    143
    156    158    157    157    152
    155    158    150    148    145
    146    144    149    150    150

    123    123    117    114    112
    123    125    116    114    112
    122    121    121    122    119
    122    121    115    113    114
    116    111    117    117    116

    133    129    126    121    123
    133    131    122    119    122
    129    129    132    132    124
    129    129    121    120    120
    120    119    124    122    126

    144    141    135    136    135
    144    145    132    129    131
    140    140    139    145    134
    140    140    132    135    131
    130    129    137    134    138

    147    142    134    135    136
    147    146    132    131    132
    140    138    143    146    137
    143    138    132    133    132
    134    132    136    136    139

     88     84     81     83     81
     88     89     78     80     77
     84     85     84     86     82
     88     85     77     80     80
     80     81     79     80     84

    113    111    106    104    107
    113    115     98    100    104
    110    107    112    115    109
    110    107    103    105    103
    105    101    106    104    106

    120    117    111    111    114
    120    124    104    108    111
    115    115    119    120    115
    115    115    106    110    108
    110    105    113    109    116

    110    107    105    101    104
    110    110     94    100     99
    103    104    110    111    105
    106    104    100    102     98
    102    100    103    101    106

    104    101     96     95     96
    104    104     86     91     92
     98     96    102    103     95
     99     96     91     93     90
     94     92     95     92     98

     98     94     89     89     91
     98     96     78     86     84
     89     89     93     95     89
     90     89     84     87     84
     87     85     87     86     90

     77     75     70     73     72
     77     76     63     67     67
     72     69     75     78     72
     73     69     66     69     67
     71     66     71     69     73

     78     76     74     72     75
     78     77     63     69     67
     73     70     76     80     71
     73     70     66     68     69
     71     68     72     70     73

     82     81     73     75     79
     82     82     65     70     72
     76     76     78     80     74
     76     76     72     74     71
     74     71     77     74     77

     87     87     80     81     84
     87     88     69     75     75
     80     79     87     87     81
     83     79     77     80     76
     79     77     79     77     84

     82     81     75     77     79
     82     83     65     69     69
     77     76     80     81     75
     74     76     71     71     70
     73     71     75     72     77

     81     80     74     74     78
     81     81     62     69     68
     73     72     79     80     77
     76     72     68     70     68
     73     69     73     72     77

     74     75     69     72     71
     74     76     57     62     64
     69     67     74     73     69
     70     67     62     66     64
     67     66     68     65     73

     73     72     67     67     70
     73     72     53     61     61
     63     66     70     72     67
     69     66     60     65     61
     67     62     63     63     70

     59     57     53     53     57
     59     57     41     47     46
     51     51     57     57     54
     54     51     47     50     48
     53     51     51     49     56

     49     49     44     46     51
     49     49     37     40     40
     43     43     49     47     44
     44     43     40     42     40
     45     44     44     41     47

     43     44     40     41     42
     43     43     31     36     36
     40     37     43     45     41
     42     37     37     41     36
     42     37     40     39     43

     40     38     37     39     41
     40     40     29     32     31
     35     35     38     40     36
     37     35     30     37     33
     37     34     36     33     39

     29     24     24     21     29
     29     26     18     22     21
     26     21     27     27     26
     28     21     21     20     21
     27     23     21     23     26

     17     17     18     17     19
     17     17     12     14     14
     15     15     17     18     16
     18     15     15     15     15
     19     18     16     16     16

     18     20     19     18     21
     18     19     13     15     16
     18     18     19     21     18
     19     18     18     18     16
     18     17     18     17     19

     35     33     30     30     33
     35     33     23     26     26
     30     28     33     32     31
     32     28     27     28     27
     31     29     30     26     30

     39     38     37     36     36
     39     37     25     30     29
     34     33     37     37     34
     37     33     30     33     31
     36     34     34     30     33

     48     44     40     41     44
     48     47     29     35     35
     41     39     43     41     41
     44     39     33     38     35
     40     36     40     36     40

     49     47     44     43     45
     49     48     30     37     38
     43     41     48     45     41
     46     41     36     40     39
     42     41     41     37     44

     46     45     43     42     46
     46     47     30     34     37
     41     39     44     45     41
     43     39     35     38     37
     41     38     43     37     43

     47     46     42     43     45
     47     45     28     34     36
     39     38     44     46     40
     44     38     35     39     36
     41     39     40     37     42

     46     43     40     43     45
     46     46     28     35     36
     39     39     43     45     41
     43     39     34     38     35
     41     37     40     35     41

     43     41     38     38     42
     43     41     24     31     32
     38     35     40     41     37
     39     35     31     36     31
     39     36     36     32     40

     41     42     38     39     41
     41     42     25     31     31
     35     36     39     38     36
     39     36     31     35     33
     38     36     36     33     38

     39     38     35     35     38
     39     40     22     28     30
     34     33     38     38     34
     37     33     28     31     29
     35     33     34     30     36

     42     38     34     35     39
     42     38     22     27     29
     33     32     37     37     35
     38     32     28     32     30
     33     31     34     31     35

     37     33     31     31     35
     37     34     19     24     25
     29     29     34     33     31
     33     29     25     27     26
     30     29     29     26     32

     34     31     28     28     32
     34     32     18     23     23
     27     26     30     30     29
     31     26     23     25     25
     29     27     27     24     30

     31     30     25     26     30
     31     30     17     22     21
     25     24     27     27     26
     29     24     21     23     24
     27     24     26     22     28

     24     23     20     22     23
     24     22     12     17     18
     18     19     22     22     22
     21     19     16     18     17
     20     18     18     18     21

     14     14     12     13     15
     14     13      7     10     11
     12     11     13     14     14
     13     11      9     12     10
     12     12     11     10     14

      6      5      4      5      7
      6      6      3      4      4
      5      4      5      5      5
      3      4      5      5      4
      5      5      5      3      5

      4      5      5      3      6
      4      4      1      3      3
      4      4      4      5      5
      4      4      3      3      4
      3      4      3      3      5

      7      7      5      6      9
      7      4      3      4      4
      5      5      5      6      7
      5      5      4      5      4
      6      6      5      4      4

      6      6      5      5      7
      6      6      3      5      4
      5      6      4      6      5
      6      6      4      3      4
      5      6      6      5      5

      8     10      8      8     11
      8      7      4      5      6
      7      6      8      9      8
      6      6      7      7      6
      7      7      7      6      9

     14     15     15     15     17
     14     15      7     11     11
     12     12     16     15     13
     15     12     10     12     11
     14     12     13     11     15

     18     18     16     16     20
     18     17      8     12     13
     16     14     17     18     18
     17     14     13     14     14
     15     16     15     14     15

     18     16     15     14     18
     18     16      8     11     11
     13     13     15     17     14
     14     13     12     14     11
     15     14     13     12     16

     17     18     16     17     20
     17     17      7     12     13
     14     13     17     18     16
     16     13     11     12     13
     15     15     14     13     16

     15     15     14     14     17
     15     15      7     10     10
     12     11     13     14     15
     13     11      9     10     10
     13     11     13      9     13

     19     17     14     16     18
     19     17      7     12     12
     14     12     15     16     16
     16     12     10     13     13
     15     13     14     11     15

     18     17     15     15     19
     18     16      7     12     12
     14     14     17     17     16
     17     14     11     13     12
     15     15     15     11     18

     21     20     17     16     21
     21     19      8     12     14
     16     14     18     19     17
     18     14     13     15     13
     18     15     16     13     17

     21     18     16     17     21
     21     18      7     12     14
     15     14     18     20     16
     18     14     12     14     14
     16     15     16     12     18

     20     19     15     16     18
     20     17      7     12     13
     14     13     17     17     16
     15     13     12     14     13
     15     14     15     13     16

     16     15     14     12     17
     16     15      6     11     12
     13     11     14     16     16
     15     11     11     13     12
     15     14     14     12     16

     20     19     15     16     19
     20     17      7     12     13
     14     13     17     17     16
     15     13     11     14     13
     15     14     15     13     16

     15     10     11     11     12
     15     14     17     14      9
     12     15     12     13     13
     15     15     16     15     11
     14     15     12     16      8

     15     16     12     13     11
     15     14     16     17     10
     12     16     13     13     12
     13     16     13     10     12
     11     12     13     16     14

     16     10     15     13     16
     16     12     13     16     12
     14     15     17     14     15
     15     15     13     11     10
     14     13     12     15     16

     15     17     14     11     13
     15     15     16     15     14
     15     15     15     15     16
     12     15     13     11     12
     14     13     11     15     12

     13     11     11     10     11
     13     13     12     14     11
     11     10     15     10     12
     11     10      8      8      8
     11     14     11     11     10

     10      8      8      9      6
     10      9      9     10      7
     11      9     10     10     10
      5      9      5      7      8
      8      8      8      9      8

     67     71     73     53     38
     67     47     53     50     50
     25     52     57     51     44
     20     52     38     40     39
     72     64     32     30     30

      8      6      4      3      4
      8      7      5      5      5
      6      3      6      5      5
      5      3      4      3      3
      5      5      4      4      4

      3      2      2      2      2
      3      4      2      6      3
      1      4      4      2      3
      2      4      5      3      2
      3      1      3      3      1

      1      1      1      0     -1
      1     -1      1      2      0
     -2      2      0      1      2
     -1      2     -1      0      1
      3      0      0      0      1

      0      1      0     -1      0
      0      0      1      0      0
     -1      0      0      1      2
      0      0      0      0      1
      0      1      0     -1      0

     -1      1      0      0     -2
     -1     -1      0      0      0
     -2      0      1     -1      0
      0      0      0      0      0
      0      0     -2     -1      2

      1     -1      0      0     -1
      1      0      1      1      1
      0      1      1      0      0
      0      1      2      0      0
      0      1     -1      0      0

      7      1      2      4      3
      7     -1      4      5      2
      0      4      2      8      4
      2      4     -3     -2     -2
      0     -4      1      0      2

      2      0      0      5     -2
      2     -3      0      0      3
      0      2      2      1      1
      1      2      2      0     -2
      0      0     -2      0      2

      4      0      0      1      0
      4      0     -1      2      0
      0      0      0      2      1
     -2      0      0      2      0
      1      1     -1      2      1

      0      2      0      1      0
      0      1     -2      2     -1
     -1      0      1      4      3
      0      0      0     -1      2
     -1      1      1      0      2

      0      0      2      2     -1
      0     -1      0      1      1
      0      2      1      3      1
      1      2      0      0      0
      0      0      1      0      0

     -1      1      1      1      0
     -1      0      0      2      0
     -1      2      1      1      2
      0      2      2      1      2
      1      3      1      1      1

      1      2      2      5      2
      1      1      2      0      3
      3      3      5      3      3
      1      3      1      2      2
      1      1      3      2      3

      4      4      3      3      2
      4      4      5      3      2
      5      3      3      5      6
      3      3      3      1      3
      2      3      1      2      3

      2      3      3      3      2
      2      0      3      3      4
      1      3      3      4      4
      2      3      2      3      2
      3      4      3      2      4

      5      1      3      5      4
      5      2      4      5      3
      3      3      5      3      5
      3      3      3      2      3
      2      2      3      4      4

      7      8      7      5      6
      7      8      7      9      5
      5      7     10      9      8
      6      7      5      5      5
      6      7      5      7      7

     11     10     10     10      8
     11     10     10     11      9
      8     10     10     10      9
     10     10      9      8     11
      8     10      8      7      8

     13     11      8      9      9
     13     12     13     14     10
     10     14     13     12     11
     11     14     10     10      9
     11     11     10     10     12

     14     12     10     12     12
     14     14     14     12     10
     13     13     14     12     10
     12     13     11     12      9
     13     12     12     12     12

     16     12     11     13     10
     16     12     13     13     13
     13     14     15     13     11
     12     14     12     12     12
     12     12     14     12     10

     16     17     18     14     11
     16     18     18     20     19
     16     18     19     20     18
     15     18     13     13     11
     15     16      9     13     10

     15     14     12     12     12
     15     15     14     15     12
     16     16     15     15     12
     15     16     14     13     11
     12     13     13     10     11

     15     12     12     10     10
     15     13     12     13     12
     13     14     16     11     12
     14     14     12     10      9
     13     12      9     13     13

     14     12     11     11     10
     14     12     10     11     10
     10     13     13     11     10
     12     13     11     11      9
     10     13     10     11     10

     12     13     10      9     10
     12     12     12     10     11
     14     13     12     10     11
     12     13     10      7     12
     10     10     10      9      9

     12     13     11     11     10
     12     12     11     10     11
     13     12     14     11     10
     13     12     11     11      8
      9     12     12     11      9

     13     11      9      9     10
     13     11     10     12     10
     12     11     12     11     10
     10     11     10     10      8
     11      8     10     11     10

     12     11      9      8      9
     12     11     12     11      9
     13     10     12      9      9
     12     10     10      7      9
     10     10      9     10      9

     11     10     10      9     10
     11     13      9     13     10
     13     11     14     11     11
     12     11      8      9     11
      7     12     11      9     10

     12     10     10      8      9
     12     10     10     11      9
     11     13     11     10      8
     10     13     10      8     10
     11     10     11     12      9

     11      8      8      9      8
     11     12     12     10      7
     10     12     12      9     11
     10     12     10      7      7
      7     11      8      8      8

     10     11      8      7      7
     10      9      9      9     10
      9     12     11      9      9
      8     12      7      8      8
      8     10      8      8      9

     10      8      8      8      8
     10     11     10     11      9
     11     11     10      9     10
      9     11      8      8      7
      9     10      8      7      8

     11      9      7      7      6
     11     11      9      9      9
     10     11     12      9      8
      9     11      9      9      8
      8      9      8      9      7

      9     10      8      9      5
      9     11     10     10     10
      9     10     10      9      7
      9     10     10      9      9
      8      8      8      7      6

      9     10      7      8      8
      9      8      9     12      5
      9     10     11      7      8
      8     10      7      7      7
      8      8      7      7      7

      9      8      6      9      6
      9      8      8     10      8
      9     10     11      8      7
     10     10      6      8      8
      7      7      4      7      6

      9      7      7      6      6
      9      8      7      9      6
      9      9      8      7      8
      7      9      7      5      7
      9      7      7      4      8

      9      8      7      6      5
      9      7      9      8      7
      7      9      7      6      7
      9      9      6      6      5
      8      4      7      8      6

      7      7      6      5      7
      7      7      6      6      7
      7      7      7      7      3
      6      7      8      3      4
      7      4      4      4      4

      6      8      5      5      3
      6      7      4      7      6
      6      3      7      3      4
      6      3      5      8      6
      7      6      6      5      5

      5      6      5      4      5
      5      3      6      5      4
      5      6      6      7      6
      7      6      6      6      4
      5      4      4      4      6

      4      8      5      5      6
      4      5      4      4      3
      5      4      6      4      4
      4      4      6      4      4
      3      5      4      2      5

      4      4      2      1      1
      4      4      3      3      3
      3      4      5      3      3
      4      4      2      3      2
      2      2      3      4      3

      5      4      3      3      2
      5      4      1      4      1
      2      3      4      2      2
      1      3      3      3      1
      2      2      4      3      5

      1      0      1      2      1
      1      2      1      3      1
      1      1      2      0      2
      1      1      1      2      1
      0      0      0      0      2

      2      1      1      0      0
      2      1      1      0      2
      0      2      2      0      1
      1      2      1      0      1
      0      0      1      0      1

      1      0      0      0      0
      1      0      0      1      0
      0      0      0      0      0
      0      0      0      0      0
      0      2      1      0      0

      0      1      0      0      0
      0      0     -1      0      1
     -1      0      0     -2      1
      0      0     -1      0      0
     -1      1     -1     -2      0

      1      0      0      0      1
      1     -1      0      0      0
     -1      2      2      0      0
      0      2      1      1      0
      0      1     -2      0      0

      0      0     -1     -1      1
      0      0     -1      0     -1
     -2      0      0      1      0
      0      0      0      0      0
      1      1      0      0      0

      1      0      0      0      0
      1     -1      0      0      0
      0      1      0      0      1
      0      1      0      0     -1
      0      0      0      0     -1

      1      0      0      1      0
      1      0      0      1     -1
     -1      1      3     -1      1
      2      1      1      0      0
      0     -1      0      1      0

      0      2     -1      0     -1
      0      0      0     -2      3
      0      0     -1      0      0
     -1      0      0      0      1
      1      1      1      0      0

      2      0     -1      0      0
      2      1      0      0      0
      0      3     -1      1      0
      0      3      0      2      1
      2      0      0      0     -1

      1      1      0     -1      1
      1      1      0     -1      0
      1      2      0      0     -1
      0      2      0      0     -2
      0     -3      1      0      0

      3      1     -1      0      2
      3      1      0     -2      0
      1      0      0      0      0
      0      0      0      2      1
      0      0      1      0      0

      0      2     -1      0      0
      0      0      0      0      0
      0      0      0      0      0
      0      0      0      2      1
     -1      0      0      0      0

      1      1      0     -2      1
      1      2      0      0     -1
      2      1      0      0      0
     -1      1      0      0      0
      0     -3      0      0      0

      0      0      0      0      0
      0      0      0     -2      0
      3      1      0      0      0
      0      1      0      2      0
      0      0      1      0      0

      1      1      1      0      2
      1      2      0      0      0
      1      0      0     -1     -2
      0      0      0      0     -1
     -1      0      0      0      0

      1      0      0     -1      2
      1      0      1      0      0
      1      0      0      0     -1
      0      0      0      0     -2
      0      0      0      0      0

      1      0      1     -1      1
      1      1      0      0      0
      1      0     -1      0      0
      0      0      0      1      0
      0     -1      1      0      0

      1      0      0      0      2
      1      2      1     -1     -1
      1      0      1      0     -1
      0      0      0      1      0
      0      0      0      0      0

      0      1      0     -1      0
      0      0      0      0      0
      1      0      0      0      0
      0      0      1      1      0
      0      0      1      0      0

      3      1      1      0      1
      3      3      1      1      3
      2      3      0      1      0
      1      3      0      3      1
      1      2      3      1      2

      2      2      3      1      3
      2      3      4      3      3
      3      4      2      1      2
      2      4      2      5      1
      1      1      3      2      3

      5      3      3      3      3
      5      4      4      3      3
      4      2      4      3      2
      2      2      3      4      2
      3      2      3      4      1

      2      1      2      0      2
      2      1      2      2      2
      2      2      1      2      0
      2      2      1      3      1
      2      0      1      2      1

      1      1      1      0      0
      1      0      1      1      0
      1      1      0      0     -1
      0      1      0      3      0
      1      0      1      0      0

      2      2      0      1      2
      2      0      1      0      2
      2      1      1      1      0
      2      1      1      2      0
      0      2      1      1      2

      3      4      3      2      4
      3      3      2      3      2
      4      4      3      3      2
      3      4      2      5      3
      3      2      3      3      2

      4      4      4      3      4
      4      5      5      4      5
      6      5      4      5      3
      3      5      3      5      4
      3      2      4      3      4

      6      4      4      3      4
      6      5      3      2      3
      5      5      4      4      4
      3      5      4      5      4
      2      3      4      4      3

      3      3      2      1      2
      3      3      2      2      1
      4      2      3      2      1
      1      2      2      4      3
      3      2      4      3      3

      3      4      1      2      3
      3      2      2      0      3
      3      4      2      3      2
      2      4      3      5      2
      2      1      3      2      2

      5      4      3      2      3
      5      7      3      4      3
      5      6      4      4      3
      2      6      4      5      3
      3      2      2      4      3

      5      5      3      1      3
      5      5      4      3      3
      6      6      3      3      2
      4      6      3      3      3
      2      3      5      5      2

      5      6      4      3      5
      5      4      5      5      5
      6      5      5      3      4
      6      5      4      7      5
      4      2      5      4      5

      5      4      5      3      4
      5      4      5      4      3
      5      4      4      4      3
      5      4      5      5      3
      2      4      5      4      4

      6      4      3      2      5
      6      5      4      4      4
      5      6      4      5      5
      4      6      4      4      3
      3      4      4      3      2

      5      4      2      4      3
      5      5      5      4      4
      6      5      4      3      2
      5      5      3      7      3
      3      2      5      5      4

      5      6      4      2      4
      5      6      5      5      3
      6      6      5      4      2
      4      6      3      3      2
      4      3      5      4      4

      6      6      3      2      4
      6      4      4      3      2
      4      4      4      4      4
      4      4      3      4      4
      5      3      4      2      3

      5      3      4      2      5
      5      5      5      4      3
      5      5      4      4      2
      5      5      4      5      3
      3      2      5      3      3

      5      4      5      3      3
      5      4      3      4      4
      5      3      4      4      3
      2      3      1      4      2
      3      4      4      4      3

      4      5      3      1      3
      4      4      4      4      2
      6      4      4      4      3
      4      4      4      3      3
      5      2      3      3      2

      5      5      3      2      4
      5      5      4      3      4
      5      4      3      3      2
      4      4      4      5      2
      3      3      4      3      1

      6      4      4      2      3
      6      4      5      3      2
      5      3      4      2      2
      4      3      2      2      1
      4      1      4      3      3

      6      4      4      1      4
      6      5      7      5      4
      4      4      3      4      2
      4      4      4      3      4
      3      3      5      3      2

      4      5      3      3      4
      4      6      5      2      3
      5      6      4      4      2
      4      6      3      4      2
      2      1      3      2      4

      4      2      3      1      3
      4      5      4      4      2
      5      4      5      4      4
      4      4      2      4      2
      2      3      4      3      4

      6      4      3      1      4
      6      4      4      2      2
      5      3      3      4      2
      4      3      3      4      4
      1      3      2      2      2

      5      6      4      3      3
      5      3      4      5      2
      5      5      3      2      2
      5      5      2      4      1
      2      2      3      3      2

      4      3      1      0      4
      4      3      6      4      1
      5      2      2      4      0
      3      2      4      5      2
      3      1      4      2      3

      4      5      2      1      3
      4      5      3      3      2
      4      3      2      3      3
      4      3      1      2      4
      2      2      2      1      3

      5      4      2      1      3
      5      5      4      2      1
      4      4      1      2      0
      3      4      3      3      1
      4      2      4      2      2

      5      3      1      1      2
      5      4      2      3      2
      4      3      3      3      2
      2      3      2      2      2
      3      3      3      2      2

      4      3      1      2      3
      4      4      2      2      0
      2      3      4      3      1
      1      3      2      3      2
      3      3      3      1      1

      5      5      2      1      4
      5      2      2      4      2
      4      3      2      3      2
      1      3      4      2      3
      1      2      1      1      2

      5      3      1      0      1
      5      2      4      2      1
      5      5      3      3      2
      2      5      3      3      0
      3      1      1      1      2

      5      3      2      1      3
      5      2      4      4      2
      2      3      1      3      1
      2      3      1      2      0
      2      0      4      1      3

      4      3      1      0      1
      4      3      2      2      2
      4      1      2      3      0
      1      1      3      3      2
      1      1      2      2      0

      3      3      0      1      0
      3      3      2      3      0
      2      1      3      0      0
      0      1      2      3      2
      0      0      2      1      3

      1      4      2      0      0
      1      3      2      2      3
      3      3      1      3      0
      1      3      0      3      1
      1      1      2      3      2

      1      1      0      0      1
      1      3      2      1      2
      2      1      2      0      0
      0      1      1      2      0
      0      1      2      2      0

      2      3      0      0      2
      2      4      0      0      0
      3      2      0      0     -1
      2      2      1      3      0
      1      0      1      1      3

      1      0      2      0      1
      1      2      0      0      1
      2      0      0      0      0
      1      0      0      4      2
      0      0      1      2      1

      1      0      1      0      1
      1      2      0      0      1
      1      0      1      1     -1
      0      0      0      2     -1
      0      0      1      0      1

      1      0      2      0      1
      1     -1      3      2      0
      3      1      0      2      0
      0      1      0      2      1
      1     -1      2      1     -1

      3      0      1      0      0
      3      0      0      1      1
     -1      3      0      1      0
      0      3      0      0      0
      2      1      1      0      2

      2      1      1     -2      2
      2      0      2      0      1
      1      1      0      1      0
      0      1      1      0      0
      1      0      2      0      0

     -1      7      0     -2      0
     -1      3      2      0      1
      1      1      0      2      2
      0      1      0      0      2
      3      2      0      0      1

      1      0      2      0      0
      1      1      0     -1      0
      3      1     -1      0      0
      2      1      0      0      0
      0      0      0      0      1

      3      0      0      0      0
      3      0      1      1      1
      3      0      2      0      1
      0      0      0      1     -1
      1     -2      3      1      0

     -1      0      0      0      0
     -1      0      2      0      1
      2      0     -2      0      1
      0      0      0      2      0
      0     -2      0      1      1

      0      0      0     -1      0
      0      1      0      1     -3
      3      2     -2     -1      2
     -1      2      0      1      1
      0     -3      4      0      0

      1      2      0     -1      0
      1      3     -1      0      0
      0      1     -1     -1      0
     -1      1      0     -2     -1
     -1     -2     -1      1      0

      0      0      1      0      0
      0      1      0      2      0
      1      1      1      1     -3
     -1      1      0     -4      0
      0      0     -1      0     -1

