;
; ENVI ASCII Output of file: E:\Imaging\ROI_AVIRIS_TestSet\5_1_6.img [Wed Dec 06 11:44:46 2017]
; File Dimensions: 5 samples x 5 lines x 224 bands
; Line Format    : (5i7)
;
    558    564    571    557    553
    560    562    562    555    564
    568    547    551    549    569
    560    574    564    560    573
    560    566    593    553    543

    657    664    651    656    643
    664    671    671    674    665
    659    660    637    648    666
    662    669    656    656    677
    662    656    663    660    656

    711    717    710    716    697
    709    712    712    716    704
    699    703    700    713    713
    719    708    717    713    699
    719    703    718    697    702

    904    908    880    899    897
    892    884    884    901    886
    884    886    865    883    888
    904    884    903    897    882
    904    890    885    894    884

   1293   1307   1300   1293   1291
   1308   1299   1299   1292   1289
   1289   1296   1283   1295   1308
   1300   1295   1293   1305   1305
   1300   1286   1300   1295   1295

   1356   1359   1360   1354   1355
   1359   1362   1362   1358   1359
   1359   1358   1348   1364   1368
   1361   1350   1352   1364   1360
   1361   1358   1364   1350   1339

   1273   1283   1277   1278   1280
   1280   1281   1281   1285   1281
   1284   1273   1271   1279   1279
   1277   1277   1272   1289   1275
   1277   1265   1290   1274   1275

   1177   1188   1196   1176   1181
   1173   1179   1179   1181   1184
   1182   1167   1170   1174   1184
   1190   1177   1188   1192   1190
   1190   1196   1187   1188   1183

   1272   1281   1280   1283   1278
   1280   1287   1287   1287   1286
   1282   1273   1278   1277   1286
   1289   1269   1272   1283   1289
   1289   1285   1292   1280   1276

   1295   1294   1303   1304   1299
   1303   1316   1316   1304   1300
   1297   1292   1304   1294   1309
   1310   1289   1305   1317   1295
   1310   1313   1317   1307   1295

   1259   1260   1267   1259   1255
   1251   1265   1265   1270   1265
   1258   1245   1262   1258   1267
   1273   1258   1264   1278   1264
   1273   1265   1274   1262   1248

   1176   1182   1183   1185   1191
   1188   1181   1181   1202   1185
   1187   1179   1179   1180   1192
   1198   1178   1190   1194   1186
   1198   1186   1197   1186   1177

   1100   1117   1116   1119   1108
   1112   1127   1127   1123   1125
   1110   1111   1115   1112   1115
   1131   1115   1126   1128   1118
   1131   1124   1133   1121   1103

    992   1010   1016   1010   1007
   1001   1015   1015   1015   1010
   1011   1004    999   1005   1011
   1012   1007   1020   1019   1010
   1012   1017   1016   1007   1003

    910    915    913    917    919
    909    916    916    923    921
    914    903    912    912    919
    923    916    925    928    913
    923    928    926    921    907

    805    807    811    805    812
    805    813    813    821    815
    811    810    810    814    817
    819    812    818    822    818
    819    821    817    813    806

    707    711    707    713    713
    706    721    721    717    718
    715    709    716    717    713
    717    712    724    726    712
    717    727    726    717    706

    669    676    672    674    675
    668    682    682    682    680
    678    674    680    677    677
    682    677    686    688    680
    682    688    688    683    670

    630    639    635    633    636
    629    641    641    647    641
    639    638    642    637    641
    645    641    647    649    646
    645    649    649    648    632

    584    587    590    593    595
    589    594    594    598    597
    596    592    595    592    592
    601    596    603    604    600
    601    599    596    593    591

    531    538    535    542    542
    539    547    547    546    542
    548    540    549    542    545
    548    546    553    550    545
    548    554    554    541    537

    490    490    495    494    495
    489    497    497    502    499
    498    494    496    497    495
    503    496    510    505    497
    503    506    502    496    490

    453    455    458    456    458
    453    465    465    465    464
    456    457    459    461    459
    468    463    466    468    463
    468    468    466    461    457

    394    394    404    406    405
    400    405    405    408    405
    406    407    407    404    409
    411    409    414    412    409
    411    408    413    405    404

    369    370    373    376    374
    372    375    375    377    380
    380    373    374    378    380
    379    382    378    387    376
    379    383    386    379    373

    351    355    359    358    359
    353    358    358    364    364
    363    357    357    358    364
    364    361    365    366    362
    364    362    366    364    357

    327    329    330    336    336
    325    331    331    338    333
    335    332    331    334    333
    336    332    338    340    332
    336    343    341    341    335

    302    302    300    305    308
    302    307    307    308    313
    305    306    303    305    305
    313    311    314    317    306
    313    311    311    310    310

    285    286    287    290    293
    289    293    293    297    295
    297    292    291    291    298
    293    293    299    298    293
    293    298    299    295    292

    263    265    267    270    271
    265    269    269    266    269
    268    268    269    270    271
    268    272    274    275    274
    268    274    274    271    268

    245    245    253    251    251
    252    255    255    256    254
    249    253    255    251    251
    256    256    257    261    252
    256    254    257    257    246

    245    244    245    246    246
    242    246    246    248    251
    244    244    247    250    249
    252    247    255    252    246
    252    251    250    247    249

    246    240    247    244    243
    244    248    248    248    249
    247    244    243    249    244
    251    249    258    253    245
    251    254    253    250    248

    245    243    245    246    245
    242    246    246    248    251
    245    243    247    250    250
    251    248    253    251    247
    251    251    250    246    249

    229    222    229    227    225
    226    231    231    230    231
    226    227    230    233    225
    230    231    235    233    228
    230    233    231    227    226

    201    193    204    203    196
    198    203    203    202    204
    200    201    199    206    202
    203    204    211    201    200
    203    209    205    201    199

    176    172    176    174    170
    175    177    177    176    179
    176    176    176    177    179
    175    178    179    180    176
    175    183    180    174    177

    168    164    170    165    165
    168    173    173    167    170
    172    166    169    168    170
    168    176    169    169    169
    168    173    171    168    166

    156    147    155    153    149
    152    154    154    155    154
    155    149    155    156    153
    153    155    155    154    152
    153    158    157    147    154

    119    113    118    118    115
    119    120    120    120    118
    120    115    116    118    121
    116    121    117    120    120
    116    124    123    116    117

    124    122    128    125    122
    128    125    125    125    128
    128    122    124    125    128
    123    131    129    126    127
    123    128    127    120    127

    134    131    140    136    130
    135    138    138    135    138
    138    132    134    139    138
    133    135    134    136    136
    133    141    139    130    136

    137    130    140    134    130
    136    138    138    139    135
    138    133    133    137    138
    133    143    136    135    138
    133    141    141    131    136

     81     79     83     82     79
     81     83     83     83     83
     84     80     80     83     84
     78     85     80     80     81
     78     85     86     76     82

    106    100    108    106    100
    103    109    109    106    104
    108    101    103    104    109
    101    105    102    105    106
    101    109    108     97    106

    115    103    113    110    102
    110    111    111    111    110
    114    105    109    112    114
    106    117    109    107    113
    106    113    114    102    109

    102     97    106    101     96
    100    103    103    102    101
    105     98     98    104    104
     96    106     98    100    102
     96    106    102     92    102

     97     88     98     92     89
     94     95     95     93     93
     97     91     94     96     95
     88     96     90     91     96
     88     97     99     86     92

     87     81     88     84     81
     87     87     87     86     85
     89     83     84     85     88
     81     87     81     83     88
     81     90     88     78     85

     69     65     71     68     63
     66     70     70     68     68
     70     65     66     69     71
     64     70     63     65     71
     64     71     70     61     67

     71     65     73     69     63
     70     71     71     70     68
     72     66     68     71     72
     65     71     64     66     71
     65     70     69     61     69

     71     66     74     70     65
     74     73     73     71     70
     75     69     69     73     72
     67     75     65     70     73
     67     73     74     64     72

     78     71     81     76     71
     76     79     79     76     75
     78     74     74     78     80
     71     80     70     72     77
     71     80     80     68     76

     72     64     74     71     65
     72     74     74     72     69
     75     67     69     71     74
     65     73     66     69     75
     65     74     72     63     71

     72     63     74     69     63
     70     72     72     72     70
     73     68     69     69     71
     62     73     63     66     72
     62     71     71     61     69

     65     60     68     65     59
     64     68     68     65     63
     68     62     62     67     68
     59     66     58     60     68
     59     68     68     56     64

     64     56     66     63     57
     63     65     65     63     61
     64     59     60     62     66
     55     64     54     58     64
     55     66     64     53     61

     51     45     52     48     44
     52     53     53     49     48
     52     46     47     50     51
     44     52     42     47     51
     44     49     52     42     47

     43     39     44     39     36
     42     44     44     40     40
     44     41     40     42     43
     37     42     37     38     43
     37     44     41     36     39

     39     34     40     35     34
     39     37     37     38     38
     40     34     37     37     41
     34     41     33     36     39
     34     39     37     31     37

     36     30     36     35     31
     35     36     36     34     35
     35     33     32     34     35
     31     35     29     34     35
     31     38     37     28     33

     22     21     18     20     19
     21     27     27     20     21
     22     20     20     22     26
     18     21     20     23     24
     18     23     26     19     19

     17     14     17     14     15
     15     17     17     15     15
     17     15     15     16     16
     13     15     13     15     16
     13     16     17     14     15

     18     14     18     14     15
     17     18     18     16     16
     17     14     17     17     19
     14     16     13     14     16
     14     17     17     13     15

     28     26     31     27     26
     28     30     30     26     28
     29     25     25     27     29
     24     27     24     26     29
     24     29     30     21     26

     32     28     34     32     29
     31     34     34     30     30
     33     29     29     30     34
     27     32     26     29     30
     27     31     33     25     29

     39     33     41     35     31
     38     37     37     36     35
     38     33     35     36     39
     31     38     30     33     38
     31     38     39     30     35

     40     36     43     37     33
     39     41     41     38     38
     40     37     35     37     39
     33     40     31     34     41
     33     40     39     32     38

     39     34     40     37     32
     38     41     41     38     36
     40     33     35     37     40
     30     39     29     34     38
     30     39     39     30     36

     39     34     40     36     32
     37     38     38     37     36
     40     34     35     38     40
     31     38     30     33     39
     31     38     40     28     36

     38     32     38     36     31
     37     37     37     36     35
     39     33     34     36     40
     30     38     28     34     37
     30     38     39     28     35

     35     30     37     32     28
     34     34     34     33     32
     35     31     30     32     36
     28     33     26     31     35
     28     35     33     25     31

     34     29     36     31     28
     34     34     34     32     32
     35     30     32     33     35
     27     33     25     30     33
     27     35     36     26     33

     33     26     34     30     26
     31     32     32     30     30
     33     28     29     30     32
     25     32     23     28     33
     25     33     33     23     29

     31     27     32     29     26
     32     32     32     32     28
     33     27     28     30     33
     25     31     23     27     32
     25     31     32     23     29

     28     24     29     27     22
     27     29     29     26     27
     29     24     24     27     30
     22     29     21     25     28
     22     30     29     20     28

     25     22     27     24     20
     25     27     27     25     25
     27     22     23     25     28
     20     27     19     23     26
     20     26     27     18     25

     23     19     25     22     19
     24     25     25     23     22
     25     20     22     23     26
     18     25     17     21     24
     18     23     26     17     22

     18     16     18     18     15
     17     18     18     17     17
     19     17     15     17     19
     14     19     13     16     20
     14     18     19     12     17

     10     10     13     11      9
     11     13     13     10     11
     11      9     10     11     13
      9     11      8     10     13
      9     11     12      8      9

      6      4      4      4      3
      4      5      5      4      4
      4      4      4      4      7
      4      5      4      4      4
      4      4      4      2      3

      3      2      3      3      4
      4      4      4      3      4
      2      4      4      4      3
      3      4      2      3      4
      3      4      3      2      3

      5      4      5      5      4
      5      6      6      5      5
      5      4      5      4      5
      4      5      4      4      5
      4      5      5      3      4

      4      4      5      5      4
      5      4      4      5      4
      5      3      4      5      4
      3      6      4      3      5
      3      5      4      2      5

      6      5      6      6      6
      7      8      8      7      5
      6      6      6      6      8
      4      7      5      6      6
      4      6      6      4      6

     13      9     14     11      9
     11     13     13     12     11
     13     10     10     12     14
      8     13      8      9     11
      8     12     13      8     10

     14     11     16     14     10
     14     16     16     14     12
     14     11     12     13     16
     10     13      9     12     14
     10     15     16     10     13

     13     10     15     12     10
     12     13     13     11     10
     13     10     12     12     13
      9     12      8     10     14
      9     14     12      8     12

     14     10     15     13     10
     13     15     15     12     13
     14     12     13     13     15
     10     14      8     11     14
     10     13     16      8     13

     13     10     12     10      9
     11     12     12     10     11
     12     10     10     10     13
      8     11      8      8     11
      8     12     13      7     11

     13     10     15     13     10
     14     15     15     13     12
     15     10     12     13     15
     10     14      8     10     14
     10     14     14      8     12

     13     11     15     12     10
     14     16     16     13     13
     14     11     12     13     14
     10     13      9     12     14
     10     13     14      8     13

     16     11     16     14     12
     16     17     17     14     12
     16     13     14     15     17
     12     15     10     12     16
     12     16     16      9     15

     17     13     18     14     11
     15     17     17     14     14
     16     12     14     14     16
     11     16     10     13     17
     11     14     16      9     13

     13     11     14     12     11
     15     16     16     14     12
     14     11     13     13     15
      9     13      8     12     15
      9     14     15      9     13

     13     11     15     12     10
     11     14     14     12     11
     14     10     12     12     13
      9     12      7     11     14
      9     12     13      8     13

     13     11     14     12     10
     15     16     16     14     12
     14     11     13     13     15
      9     13      8     12     15
      9     14     15      9     13

     16     10     10     11     14
     10     11     11     11     11
      9     12     13      8     17
     12      9     10     11     13
     12     12     12     13     13

     14     11      9     18     12
     12     10     10     14     10
     10      8     12     13      9
     10      8      7     14     15
     10     17     12     10     14

     12     13     12     13     14
     14     13     13     13     12
     11     10     11      9     12
      8     12     12     15     16
      8     13     10     14     14

     10     11     14     11     11
     13     13     13     16     13
     14     10     11     10     10
      9     11      9     12     14
      9     14     16      8     11

     12     10      7     14     14
      8     12     12     11     10
      9     12     10      8      9
      9      8     12     10     12
      9     10     10      7      9

      9      6      5     10     10
      9      7      7      8      8
      8      9      9      4      8
      9      6      4      7     12
      9      7     10      8      8

     19     14     -7      2     23
     23      0      0     -3     -5
     31     -8    -10     12     11
     -6     18      4     23      7
     -6     -6    -12     -7      0

      2      4      4      4      6
      5      3      3      6      5
      6      2      4      2      4
      3      5      1      5      2
      3      3      4      4      4

      3      1      2      1      0
      4      3      3      4      2
      2      2      2      1      0
      1      1      2      1      5
      1      3      3      1      3

      1      0     -1      0      0
      0     -1     -1      1      0
      1      1      0      0      1
      1      0      0      0      0
      1      0      0      0      0

      1      2     -1     -1      1
      0      0      0      2      0
     -1      0     -1     -1      0
      0      0     -1      0      1
      0      0      0      0      1

      1      0     -2      0     -1
     -1      0      0      3      0
     -1     -1      0      0      0
      0      1      0      0      2
      0      0      0      0      3

      0      0     -2      0      0
      1     -2     -2      0      1
      0      0      2     -1      0
      0      0      0      0      1
      0      0      2      0      0

      2      0     -3     -1      6
      6     -1     -1      1      1
      2      1      1      0      0
     -4     -2      2      4      1
     -4      1      0      3      2

      0      2      0      0      0
      0      0      0      0      1
     -1      0      0      0      1
      0      0      0      1      4
      0      2      0     -3      1

      4      1     -3      0      0
      1      2      2      1      1
      0     -1      1      0      1
      0     -1     -3     -3      1
      0      0      1      0      0

      0      1      0      0      1
      0      2      2      1      2
      0      1      1     -1      0
      0      2     -1      1      0
      0      0      0      0      0

      5     -1     -1      0      0
      3      0      0      4      3
     -1      0      2      1      2
      1      0      0      0      1
      1      0      1      0      4

      2      0      0      3      2
      1      0      0      0      4
      0      0      0     -1      1
      0      0     -1      0      0
      0      4      2      3      3

      5      4      1      1      2
      4      2      2      1      0
      0      1      3      2      3
      1      2      1      3      4
      1      2      4      0      0

      4      4      1      2      4
      3      2      2      5      3
      4      1      3     -1      3
      3      2      2      1      5
      3      4      3      5      4

      4      3      0      1      0
      2      1      1      3      0
      1      2      2      2      2
      0      3      2      1      4
      0      0      2      4      1

      6      4      1      4      3
      4      4      4      6      4
      2      6      2      0      4
      2      3      1      2      4
      2      3      2      2      4

     10      5      6      8      6
      7      7      7      6      7
      5      3      6      5      6
      4      7      6      8      8
      4      6      5      5      7

      8      7      7      7      7
     10      7      7     10      7
      7      6      9      6      6
      8      8     10      9      8
      8      8     10      9      8

     12     10      8      9     11
     11     11     11     12      9
      9     12      9     10     10
      9     11      9     10     12
      9     10     10      9     11

     10     10      9     10     10
     11     10     10     11     13
     10     10     10     10     10
     12     11     11     11     12
     12     11     10     10     11

     10      7      8     10     12
     11     11     11     12     10
     11     10     13     11     10
     11      9     11     11     11
     11     11     14     12     12

      8      8      6     12     12
     13      8      8     11     13
     11     13     15     12     16
     10     11     10     12     16
     10     15     17     13     13

     13     10     11     12     11
     13     11     11     12     14
     10     10     11     12     10
     10     12     10     13     13
     10     13     12     11     12

     11     10      9     10     11
     13     10     10     10     10
     11     10      9     10     11
     10     12     11     12     13
     10     12     13     10     11

     11      7      6      9     11
      9     10     10     11      9
      8      8     11      7     10
      8      7     10     10     11
      8     10     10      9      9

      9      9      7     10     11
     11     10     10     11     10
      9     10      8      9     10
     10     11     10     12     11
     10     10     10      9      9

     10      9      8     12     10
      9      8      8     10     10
      9      8     11      9     10
     10     11      9      9     11
     10     10     11     11     11

     11     11      8      9      7
     10     10     10     13      9
      8     10      8      7      9
      9     11      9     11     12
      9      8      9     11      9

      9      7      7      9      9
     11      9      9      9      8
      9      7      8      6      7
      9      7      8     10     10
      9      7     11      9      8

     10      7      8     10     10
     11     10     10     10     10
     10     11     12     11     10
      9      9      7     10     10
      9      9     10      9     10

      9      9      6      8      8
      8      7      7      8      8
     11      8     10      8      8
      8     10      6     10      9
      8      9     10      8      9

      9      6      6      7      7
      9      9      9      9      9
      7      7      9      8     10
      9      9      8      8     10
      9     10     10      7      8

     10      7      7      8      9
      9      8      8     10      8
      7      8      8      8      8
      8      7      7      7     10
      8      9      7      8      8

     10      7      6      8      9
      6      7      7      8      8
      6      7      7      7      8
      6      9      6      9      9
      6      9      7      7      8

      8      7      8      8      9
      8      8      8      8      6
      8      6      7      7      8
      8      7      7      9      8
      8     10      6      7      8

      8      7      6      8      7
      7      8      8      7      8
      8      9      7      7      6
      8      8      6      8     10
      8      9      6      9      9

      6      7      5      7      9
      8      9      9      6      6
      6      8      8      6      6
      4      6      4      8      9
      4      9      6      6      7

      7      5      6      7      9
      7      5      5      8      8
      7      6      7      6      6
      7      4      6      7      8
      7      7      7      7      5

      7      7      6      9      6
      8      5      5      7      6
      6      6      7      5      6
      5      7      5      8      7
      5      5      7      6      6

      6      4      6      7      6
      7      6      6      7      7
      4      7      5      4      6
      6      5      4      5      8
      6      7      5      7      5

      6      4      4      5      6
      4      5      5      7      4
      5      4      4      4      5
      5      4      4      5      4
      5      8      6      5      6

      3      5      3      5      5
      5      6      6      3      4
      7      7      7      3      2
      3      6      5      4      5
      3      4      2      4      2

      5      3      3      2      4
      4      5      5      6      4
      4      3      5      4      4
      5      4      3      3      4
      5      7      5      5      5

      6      4      2      2      4
      3      5      5      5      5
      4      4      4      3      4
      4      4      3      7      4
      4      4      5      3      3

      4      4      1      3      2
      4      2      2      4      4
      4      3      5      1      3
      1      2      2      3      5
      1      3      5      4      4

      5      2      2      3      3
      2      2      2      5      3
      2      2      4      0      2
      1      1      1      4      5
      1      3      2      3      1

      2      0      1      1      1
      1      1      1      2      1
      3      3      1      0      0
      1      2      2      2      4
      1      2      1      0      1

      1      0      0      1      0
      3      0      0      0      0
      0      1      1      0      1
      0      0      0      0      0
      0      1      1      0      2

      0     -1     -2      0     -1
      0      1      1      0      0
      0      0     -1      0     -1
      0     -1     -2      0      1
      0      0      0     -2      0

      0      0      0      0      1
      0      1      1      0      0
      0     -1      0     -1     -1
      0      0      0      1      2
      0      0      0     -1      1

      1      0     -1      1      0
      0      0      0      0      0
      0      1      0     -2      0
      1      0     -2      2      2
      1      0      0      0      1

      0     -3     -2      0      0
      0      0      0      0     -1
      0     -1      0     -2     -1
      0     -1     -1      0      1
      0      1      0     -3      0

      0     -2     -1     -1      0
      1      1      1      0      0
      0      1      0     -1      0
      0      0      0     -1      2
      0      2      1      0      0

      0      0     -2      0     -1
      1      1      1     -1      0
      0      0      1      0      0
      0      0     -2      1      1
      0      0      0      1      0

      0      0      0      0      1
      0      0      0      2     -1
      0      0      2     -1     -2
      1      0     -3     -1      2
      1      1      2      0     -1

      1      1      0      1      0
      0      0      0      0      0
      0      0      0      0      0
      1     -1     -1      0      1
      1      1      2      0     -1

      0      0      0      3      1
      0      0      0     -2      1
      2      1     -1     -1      0
      0     -1      0      1      0
      0      0      2     -1     -1

      0      0      0      2      0
      0      0      0      1      0
      1      0      0     -1      0
      0     -1      0      0      0
      0     -2      2      0      1

     -1      1      0      2      0
      0     -1     -1      0      0
      1      0     -1      0      1
      0      0     -1     -2      0
      0     -1      1      0      0

      0      1      0      2      0
     -1     -1     -1      1      0
      0      0     -1     -2      1
      0     -2      0     -1      0
      0      0     -1      0     -1

      0      0      1      0      0
      0      0      0      1      0
      1     -2     -1     -1      0
      0      0      0     -1      0
      0      1      1      0      0

      0      0      0      0      0
      0     -1     -1     -1      0
     -1      0     -1      0      2
      0     -1      0      0      1
      0      0      0      0      0

      0      0      0      0      0
      0      1      1      0      0
     -1      0      0      0      1
     -1     -2      0      0      0
     -1     -1      0     -2      0

      2      0      0      0      0
      0      0      0     -1      0
      0      0      0      0      1
     -2      0     -1      0      0
     -2     -1      0      0      1

      0      0      1      2      0
      0      0      0     -1      0
      0      0      0      0      0
      0     -2      0     -2      1
      0      0      1      0      0

     -2      1      0      0      0
      0      0      0      0      0
      0     -1      0      0      1
      1      0      1      0      0
      1     -1      1      0     -1

      1      0      0      1      0
      1      0      0      0      0
      1      0      1      2      3
      1      0      1      0      2
      1      0      1      0      0

      2      1      3      4      3
      1      1      1      1      3
      2      2      2      3      3
      3      2      4      1      3
      3      1      2      0      3

      1      3      3      4      2
      1      2      2      1      3
      3      3      2      2      4
      2      3      3      3      4
      2      1      4      2      3

      1      0      1      2      1
      1      0      0      2      1
      2      1      1      1      2
      3      2      2      0      2
      3      1      3      0      0

      0      1      0      2      0
      0      0      0      0      0
      1      1      0      0      1
      0      1      2      0      1
      0      0      2     -1      0

      1      0      0      2      1
      0      0      0      2      0
      1      2      0      1      2
      1      0      1      0      1
      1      0      2     -1      1

      0      2      3      5      3
      2      2      2      2      1
      3      2      2      2      3
      2      2      3      3      3
      2      1      5      2      2

      2      3      3      5      4
      4      3      3      4      4
      4      3      5      4      5
      3      2      3      2      5
      3      4      4      3      4

      2      4      5      4      3
      3      1      1      4      3
      4      3      1      2      4
      3      4      3      2      3
      3      3      4      2      3

      1      2      3      2      2
      2      1      1      2      2
      2      1      2      2      3
      4      2      3      2      3
      4      1      4      0      2

      2      3      3      4      4
      2      2      2      1      3
      3      2      2      3      4
      2      1      3      3      3
      2      3      2      2      2

      2      3      3      3      4
      1      2      2      1      3
      4      3      2      3      4
      2      2      3      2      4
      2      3      4      3      2

      3      4      3      5      3
      3      3      3      2      3
      3      3      3      4      4
      2      2      3      4      3
      2      2      4      2      3

      3      3      5      6      4
      3      3      3      3      3
      4      2      3      2      4
      5      3      4      3      4
      5      2      3      2      5

      2      3      3      5      4
      4      2      2      3      2
      4      4      4      4      5
      4      2      4      3      5
      4      4      5      1      2

      2      3      3      5      3
      2      3      3      2      2
      4      4      2      3      6
      3      1      3      5      5
      3      3      5      1      3

      4      2      3      5      5
      3      2      2      2      3
      2      4      4      3      7
      3      4      3      2      5
      3      4      4      3      4

      3      3      4      4      3
      2      1      1      3      3
      5      3      3      2      3
      3      3      5      4      4
      3      2      5      3      3

      2      4      3      4      4
      2      2      2      2      3
      5      4      4      3      3
      3      3      3      1      3
      3      2      4      4      4

      4      4      3      5      3
      3      4      4      2      3
      4      3      3      3      3
      3      1      2      2      3
      3      1      7      2      4

      2      3      3      4      3
      2      4      4      4      4
      4      1      1      3      5
      2      2      2      2      4
      2      2      3      2      4

      1      2      3      4      4
      3      3      3      3      3
      3      2      2      3      4
      4      2      4      3      3
      4      2      3      3      3

      2      2      3      4      4
      1      2      2      2      2
      4      2      2      3      3
      2      3      3      2      4
      2      4      4      2      4

      0      1      3      3      2
      2      2      2      1      2
      3      2      4      3      3
      3      2      1      2      3
      3      2      4      2      3

      2      4      4      5      5
      4      4      4      3      3
      4      1      0      4      3
      3      2      2      1      5
      3      2      4      3      2

      3      2      3      3      2
      2      3      3      3      2
      2      2      2      3      4
      1      1      2      3      3
      1      2      5      2      3

      2      2      2      5      3
      2      3      3      2      2
      4      2      3      2      5
      4      3      4      2      4
      4      3      5      1      2

      2      4      2      3      3
      4      2      2      2      1
      2      2      3      3      2
      2      2      3      3      4
      2      2      3      2      3

      2      2      3      4      2
      0      1      1      3      1
      3      2      3      2      3
      3      3      1      2      5
      3      2      4      1      1

      3      2      3      4      3
      3      2      2      2      1
      2      2      1      3      4
      2      2      3      2      2
      2      2      3      3      2

      2      3      2      2      2
      1      1      1      3      1
      3      1      2      3      2
      3      3      3      4      4
      3      0      3      0      2

      0      2      0      4      4
      2      0      0      2      3
      2      0      2      2      4
      1      3      3      2      3
      1      2      3      0      3

      1      2      0      3      4
      1      0      0      1      0
      2      3      2      1      2
      2      1      3      1      3
      2      3      1      1      1

      1      2      1      3      2
      0      0      0      1      0
      3      2      1      3      3
      3      0      2      2      1
      3      2      3      1      2

      1      2      4      3      1
      1      1      1      1      1
      1      1      2     -1      4
      2      1      2      2      4
      2      1      3      1      5

      0      3      2      3      2
      0      0      0      1      2
      1      1      1      1      4
      3      3      1      1      2
      3      3      4      0      1

      2      4      0      2      2
      1      2      2      3      1
      3      3      1      0      2
      3      0      0      0      3
      3      1      3     -1      2

      2      0      3      2      0
      2      2      2      2      0
      1      2      1      1      3
      2      0      1      1      3
      2      2      4      2      2

     -2      0      0      1      3
      0      2      2      0     -1
      2      1      1     -1      1
      1      0      1      0      0
      1      2      5      1      1

      0      1      0      4      1
      3      1      1      0      0
      1      0      0      0      3
      2      0      0      0      0
      2      2      0      0      2

      0      0      2      2      2
      1      2      2     -1      1
      0      0      0      1      1
      0     -1      0      1      1
      0      1      2      0      4

      0      0      0      0      3
      3      1      1      1      0
      0      0     -1      1      3
      0      0      0      0      0
      0      0      1      2      2

      2      0      2      1      2
      0      1      1     -1      0
      0      0      0      0      2
     -2     -1      0     -1      0
     -2      0      0      0      0

      0      0      2      3      2
      0      1      1      0      0
      1      0      0      0      0
      0      1      2     -1     -1
      0      1      1      0      2

      0      2      0      0      0
      0     -1     -1      1      0
      2     -2      1      3      2
      0     -1     -1      0     -1
      0      0      3     -1      0

      0     -1      1      2      0
      0      0      0      0      1
      3      0     -1      0      2
      0      1      0      0      1
      0      0      2      2      2

      0      1     -1      1      1
     -1      0      0      0      1
      0      0      2      2      0
      2      0      3      2      0
      2      0      1      0      0

      0      0      0      2      1
     -2     -1     -1      0      0
      2     -2      0      0      4
      1     -1      0      1      2
      1      0      2     -1      2

      1      2      0      2      2
      1      0      0     -1      0
      0      0      0      1      0
      0      0      0      0      1
      0      0      2     -1      0

      0      1      0      2     -1
      1      1      1     -1      1
     -3      2      1     -1      2
     -2     -1      0     -1      0
     -2      0      1     -2      1

     -1      3     -2      0      1
      1      0      0     -1      1
     -1      0     -2      2      2
      2      2      0      0      2
      2      0      0     -2      0

      1     -2     -1      2      0
     -1      1      1     -3      1
      1      0      0      0      0
      1     -1     -1      0      2
      1     -3      1      0      1

      0      0      3      1     -2
      2      1      1      1     -1
      0     -1      0      0      0
      0      0      0      0      3
      0      0     -1     -2      2

     -2     -1     -2      1     -3
      0      1      1     -2     -1
      0      3     -1      0      0
      0     -3      0     -2      1
      0      0     -1     -4      0

