;
; ENVI ASCII Output of file: E:\Imaging\ROI_AVIRIS\5_1_7.img [Fri Nov 17 11:56:41 2017]
; File Dimensions: 5 samples x 5 lines x 224 bands
; Line Format    : (5i7)
;
    503    487    498    523    498
    497    500    498    523    488
    515    485    502    506    498
    524    485    496    496    482
    494    503    496    510    507

    598    583    603    583    586
    602    608    603    583    562
    622    594    604    611    597
    614    594    608    579    601
    592    614    602    591    587

    652    639    664    654    652
    652    638    664    654    647
    663    644    644    659    647
    649    644    661    656    650
    649    648    644    668    640

    849    838    847    827    827
    832    842    847    827    831
    855    837    846    855    840
    844    837    845    837    846
    821    844    834    829    828

   1246   1238   1232   1240   1219
   1243   1236   1232   1240   1240
   1246   1242   1246   1249   1249
   1238   1242   1245   1240   1244
   1213   1238   1230   1240   1227

   1317   1300   1309   1299   1300
   1300   1306   1309   1299   1318
   1313   1300   1305   1324   1320
   1296   1300   1319   1318   1315
   1287   1296   1289   1303   1301

   1236   1229   1227   1217   1225
   1231   1226   1227   1217   1232
   1230   1231   1236   1252   1243
   1219   1231   1252   1251   1242
   1206   1236   1221   1222   1220

   1142   1141   1132   1129   1117
   1145   1131   1132   1129   1139
   1142   1140   1146   1157   1141
   1129   1140   1138   1151   1132
   1130   1134   1125   1131   1119

   1233   1224   1222   1220   1204
   1227   1227   1222   1220   1230
   1234   1228   1238   1247   1237
   1216   1228   1244   1246   1231
   1206   1225   1210   1221   1210

   1246   1232   1245   1232   1229
   1241   1246   1245   1232   1254
   1243   1251   1241   1278   1259
   1227   1251   1257   1266   1256
   1218   1232   1236   1243   1232

   1208   1208   1206   1198   1192
   1202   1212   1206   1198   1215
   1197   1203   1213   1231   1222
   1189   1203   1225   1227   1216
   1182   1198   1188   1195   1190

   1133   1127   1133   1113   1117
   1127   1139   1133   1113   1140
   1126   1125   1143   1155   1153
   1111   1125   1144   1148   1136
   1105   1118   1124   1124   1124

   1074   1069   1055   1058   1040
   1061   1058   1055   1058   1066
   1053   1057   1064   1092   1079
   1042   1057   1069   1079   1070
   1044   1058   1055   1061   1053

    964    956    952    949    941
    953    955    952    949    961
    946    959    965    981    971
    939    959    968    976    961
    935    952    943    953    939

    875    858    871    858    849
    858    872    871    858    864
    862    863    862    898    879
    847    863    874    885    869
    843    865    858    864    855

    771    757    765    756    748
    761    759    765    756    768
    758    764    770    787    772
    751    764    776    776    758
    752    765    757    770    750

    676    671    670    664    651
    671    673    670    664    675
    669    673    674    692    680
    662    673    681    683    676
    657    666    665    668    662

    641    633    636    628    617
    636    638    636    628    641
    634    635    641    657    646
    627    635    643    648    641
    623    636    629    636    625

    606    594    601    591    582
    599    602    601    591    605
    597    596    607    622    611
    591    596    604    611    605
    588    606    592    602    586

    564    553    553    547    543
    557    554    553    547    555
    561    551    562    575    561
    551    551    568    566    558
    546    554    549    556    551

    512    508    506    502    495
    509    506    506    502    508
    509    507    511    526    517
    500    507    517    520    511
    498    506    502    508    501

    466    463    465    457    453
    463    467    465    457    466
    464    466    467    480    470
    462    466    475    472    467
    459    466    460    462    458

    431    432    428    425    416
    426    432    428    425    429
    431    432    432    441    433
    420    432    430    433    429
    425    431    423    426    424

    383    383    378    373    367
    381    381    378    373    380
    382    380    382    393    386
    380    380    390    385    380
    376    388    377    376    375

    355    350    351    348    337
    352    355    351    348    353
    354    360    359    362    356
    353    360    357    361    351
    348    353    347    349    347

    341    338    339    336    323
    339    336    339    336    335
    339    344    342    352    346
    333    344    344    344    339
    335    341    337    336    333

    321    310    315    309    300
    311    314    315    309    310
    312    315    317    324    319
    310    315    321    324    312
    310    315    309    311    305

    293    287    286    284    280
    289    292    286    284    291
    293    296    291    297    291
    286    296    292    294    285
    286    291    286    286    286

    280    276    274    272    267
    273    276    274    272    275
    278    280    280    281    276
    273    280    282    281    271
    275    275    277    275    271

    255    250    252    249    244
    256    257    252    249    251
    258    259    256    261    252
    251    259    260    253    251
    249    255    252    250    248

    245    239    235    235    231
    244    242    235    235    239
    239    244    244    249    244
    245    244    244    249    240
    237    242    240    238    236

    239    231    232    228    225
    234    237    232    228    231
    236    235    238    241    237
    236    235    238    238    235
    230    235    235    231    232

    241    229    226    227    221
    228    238    226    227    233
    236    235    233    245    240
    232    235    239    237    233
    226    230    237    230    233

    239    231    233    229    226
    235    236    233    229    232
    235    235    237    242    237
    234    235    236    236    234
    229    236    234    230    232

    220    214    215    211    212
    217    219    215    211    216
    214    221    216    227    222
    217    221    221    220    218
    209    220    218    216    216

    192    189    190    192    186
    193    192    190    192    195
    195    190    193    201    197
    190    190    191    188    191
    183    192    192    190    194

    170    165    167    165    164
    169    169    167    165    172
    166    166    168    173    174
    167    166    166    167    167
    159    172    169    165    168

    164    162    160    158    158
    162    159    160    158    162
    158    159    162    168    164
    157    159    158    157    161
    155    167    158    155    161

    149    146    148    146    145
    149    146    148    146    150
    147    146    146    157    151
    145    146    146    142    146
    140    153    145    143    147

    117    113    117    112    113
    116    113    117    112    117
    113    112    116    119    118
    108    112    113    107    114
    110    121    112    111    112

    122    120    125    119    121
    121    117    125    119    123
    121    121    118    126    123
    115    121    117    114    119
    116    127    117    119    122

    134    130    131    129    132
    133    130    131    129    136
    129    129    131    138    134
    123    129    127    125    131
    124    139    128    127    130

    133    133    134    129    132
    135    129    134    129    137
    131    134    131    140    136
    124    134    126    121    129
    129    141    128    128    132

     79     78     79     79     81
     79     77     79     79     82
     77     79     78     84     80
     73     79     76     76     80
     77     84     76     75     77

    104    104    105    102    106
    104    100    105    102    106
    100    100     99    107    104
     95    100     97     96    102
     98    112    100     96    102

    107    109    111    108    113
    111    103    111    108    110
    107    106    104    112    113
     98    106    101     98    104
    101    116    101    102    104

     98     97    102     99    103
     99     94    102     99    103
     97     95     95    104    100
     90     95     92     89     95
     94    108     94     93     97

     92     92     93     92     94
     91     87     93     92     95
     89     89     89     96     95
     81     89     83     81     89
     87     99     86     85     90

     81     83     88     82     89
     85     79     88     82     87
     82     82     81     87     87
     74     82     77     73     80
     80     94     77     78     84

     68     68     70     68     71
     70     63     70     68     69
     66     66     64     69     69
     61     66     62     59     66
     62     75     62     63     66

     66     68     71     69     72
     68     63     71     69     72
     66     65     65     72     70
     60     65     60     58     65
     63     76     63     62     68

     71     70     73     70     75
     73     67     73     70     73
     68     67     68     74     73
     60     67     62     60     68
     66     79     64     64     70

     76     75     79     76     80
     77     72     79     76     80
     73     71     71     79     79
     64     71     68     64     71
     71     82     68     69     73

     70     71     75     71     75
     71     66     75     71     76
     69     66     65     75     74
     62     66     61     59     67
     68     80     63     65     70

     69     69     75     70     75
     70     65     75     70     74
     66     69     64     72     71
     59     69     58     56     65
     65     79     63     61     67

     63     64     71     65     70
     68     60     71     65     68
     62     62     60     69     67
     53     62     55     53     61
     60     74     57     58     62

     61     61     64     62     69
     63     56     64     62     65
     60     58     57     64     64
     51     58     53     50     60
     58     70     55     57     59

     48     48     53     48     54
     50     43     53     48     52
     47     47     43     49     51
     40     47     40     37     45
     45     56     43     43     47

     39     43     46     42     45
     42     37     46     42     46
     39     39     39     45     41
     34     39     36     32     38
     40     48     36     35     40

     38     37     42     38     43
     40     34     42     38     40
     35     36     35     41     38
     30     36     32     30     36
     34     46     33     34     34

     32     34     38     33     39
     32     31     38     33     36
     32     31     30     35     37
     26     31     28     27     32
     33     40     30     28     31

     21     22     25     23     24
     25     19     25     23     24
     19     22     19     25     23
     16     22     19     17     20
     22     29     20     19     21

     15     17     18     15     19
     17     15     18     15     16
     15     15     14     18     16
     12     15     12     12     15
     15     18     13     13     15

     15     17     18     17     18
     18     15     18     17     17
     17     14     16     18     18
     14     14     13     12     16
     15     22     15     14     17

     26     29     30     29     33
     31     25     30     29     31
     26     27     26     30     29
     21     27     22     21     25
     27     33     23     22     26

     29     32     34     33     34
     31     29     34     33     34
     29     30     28     34     31
     25     30     26     23     30
     31     39     28     26     29

     35     37     41     38     41
     37     32     41     38     40
     34     34     31     38     37
     28     34     30     27     35
     35     45     30     30     33

     38     38     42     39     46
     40     33     42     39     42
     37     36     35     41     39
     30     36     30     27     35
     36     48     31     32     36

     37     39     41     38     44
     39     33     41     38     40
     35     34     32     38     39
     28     34     29     25     35
     35     47     30     30     33

     35     36     40     38     42
     40     32     40     38     42
     35     34     32     40     38
     28     34     28     26     36
     33     45     30     31     35

     34     36     41     35     44
     39     31     41     35     40
     33     33     30     38     36
     27     33     27     24     33
     33     46     29     30     33

     31     34     36     34     37
     35     28     36     34     37
     31     29     29     34     34
     25     29     25     23     31
     31     41     26     26     31

     31     33     37     33     38
     35     27     37     33     37
     30     29     29     34     32
     24     29     24     21     30
     30     41     26     26     30

     29     31     33     32     36
     32     25     33     32     34
     28     27     27     31     31
     22     27     23     20     29
     28     39     24     24     28

     28     29     34     32     36
     33     25     34     32     35
     28     28     24     31     31
     21     28     22     20     28
     26     38     23     25     28

     25     27     30     29     32
     29     22     30     29     30
     25     24     22     29     28
     19     24     20     17     24
     24     35     21     21     24

     23     25     28     27     30
     26     20     28     27     28
     23     22     21     27     26
     17     22     19     16     22
     22     32     19     19     22

     21     23     26     25     28
     24     19     26     25     26
     22     20     19     24     24
     15     20     17     14     20
     20     30     16     18     20

     16     18     20     19     21
     18     15     20     19     20
     15     15     14     18     18
     12     15     13     11     17
     16     21     14     14     16

     10     12     13     12     13
     11      9     13     12     13
     10     10     10     12     12
      7     10      8      6     10
     10     15      7      9     10

      4      4      5      5      6
      6      3      5      5      6
      3      4      4      5      4
      3      4      3      2      5
      4      7      4      3      4

      3      4      5      4      5
      5      4      5      4      5
      4      4      2      4      4
      1      4      2      2      5
      2      5      3      2      3

      4      5      6      4      7
      5      3      6      4      7
      4      6      4      5      5
      3      6      3      3      4
      4      8      5      3      3

      5      5      7      6      7
      5      4      7      6      6
      4      4      4      4      5
      2      4      3      3      4
      4      6      3      2      3

      5      7      8      7      9
      8      5      8      7      8
      5      6      5      8      8
      4      6      4      4      7
      6     10      5      5      5

     11     12     12     12     15
     13      9     12     12     14
     11     10      9     12     12
      7     10      8      6     10
     11     15      8      8     10

     12     14     15     15     16
     16     10     15     15     16
     13     12     10     14     13
      8     12      8      7     14
     11     18     10     10     12

     12     13     14     14     15
     14      9     14     14     14
     11     10      9     14     12
      7     10      8      6     11
     11     16      9      9     10

     11     14     15     14     16
     14     10     15     14     15
     12     12     11     14     14
      7     12      8      7     11
     12     16      9     10     11

     11     12     13     11     13
     13      8     13     11     13
     10     10      9     13     12
      7     10      6      6     10
     11     14      7      8     10

     12     13     15     15     19
     13     10     15     15     15
     12     10     10     13     13
      7     10      8      7     12
     12     17      8     10     11

     11     13     16     13     17
     16     10     16     13     15
     11     11     10     14     14
      8     11      8      6     11
     11     19      8      9     13

     12     15     16     16     19
     14     11     16     16     17
     12     11     11     15     14
      8     11      8      6     13
     11     19      9     10     11

     13     15     17     16     19
     15     11     17     16     17
     13     12     11     15     15
      8     12      8      6     12
     12     22      9      9     13

     12     13     17     13     15
     14     10     17     13     15
     12     11     10     15     14
      7     11      8      6     11
     10     17      9      9     12

     11     13     14     12     16
     13      9     14     12     15
     10      9      9     13     12
      6      9      7      5     11
     10     15      7      8     10

     12     13     17     14     15
     14     10     17     14     15
     12     11     10     15     14
      7     11      8      6     11
     10     17      9      9     12

     11     12     15     13     12
     14     11     15     13      8
     10     13      8     11     13
     12     13     15     12     10
     12      9     12     13     12

     12     12     12     11     11
     15     11     12     11     11
     11     13     12     15     14
      8     13     11     11      8
     12      9     11     13     13

     14      6     13     13     11
     10      9     13     13     14
     12     11      8     12     10
      9     11     11     11      8
     12      8     12     13     11

     14     13     11     10     12
     14     11     11     10     15
     10     12     10     13     13
     12     12     11     13     12
     11      9     10     10     13

     11     10     10      7     11
     10      9     10      7      9
      7      9      7      7     12
     11      9     11      8      9
     13      8     10      9      7

      9      7     10      6      9
      9      8     10      6      7
      3      6      6      7      7
      8      6     11      6      6
     11      4      6      9      6

      3      0     -2      9      8
      6     11     -2      9     -4
      6      4      0     13     15
     11      4      7     12      6
      0     -1    -10     -4      0

      4      3      3      2      5
      6      3      3      2      4
      3      4      4      4      5
      2      4      4      3      4
      5      3      4      3      5

      4      3      4      3      2
      3      3      4      3      1
      1      3      3      3      5
      2      3      3      1      1
      4      3      1      1      3

      0      0      0      0      2
      5      0      0      0      0
      0      0     -1      1      1
      0      0     -2     -2      1
      0      0      0      0      1

      2      0      1      0      0
      1      0      1      0      0
      0     -1     -1      0      1
      0     -1      0     -1      0
      0     -1      0      0      0

     -1      0      1     -1     -1
      0      0      1     -1      0
     -1      0      0     -1      0
     -2      0     -1     -1     -1
      0      1     -1     -1      0

      0     -1      2     -2      0
      0      0      2     -2     -1
      0      0     -1      0      1
      0      0      0      0      0
      1      1      0     -1      0

     -1     -3      0      3     -1
      6     -2      0      3      4
      4     -2      6     -6     -3
     -8     -2      0     -2     -1
     -1     -1     -3      3      0

      6     -1      1     -2      0
      0      0      1     -2     -2
     -2      1     -1      0     -2
      1      1      1     -1     -1
      0      3      0      2      0

      1     -1     -1      0      0
      2      0     -1      0     -2
      0      1      0      2      1
     -1      1     -1      1      1
      1     -1      1      0     -2

      2      1      2      0      1
      2      0      2      0     -1
      0      3      0      1      2
      0      3      2      0      0
      2      0      0      2      2

      1      0      3      1      1
      4      0      3      1      0
      0      2      0      2      2
      0      2      0      1     -1
      0      1      0      0      1

      2      0      2      0      2
      1      3      2      0     -1
      0      3      2      1      1
      2      3      0      0      2
      0      0      0      1      2

      4      1      2      1      5
      5      1      2      1      0
      3      0      0      3      2
      0      0      2      2      0
      3      1      4      1      3

      5      3      4      3      2
      5      3      4      3      4
      1      1      2      4      6
      0      1      1      0      1
      6      4      2      4      1

      4      2      2      2      4
      4      3      2      2      2
      3      2      1      3      4
      3      2      1      1      1
      4      3      2      2      1

      4      2      6      3      4
      5      3      6      3      1
      2      2      3      2      3
      3      2      3      3      2
      3      2      2      2      1

      8      5      8      6      7
      8      7      8      6      5
      6      4      6      6      5
      5      4      6      6      5
      5      3      6      4      6

     10      8     10      7      8
      8      6     10      7      7
      8      6      6      5      8
      7      6     10      6      6
     10      8      7      9      8

     10     13      9     10     10
     10     10      9     10      9
      9     11      9      8      9
      9     11      8     10      7
     10      8     10     10     10

     11      9     10      9     11
     11     11     10      9      9
     11     10     11     10     12
      9     10     12     11      9
     10      8     11     12      9

     12     11     10      9     12
     10     10     10      9      9
     10      9     11     10     10
      9      9     11      8     10
      9      9     11     11     11

     11     11     11     10     12
     11     11     11     10     13
     12      7     11     11     10
      9      7     11     10     11
     14     11     14     12     12

     11     10     12      9     12
     10     10     12      9     12
     11     11     12     12     11
     11     11     12     10     11
     10     10     11     12     11

     11     11     11      9     11
     11     10     11      9      9
     10     12     10      9      9
     10     12     12      9      9
     11      9     10     13     11

     11      9      9     10      8
      9     10      9     10      9
      8      9      7      9     10
      8      9      9      7     10
      7      8      8     10     10

     10      6      9      8     10
     10      7      9      8      8
      9      8      8     11     11
     11      8      9      7      9
      9      9     10      9      9

     11      9     10     11     10
     10      9     10     11      9
      8      8      7      9     10
      9      8     10      8      9
      9     10     10     10     11

      9      8      9      7      8
     10      8      9      7      9
      8      7      8      9     10
      6      7     10      7      8
      8      8      8     10     10

      7      8      8      8      6
     11      9      8      8      6
      8      8      8      8      8
      8      8      7      7      9
      9      7      7      9      9

      9      7      9      9     10
      9      9      9      9     10
      8      9      7     11     10
      8      9      8      8     11
     10      8      9      9     10

      9      8      8      7      8
      8      6      8      7      8
      8      7      9      8      8
      7      7      8      9      8
      9      9      7      8      7

      8      6      8      6      9
      8      9      8      6      8
      7      7      8      8      7
      9      7      6      7      7
      7      5      6      8      8

      9      9      8      8      9
      8      7      8      8      8
      6      8      8      7      8
      6      8      7      8      7
      6      7      5      6      8

      8      6      8      8      7
     10      8      8      8      7
      7      7      6     10      7
      7      7      8      5      7
      8      6      8      7      7

      8      7      7      6      8
      9      6      7      6      8
      6      6      8      7      9
      6      6      8      6      7
      6      6      6      7      8

      7      5      9      6      6
      9      6      9      6      6
      7      7      7      7      9
      5      7      7      7      5
      8      7      7      8      8

      6      7      7      6      7
      8      5      7      6      5
      7      7      6      6      5
      7      7      7      6      6
      6      6      6      9      7

      7      7      8      6      6
      7      5      8      6      6
      6      7      5      5      7
      6      7      6      7      5
      7      7      4      6      7

      6      6      8      3      5
      6      3      8      3      6
      6      5      4      7      7
      7      5      7      5      4
      6      5      7      8      6

      6      5      6      3      7
      5      6      6      3      6
      6      5      5      6      6
      6      5      4      5      3
      8      5      5      5      6

      6      3      7      3      4
      6      6      7      3      6
      6      5      4      4      5
      6      5      5      5      4
      6      4      8      5      5

      9      4      5      4      4
      5      0      5      4      2
      5      4      1      6      6
      3      4      4      5      4
      5      2      4      5      2

      5      5      5      5      4
      4      4      5      5      4
      5      4      2      3      4
      5      4      3      3      5
      5      3      4      3      4

      6      4      3      1      3
      5      4      3      1      3
      4      4      5      5      4
      4      4      5      4      2
      4      4      4      4      3

      3      2      4      1      3
      4      4      4      1      3
      5      3      2      5      3
      3      3      3      2      2
      4      2      3      3      3

      4      3      2      2      3
      2      4      2      2      0
      1      1      1      2      2
      2      1      3      1      2
      1      1      0      0      4

      2      0      2      1      1
      3      0      2      1      1
      1      0      1      1      3
      2      0      0      0      1
      3      0      1      2      2

      2      0      1      0      3
      1      0      1      0      1
     -1      3      0      1      0
     -1      3      0     -1     -1
      0      0      0      0      1

      1      0      0      0      0
      1     -1      0      0      0
      0      0      0     -1      0
      0      0      0      0     -1
      0      0      0      0      0

      0      0      1      0      0
      0      0      1      0      0
     -2      0      0      1      0
      0      0      0     -1      0
      0      0      0      1      1

      0      0      0      1      1
      0      0      0      1     -2
     -1      0      0      0      1
      0      0      0     -2      0
     -1     -1     -1      1      1

     -1     -1      0     -1      0
      0      0      0     -1     -1
      1      0     -2      0     -1
      0      0      0     -1     -2
      0     -1     -3      0     -1

      0      0      0     -2      0
      1      1      0     -2     -1
     -1      0      2      0      1
      0      0     -2     -2      0
      0      0      0      0      1

      1      1      2      0      0
     -1      0      2      0      1
      1      0      0      0      0
     -2      0      2      0     -1
      0      0      0      0      0

     -1     -3      0      0      2
      1     -1      0      0     -2
     -1      0      0      1      1
      0      0      0      0     -1
      0     -2     -1      1      0

      1     -1      0      0      1
      0      0      0      0     -2
     -2      1      0     -1      2
      1      1      0      0      0
      1      0     -1      1      0

      0      0      0      0      0
      0      0      0      0      0
      0      1      0      2      0
      0      1      0      0      1
      2      0      0      0      0

      0      0      0     -1      0
      0      1      0     -1     -1
     -2      0      0      0      0
     -1      0      0     -1      0
      0      0      1      2      0

      0      0      0      0     -1
      0      0      0      0      0
      0     -1     -1      0      0
     -1     -1      0     -1      0
      0      0      1      0      0

     -1      0      0      0      0
      0      0      0      0      0
      0      0     -2      0      0
      0      0      0      0      1
      0      0      0      0      0

      2      0     -1     -2      0
      0      1     -1     -2      0
      1     -1      0     -1      0
     -1     -1     -1     -1      0
      0      0      1      0     -1

      0      0      0     -1      0
      0      0      0     -1      0
      1      0     -2      0      1
      0      0      0     -1      2
      1      0      0      0     -1

      1      1      0      0      0
      0      0      0      0      0
      1      1      1      1      0
      0      1     -1     -1      0
      1     -1      0      0     -2

      0     -1      0      1      0
      0      0      0      1      0
      0      0      0      0      0
      0      0      0      1      0
      0      0      1      1     -1

      0      0     -1      1      0
      0      0     -1      1     -1
      0      0      0      0     -1
      0      0      0      1      1
      2      0      0      1      0

      1      0      0      1      0
      0      0      0      1      0
      0      1      0      0      0
      1      1      1      1      1
      1      0      2      0      0

      2      0      1      1      3
      1      0      1      1      0
      1      1      0      0      2
      0      1      0      0      1
      2      1      0      2      0

      2      1      0      2      3
      1      1      0      2      0
      1      2      1      2      3
      2      2      2      1      3
      2      2      2      1      1

      3      1      2      4      1
      2      2      2      4      4
      3      3      1      3      3
      2      3      1      2      3
      4      3      5      4      3

      2      0      2      1      1
      2      1      2      1      1
      1      1      2      1      3
      3      1      2      1      2
      0      2      3      1      1

      0      1      0      1      0
      0      0      0      1      0
      1      1      0      0      2
      1      1      0      0      0
      1      1      2      0     -1

      1      0      1      1      1
      0      0      1      1      0
      1      2      0      0      2
      1      2      0      0      2
      1      0      3      2      0

      3      3      2      2      3
      3      3      2      2      2
      2      1      1      1      3
      3      1      1      1      2
      3      2      4      4      0

      4      3      3      4      3
      3      3      3      4      3
      4      3      2      4      3
      3      3      3      4      3
      3      3      2      3      2

      3      3      3      2      3
      1      2      3      2      4
      4      4      3      2      5
      3      4      2      2      3
      4      3      5      4      4

      2      2      0      1      1
      1      2      0      1      2
      3      3      3      1      2
      2      3      2      0      2
      3      1      4      2      1

      2      2      2      2      2
      3      2      2      2      2
      3      2      2      2      3
      1      2      2      2      3
      2      1      3      3      0

      3      2      2      3      5
      4      2      2      3      2
      3      3      3      3      4
      2      3      2      3      3
      4      4      5      3      2

      4      3      4      3      2
      2      2      4      3      3
      3      5      4      2      3
      3      5      5      3      4
      3      2      3      5      3

      3      2      4      4      3
      3      3      4      4      4
      3      3      2      3      3
      2      3      3      2      3
      4      5      4      3      2

      2      2      3      3      3
      4      1      3      3      2
      4      3      2      3      4
      4      3      2      3      5
      5      1      3      3      2

      3      3      4      3      4
      3      2      4      3      4
      4      4      3      3      4
      2      4      3      4      4
      3      3      4      3      3

      3      3      2      4      2
      4      3      2      4      2
      3      3      3      4      4
      3      3      3      3      3
      4      3      3      4      3

      3      4      3      4      3
      3      2      3      4      4
      4      3      3      3      3
      3      3      3      2      4
      4      3      4      3      3

      3      3      3      3      3
      3      2      3      3      3
      3      4      3      3      2
      3      4      2      3      3
      4      2      5      4      1

      4      3      1      3      3
      2      2      1      3      3
      5      2      3      3      3
      3      2      2      3      3
      4      3      6      3      2

      2      2      2      3      4
      3      3      2      3      2
      3      2      2      1      4
      4      2      3      2      3
      2      3      6      3      2

      2      2      2      2      2
      3      4      2      2      2
      3      2      4      4      0
      3      2      2      3      3
      4      3      3      3      3

      4      3      3      3      3
      4      4      3      3      2
      2      2      2      3      2
      1      2      2      2      3
      3      2      3      3      2

      1      1      1      1      2
      2      2      1      1      3
      3      2      3      1      2
      3      2      2      1      2
      3      2      3      1      0

      3      1      2      2      2
      2      2      2      2      3
      3      4      3      4      2
      3      4      1      2      4
      4      2      4      2      0

      4      3      4      2      4
      3      2      4      2      2
      2      3      4      2      4
      4      3      2      2      4
      3      2      4      3      3

      3      2      2      2      2
      2      3      2      2      1
      2      2      4      3      2
      1      2      3      2      3
      4      3      2      2      1

      1      2      2      1      3
      3      1      2      1      3
      2      4      2      3      2
      4      4      4      3      3
      3      1      3      3      2

      2      1      0      1      2
      3      2      0      1      0
      3      2      3      2      2
      3      2      1      1      2
      2      2      4      3      3

      3      2      1      1      2
      1      2      1      1      1
      2      2      2      2      4
      1      2      2      3      1
      3      2      6      3      2

      2      2      2      2      1
      1      2      2      2      2
      1      3      1      3      3
      3      3      0      1      4
      3      2      3      2      1

      2      2      0      1      1
      1      1      0      1      1
      1      2      3      4      3
      2      2      3      2      1
      2      2      5      2      1

      1      3      1      1      2
      3      2      1      1      2
      2      0      0      1      1
      2      0      1      1      3
      3      2      2      3      1

      2      1      2      0      0
      2      2      2      0      3
      3      2      0      2      2
      3      2      2      1      1
      2      0      3      2      0

      2      1      0      3      2
      2      0      0      3      1
      2      2      2      1      0
      3      2      0      2      3
      1      2      2      1      0

      2      1      2      0      1
      0      1      2      0      2
      2      0      2      1      2
      2      0      2      2      1
      2      2      2      1      3

      1      0      1      2      1
      3     -1      1      2      1
      0      2      0      1      3
      2      2      2      1      3
      4      0      2      2      1

      3      1      0      2      0
      0      0      0      2      2
      2      0      0      2      1
      3      0      2      0      3
      3      1      1      0      0

      2      0      0      0      0
      1      2      0      0      0
      0      1      1      1      1
      2      1      0      2      1
      1      2      1      1      0

      1      1      0      1      0
      1      2      0      1      0
      0      2      2      2      0
      1      2      1      1      3
      1      0      2      1      0

      2      0      0      0      1
     -1      0      0      0      0
      0      1      1      2      1
      2      1      1      1      2
      0      0      0      2      0

      0      0      0      0      1
      0     -2      0      0      0
      0      2      0      0      0
      1      2      1      3      2
      2      0      1      3      0

      2      1      0      0      1
      0      0      0      0      0
      1      0      1      2      1
      1      0      0      0      1
      2      3      1      0      1

      1      0      2      0      1
      2      2      2      0      1
      1      0      1      2      0
      0      0      0      0      0
      2      0      1      0      0

      0      0      0      0      0
      0      2      0      0     -1
      3      2      1      0      3
      1      2      1      0      3
      1      1      2      2     -1

      0      0      2      0      1
      1     -1      2      0      0
      0     -1      0      2      0
      0     -1      1      0      1
      3      0      1      0      0

      0     -1      2      0      0
      0      0      2      0      3
      2      1     -2      1     -2
      0      1     -1      3      3
      2      2      2      4      1

     -1      0     -1      0      1
      0      0     -1      0      4
      3      4     -3     -2      1
      3      4     -1     -3      0
      1      3     -1      4      3

      0     -1      0     -1      1
      1      2      0     -1      1
      0      2      0      0      0
      0      2      0      0      0
      1      0     -1      1      0

      0      0      0      0      0
     -1      3      0      0      0
      0      0      1      1      1
      0      0      0      1      2
      3      0      0      1      0

      0      2      0     -1      0
      0      0      0     -1      1
      1      0     -1      0      1
      1      0      1      0      0
      2      0      1      1     -1

      0      0      1     -1     -1
     -2     -2      1     -1      0
     -1      0      0     -1     -1
      2      0      0     -1      1
      1      1      0      0      0

     -1     -2      0      0      2
     -1     -1      0      0      1
      0      2     -2      2     -3
      0      2     -2     -1     -1
      2      2      2     -1     -1

      0     -2      0     -2      0
     -2     -2      0     -2      1
      2      0      0      2     -4
      0      0     -1     -1     -1
      0      0      0     -1     -1

