;
; ENVI ASCII Output of file: E:\Imaging\ROI_AVIRIS\5_1_5.img [Fri Nov 17 11:56:24 2017]
; File Dimensions: 5 samples x 5 lines x 224 bands
; Line Format    : (5i7)
;
    544    532    544    551    529
    514    544    527    542    547
    532    518    518    530    536
    541    528    529    541    546
    525    531    516    534    528

    655    630    630    637    640
    622    642    627    641    639
    671    636    636    622    636
    664    650    632    627    642
    618    633    625    616    616

    715    696    673    690    689
    689    684    687    682    685
    700    673    673    697    674
    700    681    698    705    677
    701    682    674    669    660

    880    858    872    876    869
    878    874    862    878    858
    868    880    880    878    868
    870    865    864    872    865
    862    889    866    856    856

   1273   1277   1282   1276   1276
   1272   1275   1261   1276   1259
   1274   1266   1266   1280   1266
   1278   1272   1281   1272   1271
   1264   1277   1271   1253   1242

   1324   1315   1325   1328   1326
   1326   1341   1331   1321   1313
   1334   1326   1326   1342   1321
   1326   1333   1321   1334   1307
   1323   1326   1329   1317   1294

   1247   1241   1240   1256   1245
   1237   1247   1247   1239   1223
   1255   1249   1249   1252   1230
   1251   1252   1239   1247   1234
   1240   1263   1246   1237   1222

   1148   1150   1151   1150   1146
   1148   1156   1157   1134   1128
   1142   1147   1147   1147   1136
   1144   1148   1150   1144   1131
   1136   1161   1147   1125   1117

   1250   1224   1236   1247   1247
   1236   1243   1247   1228   1224
   1234   1244   1244   1240   1237
   1235   1226   1242   1233   1212
   1230   1254   1246   1224   1204

   1261   1250   1251   1257   1253
   1237   1260   1259   1255   1238
   1256   1257   1257   1257   1245
   1252   1254   1254   1251   1245
   1255   1262   1263   1242   1219

   1215   1207   1205   1211   1218
   1202   1214   1212   1213   1193
   1207   1213   1213   1220   1208
   1208   1205   1214   1209   1191
   1210   1223   1223   1205   1175

   1132   1130   1124   1131   1137
   1125   1142   1141   1130   1116
   1127   1139   1139   1146   1125
   1130   1136   1141   1130   1120
   1134   1138   1142   1125   1103

   1064   1064   1058   1067   1067
   1064   1077   1066   1064   1045
   1046   1062   1062   1071   1052
   1051   1063   1064   1055   1050
   1059   1071   1082   1054   1028

    950    953    952    960    955
    949    965    958    948    937
    949    958    958    968    946
    953    952    957    951    940
    958    968    962    943    924

    863    864    862    857    864
    856    864    861    853    840
    857    873    873    866    850
    857    856    856    862    840
    863    868    865    846    824

    755    759    746    755    756
    747    757    761    755    736
    748    755    755    762    743
    748    751    755    749    737
    755    763    755    741    721

    660    661    650    660    665
    654    663    654    653    644
    657    662    662    666    647
    657    653    660    650    644
    664    663    660    649    631

    627    622    618    627    629
    620    626    622    617    609
    621    628    628    629    610
    624    618    623    617    608
    631    629    625    612    598

    593    582    584    593    591
    586    588    589    579    574
    584    593    593    590    572
    591    581    585    583    571
    596    594    589    574    564

    551    546    543    549    548
    538    546    549    535    533
    542    546    546    547    535
    545    545    544    542    527
    547    554    547    532    519

    497    505    500    501    506
    496    499    499    492    484
    497    503    503    502    486
    495    497    499    492    481
    501    509    497    485    472

    459    461    457    464    460
    454    462    454    445    443
    450    461    461    456    449
    457    454    449    448    436
    459    457    457    445    429

    424    420    419    422    424
    420    429    420    411    407
    420    425    425    425    410
    419    416    420    417    408
    421    425    420    410    397

    373    375    372    373    375
    370    378    371    364    361
    372    374    374    375    360
    377    367    373    365    359
    371    380    371    356    351

    344    351    348    347    343
    344    345    343    344    330
    344    348    348    344    332
    348    343    342    338    330
    350    349    343    338    326

    334    335    335    334    332
    329    332    332    324    319
    331    333    333    332    320
    329    329    334    327    316
    332    335    329    320    308

    313    313    307    307    309
    309    311    305    303    294
    307    310    310    308    299
    306    304    305    302    298
    308    310    307    295    289

    286    285    284    286    288
    285    289    284    278    277
    284    287    287    283    273
    281    279    282    276    272
    284    285    282    269    264

    274    277    271    272    273
    273    272    268    268    261
    272    274    274    267    262
    271    270    270    265    260
    274    272    270    261    252

    253    255    251    254    250
    247    252    250    247    239
    247    252    252    249    241
    249    248    250    239    238
    251    249    252    240    233

    238    241    240    239    237
    234    239    233    232    228
    236    237    237    234    228
    239    236    233    237    226
    238    236    234    233    223

    234    233    233    233    232
    231    235    230    227    221
    229    231    231    227    220
    230    228    227    223    221
    232    234    229    222    216

    233    230    234    233    235
    228    233    228    225    222
    229    229    229    231    218
    228    230    228    223    219
    230    233    231    225    217

    233    233    233    233    232
    228    234    231    227    220
    229    232    232    228    219
    231    228    229    223    222
    232    233    228    222    217

    213    217    215    221    215
    208    216    215    212    205
    208    218    218    213    205
    213    215    216    204    203
    214    215    213    210    202

    189    195    188    195    191
    181    188    193    188    181
    191    190    190    193    178
    186    189    193    179    181
    188    187    187    186    179

    163    169    166    172    169
    161    168    168    166    159
    166    169    169    169    159
    170    164    171    159    159
    168    165    166    163    156

    158    164    159    164    162
    148    157    166    159    151
    161    161    161    164    151
    160    158    165    155    154
    161    154    159    157    150

    142    149    145    151    145
    135    145    152    143    137
    146    148    148    150    138
    148    145    151    141    141
    144    145    143    141    138

    113    116    115    120    113
    104    111    113    111    109
    115    114    114    118    106
    115    113    120    108    112
    114    110    113    112    111

    116    123    119    125    120
    109    116    127    119    114
    119    122    122    125    112
    124    119    126    118    116
    119    118    120    120    115

    129    134    130    135    133
    120    127    139    129    124
    132    135    135    136    123
    136    129    139    126    128
    132    127    129    128    125

    130    133    129    135    132
    119    129    140    128    123
    131    137    137    138    122
    140    127    139    124    131
    133    129    131    128    126

     79     81     78     82     76
     71     75     83     76     75
     79     81     81     83     73
     80     77     84     74     81
     81     76     77     79     75

     99    105     99    106    103
     91     97    111     99     97
    102    107    107    108     95
    108    102    110     98    101
    101     99    102    102    100

    103    108    105    112    107
     92    101    116    106     98
    107    110    110    116     99
    114    104    114    103    107
    108    102    106    109    106

     96    101     97    105    100
     87     93    106     96     90
    101    103    103    104     91
    104     95    109     92     98
     99     95     96     98     97

     89     94     89     95     92
     78     86    100     87     85
     92     95     95    100     86
     98     90    102     87     91
     91     88     90     89     89

     81     87     82     87     84
     71     79     91     81     78
     82     86     86     90     77
     86     84     94     80     83
     84     80     83     81     82

     68     70     65     70     69
     57     64     74     65     64
     70     70     70     73     63
     71     67     75     66     69
     69     63     67     65     66

     65     70     67     71     68
     56     63     74     67     65
     70     71     71     74     62
     73     66     77     66     71
     67     64     66     68     69

     70     73     71     74     73
     59     66     79     68     67
     73     76     76     77     64
     78     69     81     68     73
     71     67     69     69     69

     74     80     73     80     77
     63     71     83     70     70
     78     81     81     84     70
     82     76     86     70     78
     77     71     73     74     76

     68     75     69     77     71
     60     64     80     69     68
     73     78     78     78     66
     76     71     82     67     74
     70     67     70     71     71

     67     70     67     73     70
     55     64     76     67     64
     71     73     73     78     64
     77     68     80     63     71
     71     64     66     68     69

     62     68     61     69     64
     50     60     75     62     59
     67     69     69     70     60
     71     65     76     60     69
     66     60     64     65     67

     59     65     61     66     62
     49     57     71     58     56
     62     67     67     69     56
     68     60     73     59     67
     62     59     61     62     63

     47     49     46     53     48
     37     43     56     45     46
     49     52     52     53     45
     52     49     57     43     51
     50     45     49     49     49

     39     45     40     44     43
     32     37     47     39     39
     44     46     46     46     38
     46     41     48     37     45
     44     37     40     41     43

     35     40     35     38     37
     30     34     42     35     36
     40     42     42     42     36
     42     37     47     35     42
     39     34     36     38     38

     34     35     33     36     33
     26     29     40     31     30
     35     37     37     37     31
     39     33     39     31     37
     35     31     33     33     35

     22     24     20     23     20
     18     21     25     18     22
     23     23     23     25     22
     24     19     29     22     25
     22     22     24     22     22

     17     16     15     16     14
     14     14     17     12     15
     15     16     16     16     15
     16     15     18     14     16
     17     15     16     15     18

     16     16     15     17     16
     14     14     19     15     16
     18     17     17     19     15
     19     16     20     14     18
     18     15     15     15     17

     27     29     26     28     28
     21     24     33     25     26
     29     31     31     31     24
     31     26     34     25     30
     29     25     28     27     28

     31     34     30     33     33
     23     28     37     30     28
     34     35     35     34     29
     37     31     39     27     36
     34     29     30     32     33

     35     39     35     39     38
     26     32     45     34     34
     40     43     43     43     33
     44     37     46     32     39
     38     33     34     36     38

     38     41     36     42     40
     28     34     48     37     35
     40     45     45     44     35
     45     39     49     36     41
     39     36     36     39     40

     37     39     35     41     37
     26     33     45     36     33
     39     42     42     43     33
     44     37     48     33     39
     39     33     36     35     39

     35     39     35     40     37
     26     33     46     35     34
     39     43     43     43     32
     45     38     49     34     41
     39     31     36     37     39

     35     39     35     41     37
     25     33     45     34     33
     39     42     42     45     33
     44     37     46     33     39
     37     32     35     37     38

     31     36     32     37     33
     22     29     41     31     29
     36     38     38     39     30
     39     34     42     30     36
     35     30     33     33     34

     31     36     30     36     33
     21     30     40     30     30
     36     39     39     39     29
     41     33     42     30     37
     34     29     31     34     35

     29     33     28     33     30
     20     26     38     29     28
     33     36     36     36     27
     36     31     39     27     35
     32     26     30     31     33

     28     32     28     33     29
     19     25     38     28     28
     33     35     35     37     27
     37     31     40     26     34
     32     26     28     32     33

     26     30     26     28     28
     17     23     33     25     23
     29     31     31     33     23
     34     28     35     24     30
     28     23     26     28     29

     24     28     24     27     25
     15     21     31     23     22
     27     29     29     30     21
     31     26     33     22     29
     26     21     24     26     27

     22     26     22     25     23
     14     19     30     21     21
     25     27     27     28     19
     27     24     31     20     27
     24     19     23     24     24

     17     20     17     20     19
     11     15     24     15     16
     19     21     21     22     16
     22     18     24     17     21
     18     15     16     17     20

     10     12     11     12     11
      7      8     12      9      9
     12     13     13     13      9
     13     11     14     10     13
     12      8     10     12     11

      3      4      4      3      4
      3      3      5      4      4
      5      4      4      5      3
      4      4      5      4      4
      5      4      5      4      5

      3      5      3      3      4
      3      2      4      2      4
      4      2      2      4      3
      4      4      5      2      4
      4      3      4      5      3

      5      5      4      4      5
      3      3      6      4      5
      6      6      6      5      5
      6      5      7      5      6
      5      4      5      5      6

      5      5      3      4      4
      2      4      6      4      5
      5      4      4      5      4
      5      5      7      4      5
      4      3      6      5      5

      6      7      5      8      6
      4      5      9      5      6
      8      9      9      8      5
      7      7      9      7      9
      9      5      7      7      7

     11     13     10     13     12
      6      9     16      9     10
     14     13     13     15     10
     15     12     17     11     14
     12     10     11     12     14

     13     16     12     15     13
      7     11     18     11     12
     16     16     16     16     12
     18     14     21     12     15
     14     11     13     14     16

     10     14     11     13     12
      7     10     17     11     11
     14     14     14     16     10
     16     12     16     11     14
     14      9     13     14     14

     12     14     12     14     13
      7     10     18     11     11
     14     15     15     17     11
     17     13     18     11     16
     15     11     12     12     14

      9     13     10     12     11
      5      8     15      9      9
     13     14     14     15     10
     14     12     15      9     13
     13      9     11     11     13

     12     14     11     15     12
      6     10     18     11     11
     15     16     16     17     11
     17     13     18     10     16
     13     10     12     13     14

     12     14     12     14     12
      6     10     17     12     12
     15     17     17     16     11
     16     13     18     11     16
     14     10     12     14     15

     13     17     14     15     14
      7     12     21     12     13
     16     18     18     19     13
     19     14     22     13     18
     15     11     14     14     16

     12     16     12     15     13
      6     10     19     12     12
     17     18     18     18     12
     19     13     21     12     17
     15     11     13     15     16

     12     15     11     14     12
      6     10     17     11     12
     16     17     17     18     11
     17     14     19     12     16
     14     10     12     13     15

     11     12     11     13     12
      5      9     17     10     10
     13     14     14     15     10
     16     12     17     10     15
     13      9     11     13     13

     12     15     11     14     12
      6     10     17     11     12
     16     17     17     18     11
     17     13     19     12     16
     14     10     12     13     15

      9     11     15     13     15
      7     12     16     13     12
     15     16     16     12     12
     11     15     12     17     15
      9     18     10     18     11

     14     13     14     13     14
      9     13     14     14     13
     12     12     12     15     10
     14     18     12     14     15
     11     10     11     15     11

      9     15     10     15     17
      8     11     12     11     11
     13     14     14     16     12
     15     18     12     11     16
     13     14     12     13      9

     11     15     12     14     16
      8     13     19     12     10
     17     14     14     12     10
     14     15     14      9     13
     13     11     12     12     13

     12     12     13     14      9
      7     10     10     13     11
     13     11     11     14     12
     14     12     12      6     11
      8     14     11      9     11

     10      8      9     11      9
      6     10      8      9      6
     10      9      9      8     10
     10      7      9      7     11
      8     10      9      9     11

    -15    -19    -18     -9    -21
      1     -7     -8     14      3
    -18      4      4      7     -4
     -4     24     22     23     25
    -16    -13    -10    -14     -4

      3      3      5      5      6
      3      5      4      3      4
      6      6      6      4      5
      4      5      5      3      5
      5      5      4      6      5

      4      1      1      4      5
      2      3      4      4      2
      2      3      3      2      3
      4      5      2      1      4
      2      5      2      4      1

      0      0      1      2      1
      0      1      0      1     -1
      0      1      1      0      0
      0      2      0     -1      0
      1      0      0      0      0

     -1      0      0      0      0
     -2      0      2      0      0
      0      1      1      0      0
      0      0     -1      0      0
     -1      0      0      0      0

      0     -2     -1      1     -1
      0      3      0      1     -1
      0      2      2      0      0
      3      0      0     -1      2
     -1      1      0     -1      0

      1      0      0      0      0
      0      0      0      1      1
      2      1      1      0      1
      2      2      0      0      0
      0      0      0      0      0

      0     -4     -2     -3     -1
     -5      1      0      0     -1
     -3     -3     -3     -8      0
     -1     -3     -4     -5      8
      0      0     -2     -3     -5

      0      0      1     -1      2
     -1      2      0      0     -3
      1      4      4      3      1
      0      0      0      0      0
      0      0     -2      2      0

      0      0      1      0      1
      0     -2      0      2      0
     -1      1      1      0      0
      2      1      1      1     -1
      0      0      1      1     -1

      1     -1     -1      0      0
      0      0      0      0      0
     -1      3      3      1      2
      0     -1      1      1      0
      1      0      0      0      0

      0      0     -1     -1      0
      0      2      1      0     -2
      0      3      3      0      0
      3      2     -2     -1      1
      1      0     -2      0      0

     -1      0      0      1     -1
      0      0      0      0      1
      2      3      3      0      2
      0      0      2     -1     -1
      3      3      2      1      1

      1      3     -1      2      2
      0      2      4      6      1
      4      3      3      1      2
      2      3      0      2      2
      0      3      1      4      1

      3      4      3      4      2
      1      3      4      0      0
      6      3      3      4      2
      6      5      1     -2      3
      5      5      2      6      0

      1      3      2      4      2
      0      3      2      3      0
      0      2      2      2      5
      4      0      2      2      1
      1      2      4      4      2

      2      2      2      4      3
      3      4      1      2      4
      4      5      5      3      3
      6      4      4      1      5
      0      4      4      3      3

      5      7      8      7      7
      5      7      6      7      5
      4      7      7      6      5
      7      7      7      4      6
      5      5      6      8      7

      9      9     10     10      7
      8     10      9      8      7
      9     10     10      9      9
     10     11      9      8     10
      8      8     10      9      6

     11     13     10     13     11
      9     11     11     11     10
     12     11     11     13     12
     12     11     12     10     12
     10     12     13     10     11

      9     13     13     14     13
     11     15     11     11     10
     11     13     13     11     13
     14     10     14     11     13
     12     14     12     14     12

     13     14     12     14     14
     10     11     15     13     10
     13     13     13     11     10
     11     13     14     10     12
     11     13     13     12     10

     11     17     18     18     18
     13     14     19     20     15
     15     14     14     13     12
     15     15     15     13     17
     12     15     14     16     15

     13     14     12     16     14
     13     15     14     13     13
     14     15     15     15     11
     13     16     12     12     14
     12     12     14     16     12

     10     12     14     13     13
     12     15     13     13     10
     13     13     13     13     10
     13     11     13     12     14
     12     12     13     11     11

     11     11     11     11     11
      9     12     11     10     10
     10     13     13     11     10
     12     11     10     10     12
     11     10     10     12     10

     12     10     11     13     10
      9     12     12     13      9
     12      9      9     10     11
     12     12     11      9     13
     11     11     12     10     10

     11     11     10     13     11
     11     13     13     14     10
     11     13     13     12      9
     11     12     12     11     12
     10     12     11     10     12

      9      9     11     11     12
     10     11     12     12     10
     12     13     13     10     10
     10     11     10      9     10
      8     12     10     10      8

     10     10     10     11     10
      9     12     12     11     10
     10     11     11     11      9
     11     12     11      9     11
     10     11     10     11     11

     10     10     14      9     10
      9     11     12     12      9
     10     11     11     10     10
     13     10     10     11     10
      9      9     12     11     10

      9     12     12     10     10
      9     10     11     12     10
      9     12     12      9     11
     12     12     10     10     11
     10     10     10     10      9

     10     10     11     12      8
      8     12     10     11     10
     10     12     12     11     11
     10     11      9     10     11
      8     10      8     10     10

      9     11     11      9     10
      9     11     11     10      8
     10     11     11     10      9
      9     11     10      7     10
      7     10      8     11      9

      7      9      8     10      9
      9      9      9      9      9
      8     11     11      8      7
      9      9     10      8     11
      7      9      9      9      7

     11     11      8     11      8
      8      9      9      9      8
      9      9      9      9      9
     10     10     11      8      9
      8      7      8      9     10

     11      9      9     12     10
      8      9      9      9      6
      8     10     10      8      8
      8      9      8      8      8
      7      8     10      9      9

      8      9      6      9      8
      7      7      7      7      6
      8      9      9     10      8
      9      8     10      7      8
      7      8      8     10      7

      9      9      9     10      9
      6      7      9      7      5
      6      7      7      7      8
      8      9      7      6      9
      7      7      8      8      9

      8      8      8      8      7
      7      6      9      6      7
      8      7      7      7      7
      8      9      8      6      7
      5      8      7      6      6

      6      7      7      8      7
      6      5      8      8      6
      5      6      6      4      7
      8      8      8      3      6
      6      7      8      6      6

      6      6      5      6      7
      5      5      6      6      5
      5      5      5      6      9
      7      7      7      5      7
      6      5      7      5      4

      6      7      6      5      5
      4      7      7      6      5
      5      7      7      6      6
      3      4      6      2      7
      5      6      7      4      8

      5      5      5      5      4
      3      6      3      6      3
      6      6      6      6      6
      5      5      6      5      4
      5      4      6      7      5

      2      5      2      5      4
      3      4      4      5      4
      6      7      7      4      4
      6      6      5      4      6
      1      5      4      5      6

      5      4      4      4      3
      4      3      3      2      2
      3      4      4      2      5
      4      5      3      0      4
      2      3      4      4      4

      4      3      2      3      3
      2      3      1      2      2
      4      3      3      3      2
      4      2      3      1      3
      2      4      5      2      2

      2      2      0      2      2
      0      1      2      0      0
      0      3      3      2      2
      3      2      3      0      1
      2      3      2      1      2

     -1      0      0      1      0
     -1      0      0      2      0
      0      0      0      0      0
      1      1      0      0      1
      1      0      1      0      0

      0     -1      0      0      0
     -1     -2      0      0      0
      0      1      1      0      0
      0      0      0      0      0
     -2     -1     -1      0      2

      0     -1     -1      0      0
      0      0     -1      0      0
      0      0      0      0      0
      0      1      0      1      1
      0      0      0      0      0

      0      1     -1      0     -1
      0      0      0      0      0
      0      0      0      1     -1
      0      1      0     -1      2
      0      0      0      0      1

      0      0     -2      0      0
      0      0      0      0     -1
      0      0      0      0     -3
     -2      0      0     -1      1
     -2      0     -3      0      2

      0      0     -3     -1      1
     -3      0      1      0      0
      0      0      0     -1      0
      1      0      0      0      1
      0      1      0      0      0

      0      0      0      0      0
     -1      0      0      2      0
      1      0      0      0      0
      1     -1      0     -1     -1
     -1      0      0      0      0

      2      1      0      0     -1
      0      0     -1      1     -1
      1      1      1     -1      0
      1      0      1      0      1
     -2      0      2      2     -1

      0      1      0      1      0
     -1     -1      0      1     -1
      0      0      0      0     -1
      0      0      0     -1      1
     -1      0      0      0      0

      0      0      0      0      1
      0     -1      0      1      0
     -1      0      0      0      0
      0      0      0      0      1
      0      0      0      0      0

      0      0      0      0      0
      0     -1     -2      0      0
     -1      2      2      0      2
      0      0      0      1      1
      0      1      0      0      0

      0      0      0      0      0
      0      0      0     -1      0
      0      0      0      0      0
      0      1      0      0      1
      0      0      0      0      0

      1     -2      0     -1      0
      0      0     -1      0      0
     -1     -1     -1      0     -1
      2      0      0      0      0
      0      1      0      0      0

      0     -1     -1      0      0
     -1      1     -1      1      0
      0      0      0      0      1
      1      1      0      0      0
      1      0      0      0      0

      0      0      1     -1      0
      0      0      0      1      0
      0      0      0      0      0
      0      1      0      0     -1
      2      1      0      0      1

      0      0     -1      0      0
      0      0      0      0      0
     -2      0      0      0      3
      0      0      0      0      0
      0      2      0      0      1

      0      0      0      0      1
      0      0     -1      0      0
      0      0      0      0      0
      0      2      0      0      0
      0      0      0      0      0

      0      0      0      0      0
      0      0      0      0      0
      0      0      0      0      1
      1      1      0      0      0
      0      1      0      0      1

      0      0      0     -1      1
      0      0      0      0      0
     -1      0      0      0      0
      1      0     -1      0      0
      1      0      0      2      0

      3      1      1      0      0
      1      1      2      2      0
      0      2      2      2      3
      2      3      2      2      3
      2      2      1      1      0

      2      3      1      2      2
      2      2      1      2      3
      0      1      1      1      2
      3      4      2      1      3
      4      2      2      2      3

      2      2      2      1      4
      3      3      3      3      2
      2      2      2      4      3
      3      4      3      2      4
      3      2      4      3      3

      2      2      1      2      3
      1      1      1      1      2
      2      1      1      3      3
      3      3      3      1      3
      1      3      1      1      1

      0      0      0      0      1
      1      1      1      1      1
      0      1      1      1      1
      2      1      1      0      1
      1      1      2      2      0

      1      2      0      0      1
      3      1      1      0      2
      0      1      1      0      2
      0      0      1      0      1
      1      2      1      1      1

      3      3      4      3      3
      4      1      2      1      3
      2      4      4      3      4
      3      3      4      4      5
      3      4      2      1      3

      4      4      4      5      4
      3      5      5      4      5
      4      4      4      5      4
      4      4      3      4      6
      5      6      4      2      5

      3      4      3      4      5
      2      3      3      3      4
      3      4      4      4      4
      4      4      4      4      6
      5      5      3      3      4

      3      3      3      2      2
      2      1      3      2      3
      3      5      5      3      4
      3      3      3      2      4
      3      4      4      2      2

      4      2      3      2      1
      4      2      2      3      3
      2      4      4      4      2
      4      3      2      4      3
      4      4      2      4      2

      4      3      6      4      4
      5      5      3      4      3
      2      4      4      5      5
      4      4      5      3      5
      5      4      3      3      4

      5      5      4      4      5
      4      4      3      4      5
      5      4      4      4      5
      5      5      3      4      5
      4      3      5      4      4

      4      3      5      5      6
      4      5      4      5      4
      4      4      4      6      3
      7      4      3      3      5
      3      6      4      6      5

      6      5      4      4      5
      5      5      5      4      4
      3      4      4      5      6
      7      5      4      3      6
      3      6      4      5      4

      5      5      6      5      5
      5      4      4      5      3
      4      5      5      5      5
      5      4      4      4      4
      3      5      4      5      4

      5      4      5      4      4
      5      4      5      3      5
      4      5      5      4      4
      6      4      5      4      4
      5      4      5      2      4

      4      5      5      4      4
      5      4      5      3      4
      5      5      5      6      4
      5      6      5      5      5
      5      6      4      5      3

      5      6      4      2      5
      4      3      4      4      4
      4      4      4      5      5
      4      5      3      3      5
      5      5      5      4      5

      4      4      1      4      5
      3      4      4      2      4
      4      3      3      4      3
      6      4      4      4      5
      4      5      4      5      2

      5      5      4      3      5
      4      5      4      3      4
      6      4      4      4      4
      5      4      4      3      4
      4      6      5      4      5

      1      3      4      3      3
      4      4      4      3      5
      5      5      5      5      3
      4      4      2      3      3
      4      4      4      4      4

      3      3      4      1      4
      3      4      3      5      4
      3      4      4      3      4
      3      3      3      3      4
      4      4      3      3      3

      2      3      3      2      3
      4      3      4      3      3
      4      4      4      4      4
      3      4      3      2      6
      2      5      4      2      5

      4      2      4      4      3
      4      3      4      4      2
      3      4      4      4      5
      4      5      3      2      4
      3      3      3      2      3

      4      2      4      2      3
      4      4      4      3      4
      4      4      4      5      4
      4      6      3      3      5
      2      4      3      4      3

      3      3      5      3      4
      3      5      5      4      6
      3      6      6      5      4
      4      2      3      5      4
      4      5      3      5      4

      4      3      4      2      1
      4      3      4      4      3
      3      4      4      5      5
      3      4      2      5      4
      4      4      6      3      2

      5      1      5      2      3
      5      4      3      4      3
      3      3      3      3      4
      3      3      3      3      3
      3      4      3      3      4

      4      2      5      3      3
      4      3      3      2      5
      2      5      5      3      5
      3      4      3      2      5
      3      5      3      2      5

      3      3      3      2      5
      3      3      2      3      3
      3      3      3      3      3
      2      4      3      2      4
      1      5      2      2      1

      3      3      4      2      2
      3      2      3      2      5
      1      2      2      1      3
      4      2      3      3      5
      3      4      3      4      4

      2      2      3      2      3
      2      5      3      2      3
      2      3      3      3      3
      4      3      2      3      3
      2      3      3      3      2

      3      0      1      0      3
      1      3      2      2      2
      2      4      4      4      2
      3      6      3      2      2
      4      3      1      1      2

      2      2      4      1      2
      6      2      1      1      4
      1      3      3      2      3
      4      5      3      4      4
      3      4      3      3      2

      2      1      2      2      3
      2      3      1      2      3
      1      1      1      3      3
      2      2      5      0      1
      2      2      4      2      2

      3      2      3      1      1
      2      1      0      1      2
      3      1      1      3      3
      2      2      2      2      2
      2      3      1      1      0

      1      2      3      3      2
      3      2      4      2      1
      1      1      1      1      2
      1      3      1      1      1
      3      2      0      0      3

      3      2      3      1      0
      1      0      2      1      1
      0      2      2      2      1
      2      2      0     -1      4
      2      1      2      2      2

      3      1      1      1      3
      1      0      1      2      1
      2      1      1      4      3
      2      3      0      0      2
      4      3      4      0      0

      1      1      1      0      0
      1      0      2      1      1
      0      1      1      2      4
      0      2      1      0      1
      2      1     -1      0      0

      0      1      1      3      3
      2      1     -1      0      1
      0      0      0      0      2
      3      0      0      0      0
      0      3      3      1      1

      0      1      2      0      0
      0      1      0      0      2
      0      0      0      0      1
      1      1      0      0      0
      2      2      0      1      0

      0     -1      2      1      0
      1      0      0     -1      2
      1      0      0      0      2
      2      1      0      1      1
      2      1      3      0      0

      0      3     -1     -1      0
      0      0      0      0      3
      1     -1     -1      0      2
      1      1      1     -2      0
      0      0      2      1      1

      0      0      0      1      1
      1     -2      1      0      3
      1      0      0     -3      0
      0      0      2      0      1
      0      1      0      1      1

      0      1      0      0      2
      1      1      0      0      0
      0      0      0      0      3
      0     -1      2      1      2
      1      4      0      2      1

      1      1      0      0     -1
     -1      0      1      0      0
     -1      0      0      0      2
     -2      0      0      2      0
      0     -1     -1      4      2

      0      1      0      2      0
      3      0      0      0      0
     -2      0      0      0      1
      0      0     -1      0      2
     -1     -1      0      1      0

      0      1     -1      2      1
      0      1     -1     -1      0
      0      1      1      0      1
      0      1      0      1      2
      0      0      0      0      2

      0      1     -2     -2      1
      0      0      0      0     -1
     -3      0      0      0      0
      2      0      3      0      2
      0      1     -1     -1      0

     -3      1      0      2      2
      0     -1      0      1      0
     -1      0      0      0      2
      2      0      0      1      0
     -1      1      1      0      2

     -2      0      0      0      0
     -1      0     -2      0      3
     -1     -1     -1     -4      1
     -3      0     -2      0      0
      0      0     -3      1     -1

      0      0      0     -1      1
      0      0     -1      0     -1
      0     -1     -1      0      2
     -1      1     -1      1     -2
      0      0      1     -3      1

