;
; ENVI ASCII Output of file: E:\Imaging\ROI_AVIRIS\5_1_13.img [Fri Nov 17 11:57:26 2017]
; File Dimensions: 5 samples x 5 lines x 224 bands
; Line Format    : (5i7)
;
    511    525    524    531    515
    529    521    501    513    515
    513    526    512    507    506
    547    513    523    521    522
    515    527    521    529    529

    608    612    613    608    598
    596    614    621    613    597
    617    629    616    614    613
    626    620    613    592    595
    622    616    621    600    600

    664    663    664    652    654
    663    667    658    655    646
    656    672    659    653    678
    672    663    665    647    653
    656    651    669    671    671

    831    831    809    825    828
    825    836    828    841    819
    840    834    827    840    826
    841    817    837    812    834
    836    823    832    827    827

   1206   1222   1229   1209   1212
   1225   1218   1210   1230   1214
   1223   1233   1216   1226   1220
   1225   1220   1213   1232   1222
   1227   1220   1222   1227   1227

   1281   1275   1281   1269   1270
   1284   1284   1272   1281   1274
   1288   1291   1285   1288   1295
   1287   1291   1285   1282   1281
   1263   1290   1284   1283   1283

   1204   1216   1212   1192   1198
   1207   1210   1207   1207   1211
   1208   1221   1216   1212   1216
   1231   1217   1222   1208   1209
   1196   1214   1204   1211   1211

   1122   1121   1114   1103   1109
   1114   1115   1117   1115   1119
   1122   1125   1122   1122   1118
   1130   1125   1127   1117   1117
   1111   1121   1116   1115   1115

   1210   1205   1203   1206   1190
   1211   1212   1210   1209   1207
   1217   1213   1217   1215   1213
   1217   1217   1217   1219   1213
   1206   1210   1211   1218   1218

   1231   1231   1240   1221   1220
   1228   1231   1229   1231   1224
   1240   1230   1235   1233   1242
   1243   1244   1245   1241   1234
   1225   1225   1239   1229   1229

   1198   1199   1195   1183   1184
   1197   1192   1190   1199   1202
   1208   1206   1199   1200   1204
   1211   1208   1198   1203   1205
   1191   1193   1197   1193   1193

   1121   1129   1119   1115   1105
   1124   1118   1123   1124   1123
   1132   1127   1125   1126   1125
   1138   1134   1120   1133   1125
   1122   1123   1130   1130   1130

   1048   1064   1057   1047   1045
   1065   1062   1060   1063   1059
   1066   1065   1070   1063   1068
   1063   1066   1070   1067   1060
   1057   1057   1063   1063   1063

    951    958    949    949    936
    958    955    950    951    957
    970    967    959    964    960
    965    961    970    964    954
    951    952    960    958    958

    861    866    861    858    858
    868    870    869    868    872
    877    877    874    869    870
    878    874    877    872    869
    866    867    869    876    876

    763    769    756    757    758
    771    767    767    770    771
    781    775    776    777    772
    784    774    778    775    770
    771    764    767    766    766

    679    674    676    669    671
    682    672    673    674    676
    696    693    681    689    686
    690    690    687    684    676
    676    683    682    683    683

    642    640    639    637    641
    644    642    639    642    642
    657    656    649    655    650
    656    658    653    649    644
    641    646    644    650    650

    604    606    602    605    609
    606    610    604    609    608
    618    618    617    619    613
    621    625    619    613    612
    605    608    605    616    616

    559    565    569    564    567
    571    566    561    571    573
    579    576    572    572    571
    576    582    579    572    571
    569    574    573    573    573

    517    516    520    517    521
    523    519    517    524    522
    526    524    525    528    524
    528    532    531    528    526
    518    524    519    527    527

    479    477    478    474    476
    478    477    478    477    483
    487    480    482    479    486
    489    484    485    485    488
    480    484    482    485    485

    445    447    443    442    440
    446    445    446    445    447
    449    449    450    449    447
    456    451    450    449    448
    444    448    453    449    449

    396    392    396    387    394
    395    392    396    395    395
    398    396    401    398    397
    403    401    400    398    399
    394    401    398    397    397

    370    371    366    362    362
    368    370    367    370    370
    369    371    372    374    371
    376    368    373    372    367
    367    373    374    373    373

    359    355    354    350    351
    352    354    356    353    354
    359    357    355    358    357
    363    357    359    363    359
    355    359    361    357    357

    334    332    331    323    320
    333    332    331    330    334
    335    331    336    335    332
    338    332    334    331    336
    327    332    334    333    333

    306    307    307    298    301
    308    305    307    306    310
    306    307    304    310    310
    310    307    310    310    307
    305    313    309    309    309

    292    292    295    284    287
    294    298    296    295    292
    295    294    299    300    296
    299    295    292    294    296
    294    298    293    296    296

    271    272    269    263    266
    272    273    273    274    275
    275    275    274    273    274
    272    267    273    272    269
    270    270    274    275    275

    255    259    258    250    246
    257    255    255    255    258
    258    256    261    257    258
    261    256    254    254    256
    255    256    253    263    263

    252    250    251    251    246
    252    254    254    253    256
    254    253    255    250    254
    256    251    254    251    249
    252    254    252    252    252

    257    243    249    249    244
    253    254    255    252    253
    249    250    248    250    251
    256    252    253    249    249
    255    252    251    251    251

    252    250    250    250    246
    253    255    255    253    256
    252    253    254    251    254
    255    250    253    250    249
    251    254    250    252    252

    234    233    230    232    232
    239    237    243    235    239
    232    237    233    237    240
    238    237    233    230    229
    239    232    232    235    235

    208    204    201    204    200
    211    214    214    208    208
    206    209    208    208    209
    209    208    207    203    207
    206    207    202    204    204

    184    176    174    181    178
    188    187    186    181    184
    181    189    182    183    185
    183    180    183    181    180
    183    184    175    180    180

    174    172    168    171    174
    181    182    179    175    180
    175    178    176    179    177
    179    173    178    174    175
    174    176    170    173    173

    160    155    150    158    157
    165    166    161    160    163
    155    163    158    161    161
    160    158    158    159    159
    161    159    154    159    159

    122    118    118    119    118
    128    127    126    123    124
    118    127    122    126    125
    127    121    124    122    124
    124    122    121    123    123

    130    125    121    128    129
    137    135    134    134    133
    127    134    131    132    133
    133    130    132    133    130
    128    133    128    132    132

    143    141    132    143    140
    154    150    145    140    145
    140    145    144    148    147
    145    141    143    144    142
    140    146    138    141    141

    143    140    135    139    142
    152    149    147    144    149
    143    150    143    149    147
    148    142    144    144    145
    141    146    138    143    143

     85     83     78     86     85
     90     88     89     87     90
     85     89     86     86     89
     89     86     87     86     87
     86     87     83     84     84

    114    109    105    108    109
    117    115    116    113    115
    107    116    110    116    117
    115    109    112    112    115
    112    112    107    113    113

    118    113    105    113    116
    124    124    121    118    122
    114    119    116    121    120
    120    114    118    120    121
    116    118    109    117    117

    111    103     99    103    105
    115    114    109    107    111
    104    112    105    112    113
    110    104    107    112    110
    107    109    102    105    105

     99     97     88     94     99
    107    103    103     98    102
     95    104     98    104    101
    104     96     98    101    102
     98    102     92    101    101

     93     87     83     88     88
     98     95     94     89     94
     86     94     88     94     92
     94     88     90     93     92
     90     94     86     91     91

     73     72     65     71     72
     76     76     76     73     77
     66     74     70     74     72
     74     69     72     73     73
     71     76     68     74     74

     76     71     67     70     71
     77     77     76     75     78
     70     75     70     75     75
     77     69     73     74     73
     73     76     67     73     73

     80     75     68     74     76
     81     81     78     77     81
     73     81     74     80     77
     78     71     74     79     77
     76     78     71     76     76

     85     80     73     80     77
     87     85     85     81     86
     75     86     75     87     82
     86     76     81     82     83
     82     85     76     82     82

     78     76     70     73     76
     84     81     82     77     79
     71     79     72     82     77
     81     74     73     77     78
     76     82     69     76     76

     79     75     68     74     73
     80     79     79     74     79
     69     77     69     81     75
     78     70     74     76     79
     76     78     69     74     74

     73     71     64     68     67
     76     74     74     71     75
     64     73     65     75     72
     74     64     66     70     70
     69     71     63     69     69

     71     66     60     65     66
     74     71     70     69     69
     60     69     63     71     68
     70     60     63     66     68
     67     69     58     66     66

     56     52     47     50     48
     56     57     55     53     56
     46     53     48     57     54
     56     48     50     53     53
     51     56     45     51     51

     47     44     39     42     42
     49     48     48     46     46
     38     46     40     49     44
     46     41     42     43     46
     42     46     38     44     44

     43     41     35     38     37
     44     42     45     39     42
     35     41     37     43     40
     40     36     38     40     41
     37     42     36     40     40

     38     37     33     34     33
     41     41     38     37     39
     31     37     34     37     37
     36     31     35     34     35
     33     37     33     35     35

     21     23     19     23     20
     24     25     27     23     25
     21     22     22     26     24
     26     20     23     27     22
     26     25     21     25     25

     18     17     14     16     14
     18     19     17     17     18
     13     14     14     17     17
     16     15     15     15     16
     16     18     13     16     16

     19     17     15     17     17
     21     21     19     17     19
     15     18     16     18     18
     18     15     16     17     17
     18     19     16     18     18

     31     31     25     27     27
     33     33     32     30     31
     25     30     27     32     29
     30     26     28     29     30
     28     31     25     29     29

     37     37     30     31     30
     40     39     37     35     37
     28     35     30     36     35
     34     31     31     32     35
     32     36     29     32     32

     45     43     35     38     39
     46     45     42     40     42
     33     40     37     43     42
     41     36     36     39     39
     38     40     31     39     39

     48     43     38     39     39
     47     46     46     43     44
     35     45     39     45     42
     44     38     40     40     42
     41     44     33     42     42

     46     44     37     40     38
     49     45     44     41     42
     34     43     37     46     41
     42     35     38     40     40
     38     43     32     38     38

     45     42     34     38     38
     48     45     44     41     43
     34     43     36     46     41
     41     35     39     40     42
     37     42     32     40     40

     45     42     35     38     36
     47     44     43     41     43
     33     42     36     43     41
     41     34     36     39     40
     36     41     30     37     37

     39     37     31     34     33
     43     40     40     37     36
     30     37     32     40     36
     38     30     32     36     36
     35     39     28     34     34

     40     38     32     34     34
     42     42     40     36     38
     28     38     32     42     36
     37     31     32     35     36
     34     37     27     35     35

     37     36     29     32     32
     40     38     39     34     35
     26     37     30     38     35
     36     28     31     33     32
     31     35     25     32     32

     37     35     29     31     31
     40     39     36     34     35
     26     36     31     38     33
     35     27     29     32     33
     30     34     25     31     31

     32     31     25     28     29
     35     34     34     31     32
     23     31     26     34     29
     30     25     27     29     30
     28     31     22     28     28

     30     29     23     26     25
     32     32     31     28     29
     21     29     24     32     27
     28     23     25     26     28
     26     29     20     26     26

     28     27     21     24     22
     29     30     29     25     26
     19     27     23     30     24
     26     21     23     24     26
     23     26     18     24     24

     22     22     15     18     18
     24     22     22     19     22
     14     20     16     23     19
     21     17     17     20     19
     17     21     14     18     18

     13     13      9     11     10
     13     13     13     12     12
      9     13     11     13     11
     12     10     10     11     12
     10     13      8     13     13

      4      5      3      5      4
      5      5      5      4      5
      3      5      3      5      3
      5      3      4      4      5
      3      4      4      5      5

      5      5      3      4      3
      4      4      4      3      4
      3      4      4      3      3
      4      2      5      4      3
      5      5      3      4      4

      5      6      3      6      4
      7      6      5      5      6
      3      4      4      6      4
      6      3      4      5      5
      4      6      4      5      5

      5      5      3      4      4
      6      6      6      3      5
      4      5      5      6      4
      6      4      4      4      5
      5      6      3      5      5

      8      8      4      6      7
     10      8      7      8      7
      6      7      5      8      7
      8      5      7      7      8
      7      8      5      7      7

     14     13     10     11     12
     17     14     14     14     13
     10     13     12     14     14
     12      9     12     13     13
     11     14      9     12     12

     16     16     12     14     13
     19     17     16     14     16
     11     16     13     18     15
     15     12     13     15     15
     14     16     10     14     14

     16     14     11     14     12
     18     15     16     14     14
      9     14     11     15     13
     15     11     12     12     14
     11     14      9     13     13

     16     16     11     14     14
     18     16     16     15     16
     11     15     12     17     14
     15     11     12     13     16
     14     14     10     13     13

     13     13     10     11     12
     14     14     15     13     12
      8     14     11     13     12
     13     10     11     12     12
     10     14      8     11     11

     16     15     10     12     13
     19     15     16     15     16
      9     15     12     17     14
     16     11     11     14     13
     13     15      9     14     14

     15     15     11     13     13
     17     17     17     15     17
      9     15     12     17     14
     16     11     12     15     15
     12     16      9     13     13

     17     18     12     15     15
     21     20     18     15     18
     11     17     14     18     16
     18     12     14     16     16
     14     17     11     15     15

     17     16     12     14     13
     19     17     18     15     17
     11     17     12     18     16
     17     12     14     16     15
     14     16     10     16     16

     17     16     12     13     13
     17     18     17     14     16
     10     15     12     18     14
     15     12     12     14     15
     13     17      9     13     13

     15     13      9     12     12
     15     17     14     13     15
      9     13     10     15     13
     13     10     11     12     13
     11     14      8     13     13

     17     16     12     13     13
     17     18     17     14     16
     10     15     12     18     14
     15     12     12     14     15
     13     17      9     13     13

     16     13     20     15     12
     16     17     16     16     20
     12     10     15     15     13
     11     11     13     17     11
     10     13     13      9      9

     15     11     12     13     16
     13     11     14     16     11
     18     11     13     14     16
     12      9     13     15     13
     10     11     11     12     12

      9     13     13     14     13
     10     13     15     15     12
     14     15     12     16     12
     16     16     14     12     12
     10     15     10     12     12

     15     16     13     15     14
     10     15     13     16     13
     14     14     15     15     15
     15     13     14     17     13
     11     10     11      9      9

     14     12     11     10     12
     10     11     13     13      7
     13     14     11     10     10
     13      8     14     14     15
     10     11      9      8      8

      9     10      6     10     10
      9      9     11      9      8
      9     12      7     11      8
     10     10     10      9      9
      8      9     11      8      8

    -17     -2     -4     -6    -30
     -5     -9     -9     -7    -29
     10      2     10    -11    -23
     -7     -5    -17     12      6
      2      9    -14    -12    -12

      3      3      4      4      4
      5      5      4      4      2
      4      4      5      4      3
      3      3      5      5      4
      5      4      5      3      3

      3      2      3      3      3
      2      3      4      3      3
      1      3      2      3      2
      4      1      3      3      3
      5      2      1      3      3

      0      0      2      2      0
      0     -1      0      1     -1
      0      2      2      2      0
      0      0      0      1      2
      0     -1      0     -1     -1

      0      0      1      0      0
     -1      1      0      1     -2
     -1      0      0      1      0
      1      0      0      2      0
      0     -2      0      0      0

     -2      0      1      0      1
      0      0      2      0      0
      0      1      0      1      0
      0     -2     -2      0     -1
      0      0     -2     -1     -1

      1      0      1      0      2
      0      0      0      0      0
      0      0      0      0      0
      0     -1      0      0      0
     -1     -1      1      0      0

     -7      1      5     -2      2
      0      2      0      4      5
      4      5      5      1      0
     -2     -1      1     -2     -1
      4      0     -1      0      0

      1      1      0      1      0
      0      2     -1     -1      2
     -4      1      3     -1     -1
      0     -1      2     -1      2
      1      0     -1     -1     -1

      0     -1      2     -1      1
     -1      0      0     -1     -1
      1      1      2      1      0
      2     -2      1      0      0
      0      0      0      0      0

      0      0      2      0      0
     -1      0     -1      4      1
      1      1      2      2      0
      0      0      0     -1      0
      0      0      1      0      0

      1      0      1      0      2
      1      1      0      0     -1
      0      0      3      1     -1
      1      0      0      0      1
     -2      1     -1     -2     -2

      0      0      2      2      3
      0      1      1      0      1
      0      1      2      2      0
      0      0      0      0     -1
      0      0      1      0      0

      2      3      3      2      1
      2      2      1      3      1
      3      1      3      3      1
      3      2      0      5      1
      3      1      1      0      0

      5      2      3      4      5
      3      5      6      2      2
      2      4      5      3      2
      3      4      4      3      3
      1      4      2      3      3

      2      3      4      4      3
      2      2      2      6      0
      3      3      3      2      2
      3      2      3      4      3
      3      2      2      0      0

      1      1      4      3      2
      1      4      3      4      2
      3      2      3      4      2
      4      3      3      3      1
      3      3      0      1      1

      7      7      7      7      7
      6      5      5      7      5
      5     10      7     10      7
      9      8      8      8      6
      5      5      6      5      5

      8      9      6      7      5
      9     12      9     10      8
     10      8     10     11      8
     10      8     11      8     12
      6      6      8      8      8

     11      9      9     12     11
     11     13     11     11     12
     11     14     12     12     10
     13     12     11     13     11
     11     10     13     11     11

     10     11     13     11     11
     12     12     14     11     12
     11     12     12     13     10
     14     11     13     15     12
     10     13     11     12     12

     11     13     14     15     11
     11     13     12     12     11
     13     13     13     13     11
     14     14     12     13     12
     13     11     12     13     13

      8     13     14     10     11
     14     11     11     12     12
     13     15     15     17     13
     15     14     11     14     11
      6      9     14      9      9

     12     11     17     13     11
     13     13     14     14     13
     12     14     14     14     13
     13     14     13     17     13
     13     12     13     14     14

     12     11     12     13     13
      9     13     11     13     11
     12     11     13     13     13
     11     11     13     14     12
     11     13     11     11     11

      9     10     10     12     11
      9     13      9     11      9
      9     11     11     10     11
     14     10     11     12     11
     10     11     10     10     10

     11     12     10     13     12
     11     12     10     12      9
     12     12      9     13      9
     11     11     11     10     12
     11     10     10      9      9

     10     11     11     12     13
     11     12      9     12      9
     11     12     11     14      9
     13     12     12     10     11
     11     10     12     11     11

     10      9     12      9     10
     10     11     10      9      8
      8     11     10     12     10
     11      9     10     10     12
     10     10     11     10     10

      8      9     10     10     10
      7     10      9     10      8
      9     11      9     11      8
      9      9     11     12     11
      7      9      8      9      9

      9      9     11     11     11
      9     10     11     11      9
     11     12     10     11      9
     10      9     10      9     10
     10      8      9     10     10

     10     10      9      9     10
     10      9     11     10      9
     11     11     10     10     10
     10     11      9     10      9
     10      9      9     10     10

     11      8      9      9     10
      8      9      9      9      7
      9     12      9     11      7
     10      8     10      9      8
      9      9      9      9      9

      9     11      8      7      9
      8      8      9     12      9
      8     11     10     10      9
      8      9      9     10      9
      9     10      9      9      9

      9      8      9      8      9
      8      8      7      9      7
      9      9      8     10      9
      9      9      9     11      8
      8      9      8      9      9

     10      8     11      7     10
      7      9      8      9      8
      9     11      9     10      7
     10      8      7     10     10
      9      8      7      8      8

      7      8      9      8      9
      8      9      8      9      7
      9     10      9     11      7
      8      7     10      9      9
      8      7     10      9      9

      8      7      9      9      7
      6      8      8      9      7
      8      9      9      9      7
      9      6      7      8      8
      5      7      6      7      7

      7      6     10      9      9
      8      7      7      7      7
      7      7      8      9      6
      8     10      7      9      8
      9      8      6      7      7

      7      8     10      9      7
      6      6      8      7      6
      6      9      7      9      6
      7      7      8      8      7
      7      7      6      6      6

      8      8      7      6      6
      6      7      6      7      5
      5      5      6      8      5
      9      6      7      9      7
      5      7      4      6      6

      6      5      6      6      7
      6      8      7      5      5
      6      5      7      6      5
      7      5      7      7      5
      6      6      4      6      6

      5      6      6      7      7
      7      8      6      7      7
      8      8      6      6      4
      5      7      7      9      8
      5      4      5      4      4

      3      4      7      4      4
      3      5      4      5      5
      5      5      4      6      4
      7      6      5      4      4
      3      3      5      4      4

      3      2      4      3      5
      4      3      2      7      5
      6      6      5      5      3
      5      3      4      4      6
      4      2      3      4      4

      2      1      4      3      2
      3      3      4      4      3
      2      3      4      5      2
      2      4      4      4      3
      4      2      2      1      1

      2      3      3      3      2
      3      0      1      3      1
      1      6      2      3      2
      1      1      3      3      4
      4      2      0      3      3

      3      1      1      2      2
      1      0      2      2      0
      0      2      1      1      1
      1      1      2      0      1
      0      0      0      1      1

      0      1      0      0      0
      2      0      0      2      0
      0      1      0      1      1
      0      1      0      1      2
      0      0      0      0      0

      0      0      0      0     -1
      0      0     -2      1      0
      0      0      0      0      0
     -1      0      1      0      0
     -1     -1      0     -1     -1

      0      0      2      1      1
      0     -1     -2     -1      0
      0      0      0      1      0
      0      0     -1      2      0
      0      0      0     -2     -2

      0      0      0      0      0
      2      0      0      0     -1
      0      1      2      1      0
      1      0      2      2      0
      0      0     -1      0      0

      0      0      0      0     -1
      1      0      0      0     -2
     -1      0      0      0      2
     -1     -1      0      0      0
      1      0     -1      0      0

      1      0      2      0     -2
      0      3      0      0      1
      2      1     -1      0      0
      1     -2      2      0      1
      0      0     -1      0      0

     -1      1      0      0      0
     -1      0     -2      0      0
      0      0      0      1      0
      0      0     -1      2      1
     -1     -2      0     -1     -1

      1      1      0     -2      0
      0      0     -1      0      1
      0      0      0      1      0
      0     -1      0     -1      0
      0     -1     -1      2      2

      0      0      0      0      0
      1      1      0      0      0
      1      3     -1      0      1
      1     -1      1      2      0
     -1      0      0      0      0

      1     -1     -1      0     -1
      0      0      0      0     -2
      1      0      1     -1      0
      1      0      1      0      0
      0      0      0      0      0

      2      0      0      1      0
      0      0      0     -2     -2
      1      0     -1      0      0
      0      0      0     -1     -1
      0      0      0      0      0

      0      0      0      1      0
      0      0      1      0      0
      0      0     -3      0      0
      0     -1      0     -1      1
     -1      0      0      1      1

      1      0      0      0      1
      0      0      0      0     -2
      1      1      0      0      0
      0     -2      0      0     -1
      0      1      0      0      0

      1      1      0      1      0
      0     -1      0      0      0
      0      0      0      0      0
      0      0      0      0      0
      0      0      0     -1     -1

      1     -1      0      0      0
     -1     -2     -1     -1     -1
      0      0      0      0      0
      1      0      0      1      0
      0      1      1      0      0

      1      0      0      1      0
      0      0      0      0     -1
      1     -1     -1     -1      0
      1     -1      0      0      1
     -1      0      0      0      0

      0      0      0      0      0
      0      0      0      0      0
      2      0      0      0      0
     -1     -2      0      0     -1
      0      1      0      0      0

      0      0      0      0      0
     -1      0      0      0     -1
      0      0      0      0      0
      0      0     -1     -1     -1
      0      1      0      0      0

      0      2      0      1      0
      1      0      1      0      0
      1      0      1      0      0
      1     -1      0     -1      0
      0      0     -2      0      0

      3      1      1      0      1
      1      0      1      2      0
      0      0      1      1      0
      1      0      0      0      0
      1      2      0      3      3

      3      3      0      2      1
      1      2      3      3      1
      3      2      2      2      2
      3      1      1      1      2
      2      2      2      2      2

      2      3      4      1      4
      3      3      4      3      1
      3      2      4      3      2
      3      0      3      3      3
      2      3      2      3      3

      4      2      0      1      2
      1      1      2      1      0
      2      2      3      1      1
      4      2      0      0      1
      2      3      2      1      1

      1      1      1      0      1
      0      1      0      0      1
      2      0      0      1      0
      0      0      0      0      0
      1      1      0      0      0

      1      0      1      1      2
      1      0      1      2      0
      1      0      0      0      0
      1      0      1      0      0
      0      0      0      2      2

      4      4      2      4      3
      3      3      2      1      3
      3      2      3      2      2
      4      2      3      3      2
      3      3      4      3      3

      5      5      4      4      4
      3      4      4      4      5
      4      4      3      5      4
      5      3      4      3      3
      4      3      4      4      4

      5      2      2      4      5
      4      3      4      3      3
      4      3      4      3      3
      4      2      2      4      3
      4      4      3      4      4

      4      3      2      4      3
      2      2      3      2      3
      3      1      1      2      1
      4      2      4      4      2
      3      2      1      2      2

      3      2      3      3      3
      3      2      2      3      2
      3      2      3      2      1
      4      1      2      3      2
      2      4      2      2      2

      6      5      4      4      3
      4      4      5      4      4
      5      4      3      3      3
      4      2      3      3      4
      3      3      3      4      4

      6      4      4      4      5
      3      3      3      4      3
      5      4      4      4      4
      4      2      3      3      2
      4      5      4      4      4

      5      5      5      4      4
      3      3      4      5      3
      5      4      4      3      4
      5      2      5      3      3
      3      6      3      4      4

      6      3      3      3      4
      3      4      4      5      3
      6      3      5      3      3
      4      2      3      4      4
      3      4      3      3      3

      6      3      3      3      4
      4      4      3      5      3
      5      4      3      2      3
      4      3      3      5      3
      3      3      3      5      5

      5      4      4      3      4
      3      2      4      5      2
      6      5      4      3      3
      4      2      3      2      2
      3      4      3      5      5

      5      4      4      4      4
      2      4      4      4      3
      5      3      2      3      3
      4      4      3      3      5
      4      6      4      4      4

      4      5      5      3      4
      4      3      4      4      4
      6      3      3      2      3
      3      2      2      3      3
      3      4      2      4      4

      4      3      3      4      4
      2      3      4      4      3
      4      2      3      3      3
      3      4      3      3      3
      3      3      2      4      4

      5      4      5      4      3
      2      2      3      5      5
      4      3      2      3      4
      4      2      3      2      2
      3      2      2      3      3

      4      0      3      3      5
      4      4      3      5      2
      4      4      4      3      1
      4      2      5      2      1
      2      3      2      3      3

      4      3      2      2      3
      3      2      1      5      2
      4      3      2      3      2
      4      1      1      4      2
      2      3      2      4      4

      5      4      3      3      4
      3      4      3      3      1
      3      2      3      3      2
      3      2      3      3      2
      5      4      4      2      2

      4      3      4      4      4
      1      5      3      4      2
      4      2      3      2      4
      3      1      2      2      2
      3      3      4      1      1

      4      3      3      2      3
      4      3      3      4      4
      2      1      2      1      2
      2      1      5      1      2
      3      4      4      2      2

      4      3      4      3      3
      3      3      3      3      1
      5      2      3      3      4
      5      2      5      2      2
      3      3      2      2      2

      3      3      3      3      1
      3      1      3      2      1
      2      3      2      2      2
      2      1      3      2      4
      1      1      4      2      2

      4      3      2      3      4
      2      4      2      4      0
      3      3      2      1      2
      4      1      1      1      4
      1      4      4      3      3

      4      3      2      4      4
      2      3      3      3      2
      2      2      4      2      3
      3      2      3      3      1
      1      3      2      4      4

      5      1      2      4      2
      3      0      2      4      1
      3      1      3      2      2
      5      1      1      1      1
      2      3      2      2      2

      5      3      2      2      2
      3      2      2      3      2
      3      3      4      3      0
      4      3      3      1      1
      1      3      2      3      3

      3      3      3      2      2
      1      2      4      1      0
      3      1      1      2      2
      4      2      2      0      1
      3      2      2      3      3

      5      1      1      3      1
      2      1      2      1      0
      1      3      3      3      1
      2      1      0      0      2
      1      0      0      4      4

      5      1      1      2      2
      2      2      2      2      1
      2      2      2      1      0
      2      1      3      0      1
      1      2      1      2      2

      1      1      1      2      2
      1      0      2      2      0
      2      2      2      3      1
      2      1      2      2      4
      0      1      1      2      2

      2      0      1      3      2
      3      2      0      2      1
      3      1      4      1      2
      3      0      1      1      1
      3      1      0      2      2

      4      1      1      2      2
      1      0      1      1      0
      2      2      0      1      1
      2      2      0      0      1
      2      1      0      2      2

      3      1      1      0      1
      4      2      2      4      0
      2      0      0      1      0
      1     -4      0      1      2
      0      1      1      1      1

      3      0      1      1      0
      0      0      2      2      1
      4      1      1      1      1
      1     -1      1      0      0
      1      0      0      2      2

      5      1      1      2     -1
      1      2      2      1      1
      2      0      3      1      2
      4      0      0      0      1
     -1      0      0      1      1

      2      0      1      0      1
      0      1      1      0     -1
      0      1      0      0      0
      1     -1      0      0      0
      0      2      0      0      0

      1      1      2      1      0
      0     -1      1      0      0
      0      0      1      1      3
      0      0      0      0      0
      0      1      1      0      0

      2      2      1      0      0
      0      0      2      0      0
      0      2      1      1     -1
      0      0      1      0      0
      0      2      0      2      2

      1     -1      2      1      2
      1      0     -1      3      0
      2      1     -1     -1      0
      2     -1      2     -1      0
      0      2      0      3      3

      1     -1     -1      0      0
      0      0      0      1      0
      1      0      0      0      0
      2      1      0      1      0
      0      0      0      0      0

      2      0      0      1      0
      0      0      4      0      0
      1      2      0      1      0
      0      0      0      0      0
      0      2      2      0      0

      2      2      0      2      0
     -2     -2      0     -1      0
     -1     -1      0      0      2
      0     -1     -3      3     -1
     -1      2     -2      0      0

      2      0      0     -1      0
      0      0      0     -1      0
     -1      0      0      1      0
      1     -1      1      1     -1
     -1      1     -1      0      0

      2      0      0     -1      0
      1     -3      1     -1     -1
     -1     -1      2      0     -1
      1      0      0      0      0
      1      2      0      0      0

      2     -1      0      0      1
      1     -3      0      0      0
     -2      0      0      0     -1
      1     -1      0      2     -3
      0      0     -1      1      1

      1      1     -2      0      0
      1     -2     -1      0      0
      1      0      0     -2     -1
      0     -2      2     -1     -1
     -3      0      0      1      1

      4     -1      0     -1      2
      2     -3     -2      2     -2
      2     -2      0      0     -1
     -1     -4      0      0     -2
      0      1     -1     -1     -1

      0     -1      0      2     -1
      0     -2      0      1     -1
      1      0     -1      0      0
      1     -1      0     -5     -2
      0      1      0      0      0

