;
; ENVI ASCII Output of file: E:\Imaging\ROI_AVIRIS\5_1_20.img [Fri Nov 17 11:58:20 2017]
; File Dimensions: 5 samples x 5 lines x 224 bands
; Line Format    : (5i7)
;
    567    550    554    560    552
    570    554    540    550    552
    561    542    544    550    552
    537    567    544    548    552
    552    549    560    561    545

    664    666    665    657    639
    657    630    650    661    647
    675    656    655    661    651
    683    661    646    654    651
    629    646    670    654    653

    706    694    704    707    693
    701    697    686    693    698
    700    695    695    693    698
    686    702    686    692    698
    700    699    693    704    707

    895    880    894    890    864
    872    889    866    887    888
    895    878    881    887    891
    880    896    880    896    891
    884    880    881    879    876

   1297   1289   1292   1283   1287
   1288   1300   1278   1287   1287
   1287   1285   1283   1287   1299
   1287   1289   1288   1319   1299
   1278   1273   1273   1281   1293

   1352   1356   1371   1352   1336
   1359   1348   1349   1347   1352
   1349   1350   1358   1347   1369
   1339   1359   1360   1379   1369
   1320   1338   1337   1348   1353

   1268   1271   1281   1278   1261
   1276   1276   1283   1273   1262
   1272   1273   1280   1273   1282
   1250   1271   1280   1288   1282
   1242   1244   1249   1272   1264

   1175   1173   1180   1172   1170
   1168   1161   1170   1172   1164
   1166   1171   1170   1172   1181
   1163   1166   1168   1181   1181
   1144   1152   1148   1163   1159

   1263   1259   1285   1256   1250
   1257   1259   1256   1260   1255
   1253   1261   1267   1260   1270
   1237   1244   1257   1270   1270
   1226   1226   1229   1243   1254

   1274   1287   1282   1275   1271
   1271   1270   1274   1278   1273
   1266   1269   1281   1278   1289
   1255   1259   1278   1299   1289
   1238   1242   1247   1257   1272

   1231   1234   1240   1239   1230
   1230   1233   1239   1228   1227
   1214   1227   1232   1228   1249
   1212   1221   1229   1246   1249
   1185   1198   1199   1216   1217

   1149   1155   1162   1164   1151
   1148   1159   1158   1159   1150
   1145   1149   1147   1159   1165
   1134   1136   1151   1171   1165
   1110   1110   1129   1142   1137

   1083   1080   1086   1091   1095
   1076   1086   1091   1088   1080
   1076   1080   1080   1088   1097
   1056   1069   1079   1089   1097
   1051   1046   1057   1061   1077

    974    978    981    976    978
    972    980    978    981    980
    969    968    975    981    984
    949    963    968    984    984
    931    935    952    957    955

    881    882    887    882    887
    876    880    875    873    872
    877    874    888    873    886
    857    872    878    886    886
    844    849    853    867    869

    776    780    785    784    779
    768    779    785    781    773
    766    768    778    781    792
    751    767    773    777    792
    739    747    751    755    767

    684    680    691    688    684
    680    688    689    683    684
    676    676    685    683    691
    665    669    679    688    691
    652    655    659    671    679

    645    643    653    649    647
    645    649    654    651    647
    638    641    651    651    655
    631    636    644    655    655
    617    619    625    632    641

    606    605    613    609    610
    609    610    618    618    609
    599    604    615    618    617
    596    601    608    621    617
    582    582    590    592    601

    569    562    571    565    571
    559    571    572    571    563
    559    563    572    571    571
    552    555    559    573    571
    539    543    549    551    562

    519    515    527    520    518
    515    518    523    515    525
    511    514    522    515    525
    506    508    515    524    525
    493    493    502    506    509

    475    470    478    473    471
    472    476    474    479    473
    461    470    477    479    480
    459    462    473    476    480
    450    454    454    464    464

    437    434    439    443    437
    437    439    445    441    444
    434    439    440    441    444
    427    430    434    447    444
    413    420    427    428    435

    389    388    392    384    388
    384    390    391    392    390
    382    386    389    392    393
    376    381    388    390    393
    368    370    373    380    381

    364    361    364    360    365
    356    366    364    363    363
    357    356    360    363    367
    347    353    356    364    367
    338    346    349    351    352

    347    347    348    348    349
    347    351    350    349    347
    342    344    351    349    351
    336    341    343    352    351
    327    333    331    339    345

    324    325    327    321    322
    324    323    324    324    321
    317    317    322    324    328
    313    319    322    325    328
    304    303    311    314    318

    299    294    298    294    297
    298    298    301    298    300
    293    294    301    298    298
    290    291    293    301    298
    281    281    286    294    294

    282    283    287    283    284
    284    285    289    286    284
    278    282    288    286    285
    277    281    282    290    285
    272    272    277    275    280

    265    257    262    260    260
    263    262    263    267    264
    259    261    267    267    265
    256    260    263    264    265
    248    249    255    256    257

    249    247    247    245    245
    247    250    247    249    246
    247    244    248    249    247
    241    243    243    252    247
    236    235    239    243    247

    242    240    238    242    242
    240    248    249    245    242
    237    240    244    245    241
    236    241    243    248    241
    232    233    235    236    240

    241    241    238    240    238
    233    246    244    246    238
    237    239    246    246    235
    241    239    246    248    235
    230    233    231    235    237

    242    240    237    244    241
    240    248    250    245    243
    237    240    243    245    241
    235    242    243    248    241
    233    234    235    238    240

    222    224    221    231    224
    219    230    227    232    222
    223    222    228    232    220
    219    227    227    232    220
    212    217    217    225    223

    199    199    194    204    195
    189    202    204    202    200
    195    199    199    202    195
    196    198    200    206    195
    189    192    190    197    195

    169    170    173    181    172
    171    176    179    180    178
    170    174    174    180    175
    170    177    177    178    175
    166    170    175    176    172

    163    166    164    175    163
    163    170    174    170    175
    166    167    164    170    166
    162    168    166    175    166
    159    160    162    171    164

    152    151    149    163    149
    148    153    160    154    158
    151    151    148    154    153
    148    157    154    156    153
    145    150    148    156    147

    116    117    115    127    114
    115    121    125    118    123
    116    118    115    118    116
    113    119    120    121    116
    115    116    115    122    117

    125    124    122    133    123
    120    128    128    127    133
    126    125    124    127    125
    121    132    125    128    125
    119    122    123    131    122

    134    135    132    149    131
    132    139    142    138    144
    136    135    136    138    135
    127    142    138    143    135
    132    136    134    143    135

    134    135    132    151    132
    131    139    143    140    147
    138    138    135    140    133
    130    143    135    145    133
    132    134    133    145    132

     81     80     79     89     78
     78     84     87     82     87
     83     82     81     82     81
     78     88     81     85     81
     79     81     82     87     79

    106    105    105    116    101
    102    110    115    107    116
    106    109    104    107    105
    100    111    103    112    105
    101    106    105    115    103

    109    113    108    124    106
    106    115    119    114    121
    112    113    110    114    111
    105    114    110    116    111
    107    112    109    120    107

    102    101    100    114     98
     98    104    108    102    110
    103    104     99    102    102
     97    109    101    109    102
    101     99    102    115    101

     92     94     91    106     92
     89     97    102     98    105
     94     96     91     98     93
     89    102     94    101     93
     93     96     92    104     92

     86     84     83    100     82
     83     87     95     88     98
     87     87     83     88     86
     81     94     88     92     86
     83     88     86     96     83

     70     70     66     79     67
     65     72     75     69     77
     69     70     68     69     68
     65     74     70     74     68
     67     69     68     77     67

     68     71     68     80     67
     66     72     77     71     75
     71     70     67     71     69
     64     74     71     75     69
     70     72     71     79     66

     73     73     69     86     71
     71     76     80     75     80
     72     75     70     75     71
     66     81     71     78     71
     70     73     71     80     69

     77     77     74     91     73
     73     80     85     78     87
     78     78     75     78     77
     72     85     78     81     77
     76     80     77     89     75

     73     72     72     86     69
     67     76     80     73     83
     75     72     69     73     73
     66     81     72     78     73
     72     75     71     83     68

     70     70     71     85     67
     68     73     82     71     84
     73     71     68     71     69
     65     77     70     75     69
     68     73     70     81     66

     64     66     62     81     64
     62     67     74     66     77
     67     65     63     66     65
     59     74     66     73     65
     67     66     66     78     64

     63     63     59     78     59
     60     63     70     63     73
     63     66     59     63     62
     58     71     64     69     62
     63     65     64     76     60

     48     49     47     61     47
     45     51     55     50     57
     50     50     47     50     49
     47     55     48     52     49
     51     54     49     58     46

     43     43     39     50     39
     40     43     48     43     49
     44     46     39     43     42
     38     49     41     46     42
     44     44     42     52     41

     38     38     35     48     35
     36     40     45     38     44
     40     40     37     38     40
     36     42     38     42     40
     39     40     39     49     36

     34     36     32     43     31
     33     35     39     35     39
     35     36     31     35     34
     29     41     34     36     34
     35     34     37     41     32

     22     22     22     29     22
     20     21     25     21     23
     24     25     24     21     24
     22     26     24     23     24
     24     29     23     28     20

     17     15     15     18     13
     14     17     17     15     20
     18     17     14     15     16
     15     19     17     18     16
     19     18     17     20     15

     16     18     16     23     15
     16     20     19     16     20
     18     18     16     16     17
     16     20     17     19     17
     17     20     19     23     16

     27     28     26     36     26
     27     30     32     28     34
     29     30     26     28     28
     25     32     27     32     28
     28     30     30     38     26

     32     32     30     39     29
     29     34     36     32     39
     34     34     29     32     31
     28     37     33     37     31
     32     33     34     43     30

     38     38     36     50     33
     35     38     43     37     46
     38     38     34     37     38
     33     45     38     43     38
     38     39     37     47     34

     41     38     37     53     38
     36     41     47     39     51
     40     42     37     39     40
     35     46     40     45     40
     40     41     41     51     36

     38     38     35     50     34
     34     40     46     37     46
     40     40     35     37     38
     33     46     40     43     38
     38     40     39     49     37

     38     37     35     49     34
     35     39     44     37     45
     39     38     34     37     38
     33     44     38     43     38
     38     39     39     49     35

     36     38     34     49     34
     34     40     43     37     46
     39     39     35     37     37
     31     45     37     43     37
     39     39     39     47     34

     34     32     32     46     30
     30     34     39     33     40
     34     35     30     33     35
     28     39     33     39     35
     35     36     35     42     30

     33     33     31     47     31
     30     36     38     33     41
     35     34     31     33     35
     29     40     34     38     35
     33     35     33     43     31

     31     32     29     44     28
     29     33     37     31     41
     32     33     28     31     30
     26     36     31     36     30
     30     34     32     39     29

     31     29     27     41     28
     28     33     34     31     40
     32     32     27     31     31
     25     37     30     35     31
     31     32     32     41     28

     27     27     25     38     25
     25     29     31     27     36
     30     28     24     27     28
     23     32     27     32     28
     28     30     28     37     25

     25     25     23     35     22
     23     27     30     24     33
     27     26     22     24     25
     21     30     25     30     25
     26     27     26     34     23

     24     22     21     32     19
     21     25     28     22     30
     24     25     20     22     22
     19     27     23     27     22
     24     25     23     32     20

     18     18     17     27     15
     16     19     22     19     23
     20     19     16     19     19
     15     23     18     20     19
     19     20     20     25     16

     11      9     10     15      9
     10     11     14     11     14
     11     13     10     11     11
      9     14     10     12     11
     12     12     12     16     10

      5      4      4      6      3
      4      5      6      4      6
      5      5      3      4      5
      3      5      5      4      5
      6      4      5      7      4

      4      4      3      7      2
      4      4      4      3      4
      4      5      3      3      5
      3      5      4      2      5
      5      5      4      5      3

      5      5      4      7      4
      4      5      7      4      6
      4      6      4      4      5
      4      7      4      5      5
      6      5      5      8      4

      5      4      4      8      3
      4      5      7      5      6
      5      6      4      5      5
      3      7      4      4      5
      6      5      5      7      4

      7      6      6     11      5
      7      8      9      7      9
      6      8      5      7      6
      6      9      6      7      6
      8      9      8     10      6

     11     11     11     15      9
      9     12     14     12     14
     13     14     10     12     12
      9     16     12     12     12
     13     13     13     17     11

     13     13     13     19     12
     13     15     17     14     19
     15     15     11     14     14
     11     18     13     16     14
     14     15     15     20     12

     13     12     12     20     10
     11     13     16     12     17
     12     13     10     12     12
     10     17     12     13     12
     14     14     13     19     11

     13     13     12     20     11
     12     14     16     14     19
     14     14     11     14     13
     10     18     13     14     13
     14     14     14     19     12

     12     11     10     16     10
     10     12     13     10     14
     11     13      9     10     11
      8     13     11     13     11
     12     13     12     16     10

     13     12     11     21     11
     12     14     16     12     17
     13     12     10     12     12
      8     16     12     13     12
     14     14     14     18     11

     13     12     13     20     11
     11     14     15     12     18
     14     14     11     12     13
     10     18     13     15     13
     14     15     14     19     12

     14     14     13     23     13
     12     16     18     13     19
     15     14     12     13     14
     12     17     13     16     14
     17     15     14     23     12

     14     14     13     23     11
     12     15     19     15     19
     14     16     12     15     13
     11     18     15     15     13
     15     14     17     21     12

     13     13     12     19     11
     11     13     15     13     19
     13     15     11     13     14
     11     18     14     14     14
     14     15     14     19     12

     11     12     11     19     10
     11     12     16     11     16
     11     14     10     11     12
     10     17     12     14     12
     13     15     12     19     11

     13     13     12     19     11
     11     13     15     13     19
     13     15     11     13     14
     11     18     14     14     14
     14     15     14     19     12

      8     14     11     13     11
     16     11     10     15     12
      9     10     10     15     13
     11     10     17     12     13
     12     16     15     11      8

     15     12     14     12     13
     15      9     14     12     15
     13     12      7     12     12
      9     11      9     15     12
     10     13     10     14     10

     12     15     12     12     11
     14      7     12     13     14
     10     10      8     13     12
     11     12     10      8     12
     13     13     10     14     12

     12     11     14     10     16
     13     11     16     12     11
     11      9     12     12     13
     12     13      9     11     13
     12     12      6     12     14

     10     10     11     12     10
     12     12     11     11     12
     12      6      7     11     11
      6     10      9      9     11
      9     12      9     10     12

      8      7      7      8     10
      9      7     10     11     11
      9      7     10     11      9
      6      6      8      6      9
     10      5      7     10      8

     31     21     23     28     -5
     -3     11     18     -5     -9
     11     16     15     -5     18
    -12     15     20     17     18
    -22    -18    -21    -10     -5

      2      5      4      5      3
      5      4      5      6      6
      4      5      5      6      4
      4      4      4      3      4
      3      6      3      5      4

      4      4      1      3      2
      1      3      2      3      3
      2      1      2      3      3
      1      2      2      2      3
      2      5      2      0      3

     -1     -2      2      1      0
      1      1      2      2      2
      0      0      0      2      1
     -1      1      3      0      1
      0      0      0      2      1

      0      0      1      0      0
      0      0      0      0      0
     -1      0      0      0      1
     -1     -1      0      0      1
      0      0      0      0      0

     -1      0      0      0      0
      2      1     -1     -1      0
      0      0     -1     -1      0
     -3      0     -2     -1      0
     -1      1     -1      0     -2

      1      0      0      2      0
      0      1      1      1      0
      0     -1      0      1      0
      0      0      0      0      0
      1      2      0      0      0

     -2      1     -4     -3     -5
      1      3     -2      5      1
     -2     -5     -3      5     -4
     -6     -6     -4     -7     -4
      2      5      0      6      0

     -1      0      2      0      2
      2      0      0      3      0
      0      0     -1      3     -1
     -1     -1     -1     -1     -1
      0      1      0      1      0

      1      1      1      1      1
      0      3      0      3      3
      1      0      1      3      2
      0      0      0     -1      2
      0      2      1      1      0

      3      2      0      1      1
      1     -1      0      3      1
      0      0      0      3      0
      0      0      3      1      0
      1      3     -2      2     -1

      2      2      0      0      1
      1      0     -1      2      2
      2      0      1      2      0
      0      0      0      2      0
      2      2      0      1      0

      0      5      3      5      4
      1      4     -1      5      3
      0      0     -1      5      0
      0      1      1     -1      0
      1      2     -3      0      0

      2      3      3      2      0
      2      3      5      5      4
      5      0      1      5      2
      2      0      1      0      2
      3      4      2      5      1

      1      3      4      3      3
      5      3      1      5      4
      4      2      2      5      2
      2      2      5      3      2
      5      2      3      5      2

      3      3      4      3      4
      3      3      3      4      3
      2      2      3      4      3
      2      0      3      0      3
      6      2      1      3      0

      2      7      4      3      3
      5      0      2      6      3
      3      2      2      6      3
      4      4      3      2      3
      3      4      0      3      2

      6      8      8      5      5
      5      5      5      9      8
      6      6      5      9      7
      5      3      8      5      7
      3     10      3      7      6

      7      7      9      9      9
     10      9     10     10     10
      8      8      5     10      5
      7      8      8      4      5
      8      8      5      8      9

      7     10     11     10      9
     10     11     11     12     14
      9      8     10     12      8
      9      9     10     10      8
     11     12      8     11      9

      8     12     10     10      8
     10     10      9     12     11
      9     11     12     12     11
     11      9     11     10     11
     11     12     10     12      9

     12     14     12     11     10
     12     10     11     11     12
     11     10      9     11     12
      8     10     10      8     12
     12     12     11     11     10

      5     12     15     14     13
     17     12     10     13     10
      9      8     12     13     11
     13     10     10     11     11
     19     15     10     12     13

     11     13     14     13     12
     11     12     11     13     15
     11     11     12     13     11
     12     10      8     11     11
     12     13      9     12     12

     12     12      9     10     11
     13     13     12     13     10
      9      9     10     13      9
      9      9      9      9      9
     11     12     10     11     12

      9     10      9      9      9
     11      8      6      9     12
     10      9      8      9     11
      8     10     10      7     11
      9     11      8      9     10

     10     12     10     11      9
     11     12      8     11     10
      9      9      8     11     10
      8      8      7      8     10
     10     10      8     10     10

      8     12     10     10      9
      9     10      9     13     10
      9      9     10     13     10
      7      8      9      8     10
     11     12      6      9      8

      9     10     11      9      9
     11     10      7     10     10
      7      8      8     10      9
      7      8      9      7      9
     10      8      7     10      9

      7     10      9      9      9
      6      8     10     11      9
      9      7      7     11      8
      7     10      7      7      8
      8      9      8     10      7

      8     10      9      7     10
      9     10      9     12     11
      8      9      8     12     10
      7      8      9      8     10
      9     10      7      9      7

      8      9      8      9      8
      7      8      8      9     11
     11      7      7      9      7
      8      7     10      9      7
      8      8      9     10      9

      7      9      8      7      7
      7      8      5     10      9
      8      7      7     10      9
      8      5      8      7      9
      7      9      5      8      8

      7      9      8      7      7
      7      8      9      6      7
      8      8      8      6      9
      8      7      6      7      9
      7      7      5      6      7

      7      9      8      7      7
      9      9      7      8      8
      5      7      6      8      8
      7      8      7      4      8
      7      8      6      6      6

      7      8      8      8      8
      5      7      7      8      8
      9      7      6      8      7
      7      6      5      6      7
     10      7      7      8      7

      7      7      8      7      7
      6      7      6      9      7
      7      6      6      9      7
      7      6      6      6      7
      7      8      7      6      6

      6      7      8      5      5
      8      5      7      7      8
      6      5      6      7      8
      5      7      5      6      8
      7      8      6      8      6

      6      7      7      8      6
      7      5      5      6      8
      6      5      7      6      7
      6      8      5      6      7
      6      7      7      7      7

      6      6      9      7      5
      7      5      6      8      6
      4      4      5      8      6
      6      4      4      6      6
      4      6      4      7      6

      7      6      7      6      4
      5      6      6      8      8
      3      6      5      8      6
      6      5      6      7      6
      4      6      4      4      4

      6      5      5      5      4
      6      6      5      7      6
      4      3      3      7      5
      3      4      5      2      5
      5      6      6      6      5

      7      7      5      6      5
      7      6      7      8      9
      5      5      6      8      7
      4      6      6      5      7
      5      6      3      5      5

      5      3      4      5      4
      6      6      5      7      6
      3      3      3      7      4
      4      4      4      3      4
      3      5      4      4      5

      5      4      4      5      3
      3      4      2      4      6
      3      3      4      4      4
      4      3      4      3      4
      3      6      1      4      4

      4      5      3      3      1
      3      3      4      5      4
      2      2      3      5      4
      2      2      3      1      4
      3      3      2      2      4

      2      2      1      2      2
      2      3      3      3      4
      1      1      1      3      3
      2      1      1      1      3
      3      3      2      1      1

      1      1      1      4      2
      3      3      1      1      2
      0      0      1      1      3
      0      0      0      2      3
      2      2      1      1      1

      1      2      2      0      0
      2      1      0      1      1
      1     -1      0      1     -1
      0      0      0      0     -1
      2      2     -2      0      0

      0      0      0      1      0
      2      2     -1      0      1
      0     -1      0      0      0
      0      0      0     -1      0
      0      0      0      0      0

      0      0      2      0      0
      1      1      0      2      0
      1      0      0      2      0
     -1      0     -1     -1      0
      1      0      0     -1      1

      0      0      0      0      3
      0      1      0      2      0
      0      0      0      2      0
      0      0      0      0      0
      1      1     -2      0     -1

      0      0      0      0     -2
      2      0      0      0      0
      0      0     -2      0     -3
      0      0      0     -3     -3
      0      0     -3      1     -1

      2      0      0      0     -1
      1      0     -1     -1     -1
      0      0      0     -1     -1
      0     -1      0      0     -1
      2      0     -2      1      0

     -1      1      0      2      0
      0      0      1      0      2
      0      0      0      0     -2
      0      0     -1      0     -2
      1      0      0      0      0

      2     -1      3     -1      1
      0      0      0      1      0
      2      0      0      1      0
     -2     -1      0     -3      0
      2      0     -1      2      2

      0      1      0      0     -2
      1      0     -1      2      0
      0     -1      0      2     -1
      0      0     -1      0     -1
      2      0     -1      0      1

      0      0      1      0      0
      2      0      1     -1      1
      0      0     -2     -1      0
      0      1     -1      0      0
      0      0      0      0     -1

      0     -1      0     -1      0
      2      0      1      0      1
      0      0      0      0      0
      0      0      1      0      0
      0     -1      0      0     -1

      0      0      0      0      2
      0     -1      0      0      2
      0      0     -1      0     -1
      0      0      0      0     -1
      0      0      1      0     -1

      0      0      0      0      0
      0      0     -2      0      1
     -1      0     -1      0      0
      0      1      0      0      0
      0      0      0      0      0

      0     -1      0      0      0
      0      0     -1      0      0
      0      0     -2      0      0
      0      1      0      1      0
      0      0     -1      0      0

      0      0      0     -1      2
     -1      2      0     -1      1
      1     -1      0     -1      0
      0      0      1      0      0
      1      1      0      0      0

      0      0      0      0      0
      0      0      0      0      0
     -2      0      0      0      1
     -1      1      0      0      1
      0      1      0      0      0

      0     -1      0      0      1
      0      0     -1      0      0
      0      0      0      0      0
      0      0      1      0      0
      0      0      0      0      0

      0      1      0      0      2
      0      0      0      0      1
      0     -1      0      0      0
      0      0      0      0      0
      0      0      0      0      0

      0      0      0     -1      2
      0      2      0      0      2
      0     -1      0      0      0
      0      2      0      1      0
      1      0      1      0      0

      1      0      1      1      3
      0      0      1      1      2
      0      2      0      1      0
      1      3      0      0      0
      1      3      0      0      1

      2      0      0      1      3
      2      0      1      0      1
      1      3      1      0      0
      2      3      2      2      0
      2      2      1      2      2

      2      2      2      2      3
      2      1      1      0      4
      2      2      1      0      2
      4      3      4      2      2
      4      2      1      3      2

      2      0      2      0      1
      2      1      1      0      2
      1      1      0      0      1
      2      2      2      1      1
      1      0      1      0      0

      0      1      0      0      0
      0      0      0      0      1
      1      0      0      0      0
      0      1      1     -1      0
      1      2      0      0      1

      1      0      0      1      1
      0      2      0      0      2
      1      1      0      0      0
      2      2      1      0      0
      1      2      0      1      1

      2      3      1      2      2
      3      3      2      3      2
      3      0      2      3      3
      2      4      4      2      3
      2      3      2      3      3

      3      2      2      3      3
      5      2      3      4      3
      2      2      3      4      3
      4      6      4      3      3
      3      4      3      2      2

      3      1      1      2      3
      3      3      1      3      3
      2      3      2      3      3
      3      5      3      2      3
      5      3      4      3      2

      3      3      3      0      2
      2      2      2      2      3
      3      3      1      2      1
      3      2      2      1      1
      2      1      2      3      2

      1      2      2      2      2
      2      2      2      3      2
      4      1      2      3      2
      1      3      3      1      2
      1      2      2      1      1

      3      3      3      2      2
      3      2      3      3      2
      4      4      2      3      1
      3      4      5      3      1
      3      3      4      4      3

      3      3      3      4      4
      4      4      2      3      3
      3      3      3      3      4
      2      4      4      4      4
      4      4      2      2      2

      3      4      3      3      3
      3      3      3      4      5
      4      3      3      4      2
      2      3      4      4      2
      4      3      4      2      5

      3      3      3      2      3
      3      3      4      4      3
      2      3      3      4      3
      3      5      4      2      3
      2      4      3      3      4

      4      3      2      1      3
      4      2      2      2      5
      2      4      3      2      3
      2      4      2      4      3
      4      2      2      2      3

      4      3      3      2      4
      4      2      3      3      4
      1      3      3      3      4
      3      3      3      3      4
      3      4      4      3      3

      2      2      2      3      4
      3      2      3      2      4
      2      3      3      2      4
      2      3      3      2      4
      5      4      3      3      4

      4      4      2      2      3
      3      1      3      2      4
      4      4      2      2      2
      3      4      4      3      2
      3      3      4      4      4

      2      4      2      3      3
      3      3      1      4      3
      3      1      1      4      2
      3      4      3      2      2
      4      2      3      2      2

      2      1      2      3      2
      2      1      0      3      4
      2      2      2      3      3
      2      1      2      3      3
      4      4      3      1      2

      4      2      2      1      3
      2      2      3      2      5
      3      3      3      2      2
      2      2      3      2      2
      4      4      2      1      3

      3      2      2      3      3
      3      1      2      1      2
      2      2      2      1      3
      3      2      3      2      3
      3      4      2      1      2

      3      1      2      5      1
      3      2      0      0      3
      3      1      2      0      3
      2      2      6      2      3
      2      2      2      2      3

      3      2      0      2      2
      1      0      2      2      4
      3      3      1      2      3
      3      3      3      2      3
      2      3      2      4      2

      3      2      3      2      3
      3      3      2      2      2
      2      3      2      2      3
      5      3      1      4      3
      3      3      3      3      3

      2      2      0      2      4
      1      2      1      2      5
      2      2      1      2      2
      1      2      1      2      2
      1      4      1      1      1

      2      2      2      1      3
      2      4      1      2      2
      2      2      3      2      2
      1      2      1      2      2
      2      3      1      4      1

      2      3      2      2      3
      3      3      1      2      2
      4      1      3      2      3
      3      2      1      3      3
      3      2      1      2      1

      2      1      1      0      2
      3      3      2      2      3
      1      2      1      2      1
      2      2      1      2      1
      3      2      0      4      1

      1      0      1      1      4
      2      2      1      3      1
      0      2      0      3      4
      3      2      3      3      4
      2      3      1      0      1

      3      2      3      3      2
      1      1      0      3      2
      3      3      2      3      3
      2      1      2      2      3
      1      2      0      1      1

      1      2      2      1      2
      0      4      0      1      3
      0      1      1      1      1
      2      2      1      2      1
      2      3      1      2      1

      0      3      1      0      3
      1      3      0      0      2
      2      1      2      0      1
      2      2      4      1      1
      1      1      2      1      2

      1      0      1      0      2
      2      3      1      2      3
      2      1      0      2      2
      2      2      0      3      2
      2      2      2      2      1

      2      2      2      1      1
      2      0      0      2      1
      1      2      2      2      0
      1      3      2      2      0
      1      4      2      0      1

      3      2      1      0      2
      2      1      1      3      2
      0      2     -1      3      5
      1      2      1      2      5
      0      1      1      3      2

      1      0      1      0      2
      0      1      1      1      2
      2      0      1      1      4
      2      2      3      1      4
      0      3      2      1      0

      1      0      0      2      2
      1      2     -1      2      4
      2      1      0      2      0
      0      4      1      2      0
      0      0      4      4      1

      2      0      0      2      2
      2     -1      1      1      4
      1      0      0      1      1
      1      1      1      0      1
      1      0      1      1      0

      1      0      2      0      2
      0      0     -1      1      1
      0      0      2      1      3
      1      3      2      2      3
      3      0     -1      1      2

      0      0      1      0      0
      1      1      0      0      2
     -1      1     -1      0      0
      0      0      0      1      0
      1      0      0      0      1

      0      0      1      0      0
      3      0     -1      2      1
      0      0      1      2      0
      0      0      1      1      0
      1      0     -1      0      1

      1      2      0      0      2
      1      4      1      1      0
      0      1      1      1      0
     -1      1      2      1      0
      0      0     -1      1      0

      0      0      1      2      2
      0     -1      1      0      4
      0      0      0      0      2
     -1      0      1      6      2
      5      0      0      0      2

      3      0     -1      0      0
      1     -2      1      1      0
     -1      0      1      1     -1
     -2      0      0      3     -1
      2      1      1      0     -1

      1      3      2      1      2
      0      0      1      0      0
     -1      0      1      0      1
      0      1      1      1      1
      3      1     -2      0      0

      0      0      0      0      0
      0     -1      0     -1      0
      0      3      0     -1      3
      0      1      2      0      3
      3      0      0      0     -1

      0      0      0      0      0
      0      1     -1     -1      0
      0     -1      0     -1      0
      2      1      0      2      0
      1      0      0      0      0

      2      0     -1      0     -1
      0     -1      3      0      0
      2      1      0      0      1
      2     -1      1      2      1
      0      1      0      1      0

     -1      0     -1     -1      1
      1      0      0      0      3
      0      0     -1      0      0
     -1      0      0     -1      0
      0      0      0      0      0

      2     -1      0      0      0
      1      0     -1     -1      0
      3     -1     -2     -1      0
      0      1     -1      0      0
     -2      0      0      0      0

      0      3      1      1      0
      0      0      0      0     -1
     -1     -1      2      0      0
      0      0      2     -1      0
     -2      1      0      0     -1

      2     -1     -1     -1      0
      0      1      1      2      2
     -1     -3     -2      2      0
      0      0      0      0      0
      0      0      0      2      1

