;
; ENVI ASCII Output of file: E:\Imaging\ROI_AVIRIS\5_1_4.img [Fri Nov 17 11:56:16 2017]
; File Dimensions: 5 samples x 5 lines x 224 bands
; Line Format    : (5i7)
;
    524    548    553    552    532
    549    529    554    565    546
    545    536    537    536    554
    534    564    525    524    534
    564    549    546    525    525

    627    622    659    633    653
    648    640    658    656    662
    650    633    662    662    639
    640    651    650    655    656
    640    654    648    653    632

    688    683    712    686    700
    686    668    704    713    712
    689    705    700    694    695
    667    705    679    703    693
    697    693    698    680    677

    855    857    887    873    876
    866    868    876    880    887
    897    871    874    874    877
    856    869    859    874    866
    877    886    892    871    863

   1244   1258   1274   1275   1288
   1272   1261   1280   1277   1284
   1293   1269   1288   1270   1281
   1253   1266   1269   1276   1265
   1280   1280   1295   1281   1269

   1283   1309   1312   1328   1322
   1317   1320   1328   1328   1347
   1343   1330   1341   1338   1325
   1323   1322   1325   1333   1315
   1343   1341   1326   1336   1322

   1211   1214   1241   1244   1250
   1237   1236   1247   1247   1254
   1255   1250   1250   1248   1234
   1241   1247   1258   1255   1240
   1240   1260   1259   1248   1227

   1114   1123   1147   1139   1145
   1136   1127   1141   1148   1147
   1155   1153   1157   1139   1137
   1142   1147   1160   1151   1134
   1155   1150   1160   1149   1138

   1202   1200   1219   1220   1240
   1222   1214   1233   1231   1234
   1245   1237   1242   1241   1234
   1240   1240   1245   1234   1216
   1238   1238   1243   1244   1230

   1209   1215   1232   1237   1250
   1230   1238   1248   1240   1252
   1262   1260   1257   1249   1248
   1250   1244   1261   1251   1236
   1266   1257   1267   1253   1235

   1173   1183   1188   1186   1211
   1186   1190   1206   1209   1201
   1216   1214   1218   1205   1198
   1213   1214   1220   1209   1192
   1213   1215   1219   1217   1186

   1087   1096   1112   1116   1125
   1101   1107   1123   1126   1130
   1140   1133   1137   1126   1119
   1127   1137   1141   1118   1113
   1138   1149   1147   1130   1110

   1024   1029   1040   1041   1053
   1036   1042   1048   1056   1050
   1069   1062   1064   1057   1038
   1067   1069   1068   1048   1049
   1073   1068   1069   1064   1045

    918    912    927    930    946
    933    927    937    948    941
    960    954    949    941    947
    954    959    956    942    929
    959    968    966    953    931

    817    826    833    838    845
    834    842    849    845    847
    866    855    856    849    839
    860    867    860    841    837
    860    864    870    853    839

    717    722    724    727    740
    726    727    744    743    745
    754    748    746    742    736
    759    752    751    746    739
    756    762    761    744    732

    627    629    633    645    650
    637    638    645    645    651
    659    653    648    646    643
    663    663    662    643    638
    662    664    663    655    633

    592    593    600    610    616
    604    604    608    611    617
    625    619    616    612    610
    627    629    625    610    602
    626    629    625    616    599

    556    555    566    573    582
    570    569    570    576    581
    590    583    583    576    576
    590    593    587    576    565
    589    593    586    575    564

    513    515    526    529    537
    520    524    530    531    536
    554    543    540    534    531
    549    550    538    530    522
    546    552    546    539    518

    463    469    479    485    485
    480    481    486    486    489
    497    490    491    487    482
    502    504    500    487    480
    502    501    496    486    475

    427    433    439    437    450
    440    441    444    443    450
    454    451    452    440    443
    459    462    451    445    439
    457    467    454    440    428

    393    397    401    412    410
    403    403    409    412    413
    422    421    416    409    407
    424    428    422    407    405
    420    426    419    410    398

    346    350    356    356    366
    356    361    366    360    368
    372    368    364    361    357
    372    378    370    364    355
    374    377    367    362    356

    321    320    335    334    337
    328    329    336    332    336
    345    338    336    335    329
    351    352    341    333    331
    346    351    343    335    328

    308    310    317    313    327
    320    313    319    322    324
    331    326    322    319    318
    330    334    329    320    321
    335    335    326    321    318

    284    286    295    297    298
    287    292    296    301    303
    312    300    302    299    294
    312    309    306    293    294
    306    310    304    295    289

    261    268    272    274    276
    266    275    275    275    274
    284    276    279    274    272
    285    286    278    272    273
    287    286    280    272    270

    249    253    260    257    263
    257    256    263    260    263
    270    270    264    265    261
    274    272    269    263    258
    277    275    268    263    255

    235    237    240    240    246
    237    237    240    243    247
    251    246    244    243    240
    251    255    246    239    241
    249    251    244    242    237

    218    224    229    227    232
    224    232    228    224    229
    233    232    233    227    225
    237    241    236    228    226
    241    239    233    230    224

    214    220    223    221    224
    216    221    222    224    225
    233    226    226    221    221
    236    234    229    223    221
    232    233    226    223    218

    213    218    220    219    225
    217    219    220    222    227
    235    226    224    218    218
    239    234    229    221    217
    236    231    224    217    215

    214    218    223    222    224
    216    222    222    224    225
    233    228    226    222    220
    237    234    229    223    221
    232    232    225    222    217

    196    200    206    204    212
    200    208    202    204    209
    218    216    208    207    205
    219    215    213    206    206
    214    214    209    202    204

    177    177    178    184    188
    180    181    177    179    182
    191    193    186    184    181
    195    195    190    182    181
    192    191    184    179    182

    155    155    158    159    164
    156    161    155    160    160
    168    171    164    163    160
    171    172    167    159    158
    171    164    160    157    157

    148    146    149    154    156
    150    155    150    154    155
    164    167    156    155    151
    165    164    162    152    154
    161    160    152    149    151

    138    132    136    141    144
    139    141    136    138    143
    147    150    146    144    137
    155    153    147    141    140
    152    143    138    134    137

    107    103    107    110    111
    107    111    107    108    113
    117    120    112    112    106
    121    119    112    108    112
    118    113    106    105    107

    112    110    112    117    120
    114    118    111    114    117
    123    127    119    124    115
    129    127    121    115    119
    124    119    115    110    113

    124    117    122    130    129
    123    126    123    123    126
    134    139    130    132    122
    141    140    130    124    127
    132    129    123    117    122

    125    115    124    133    128
    122    131    122    126    127
    131    140    128    133    122
    142    139    132    125    129
    137    128    125    120    121

     76     68     73     78     78
     74     78     75     75     75
     81     85     76     79     75
     87     86     78     76     77
     81     77     75     69     72

     98     89     96    103    102
     96    101     96     97     99
    103    110    102    104     96
    112    107    102     98     99
    104     99     94     93     92

    103     91    101    109    105
    101    108     97    101    103
    110    117    106    109    101
    115    116    108    105    107
    111    104    101     94     99

     94     83     89    101     97
     92     99     91     93     95
     98    108     96    100     90
    108    106     99     93     97
    104     96     92     87     90

     89     76     84     92     90
     84     92     85     87     88
     93     99     92     94     84
     98    100     91     88     90
     96     87     84     78     84

     82     71     80     89     83
     79     83     78     79     81
     85     94     82     88     80
     93     90     85     78     81
     88     81     76     73     77

     68     56     64     70     67
     64     69     61     63     64
     68     78     67     69     63
     75     73     66     63     67
     71     64     61     58     63

     68     58     66     69     67
     65     69     63     63     64
     69     78     67     72     64
     76     73     68     65     68
     72     65     63     58     61

     71     57     66     74     72
     68     72     65     68     68
     74     82     70     75     66
     80     80     71     68     72
     76     67     63     59     65

     75     62     69     80     78
     72     76     69     71     71
     78     86     74     81     70
     84     83     76     72     76
     77     75     67     65     68

     72     57     66     72     72
     69     73     65     66     68
     70     80     70     77     66
     81     78     73     69     69
     74     67     63     59     61

     68     55     64     74     71
     67     71     63     63     66
     72     82     69     75     64
     78     76     69     67     70
     72     65     62     59     62

     66     51     60     70     65
     62     66     57     61     63
     64     78     62     70     60
     74     71     65     62     67
     67     61     57     54     57

     61     47     59     65     64
     60     64     56     58     59
     63     71     61     66     55
     74     66     61     59     64
     64     60     53     50     54

     49     37     45     52     50
     48     51     43     46     47
     48     60     47     51     44
     56     54     49     48     51
     52     46     41     41     44

     44     31     41     46     43
     40     43     38     39     40
     41     51     41     48     38
     47     47     40     40     43
     45     39     37     34     39

     39     30     36     42     38
     38     41     35     36     36
     38     45     38     42     35
     42     42     38     35     39
     40     34     32     29     35

     35     27     31     36     36
     31     38     31     31     33
     34     40     33     39     31
     39     38     32     32     38
     38     32     29     25     31

     21     18     22     25     25
     22     23     23     22     21
     25     27     23     27     22
     24     23     20     22     22
     28     21     19     18     24

     17     12     17     18     18
     16     18     15     16     15
     15     18     16     18     15
     18     16     14     16     17
     17     13     14     12     14

     18     11     17     18     19
     18     18     16     17     16
     17     22     16     20     15
     19     19     17     16     18
     19     14     14     13     15

     29     21     27     31     30
     27     29     25     27     28
     28     34     26     32     26
     34     32     27     28     29
     30     25     23     21     25

     33     23     29     36     33
     32     35     29     30     30
     34     38     29     37     29
     37     37     31     31     34
     36     28     27     24     27

     38     26     35     42     39
     35     40     33     34     37
     37     45     36     45     33
     45     43     36     35     38
     40     34     30     27     31

     40     27     36     43     40
     38     41     34     36     39
     40     50     38     46     35
     46     44     38     37     40
     42     35     32     29     34

     38     25     34     43     39
     37     40     32     34     37
     38     47     36     45     34
     44     42     37     37     39
     40     34     30     28     32

     40     25     34     43     39
     35     40     34     34     36
     37     48     38     45     33
     46     45     36     37     40
     40     32     29     27     31

     39     24     34     43     39
     35     40     32     33     35
     37     47     35     44     33
     44     44     36     34     39
     40     33     29     27     31

     34     23     31     39     35
     33     36     29     32     33
     35     43     32     42     29
     41     40     33     32     35
     37     29     26     24     28

     36     22     32     38     34
     32     35     29     31     33
     34     43     33     39     30
     42     39     33     32     36
     36     30     26     24     27

     33     20     28     36     33
     30     33     26     27     29
     32     41     30     39     26
     37     37     31     30     35
     35     27     24     21     25

     33     19     28     36     31
     30     33     26     29     30
     33     43     29     37     26
     37     36     29     29     33
     33     26     23     22     26

     30     18     25     31     29
     27     30     24     25     26
     29     35     27     33     24
     34     32     26     28     31
     29     24     21     19     23

     27     16     23     30     27
     24     28     22     23     24
     26     33     25     31     23
     31     29     25     25     28
     28     22     20     17     21

     25     14     20     28     24
     22     26     20     21     22
     23     31     22     29     21
     29     27     23     23     25
     26     20     18     16     19

     21     11     16     21     19
     17     21     16     18     17
     18     25     18     23     15
     22     22     19     18     20
     20     14     14     12     15

     13      7     10     12     12
     11     13      9     10     11
     11     13     11     13     10
     12     13     10     11     12
     12      9      8      7      9

      7      3      5      5      4
      4      7      4      6      5
      4      6      4      5      5
      6      5      4      4      5
      4      3      3      3      5

      5      2      4      5      4
      5      3      4      4      3
      3      6      4      5      3
      4      4      3      3      5
      4      2      2      2      3

      6      2      5      5      5
      5      6      5      5      5
      4      6      5      6      4
      6      7      4      4      5
      6      4      4      3      4

      6      2      5      6      7
      4      6      5      5      3
      4      6      5      6      5
      5      7      4      5      6
      7      5      2      3      5

      8      4      7      8      8
      7      7      6      7      7
      8      8      7     10      6
      7      8      7      6      8
      8      6      5      5      7

     14      6     11     14     12
     12     13     10     11     10
     12     16     11     16     11
     15     13     11     12     12
     13      9      8      8      9

     15      8     13     17     16
     14     15     12     13     11
     15     19     14     18     13
     19     16     14     14     17
     17     12     10      9     12

     16      7     11     15     14
     14     14     11     12     11
     12     17     13     16     12
     16     15     12     12     15
     14     10      8      8     11

     16      7     11     17     13
     13     15     11     12     12
     14     18     12     16     12
     18     16     12     13     15
     15     11     10      9     10

     16      6     11     15     13
     11     13     10     10     11
     11     15     11     16     10
     14     14     11     11     13
     13      9      8      7      9

     14      6     11     16     13
     12     14     11     11     12
     13     18     13     17     11
     16     17     12     13     15
     15     11      9      8     11

     14      7     13     16     15
     14     14     11     12     12
     13     21     13     18     10
     18     16     13     12     15
     15     11      9      8     11

     17      7     13     18     16
     15     17     11     14     14
     15     22     15     21     13
     18     17     15     15     16
     17     12      9      9     13

     16      7     13     17     15
     14     18     13     13     13
     14     22     14     19     11
     18     17     15     15     17
     16     12      9      9     11

     16      6     12     17     15
     13     15     10     12     12
     13     20     14     18     12
     17     18     12     13     13
     16     10      8      8     11

     14      6     11     16     14
     12     15     10     11     12
     12     19     12     16     11
     15     16     12     12     14
     14     10      8      7      9

     16      6     12     17     15
     13     15     10     12     12
     13     20     14     18     12
     17     18     12     13     13
     16     10      8      8     11

     15      9     14     14     13
     14     13     12     10     12
     15     11     11      9     12
     12     13     17     12     12
      8     10     10     12      7

     13     14     14      6     13
     11     13     14     14     12
     12     15     12     12     14
     13     12     16     12     13
     11     10     11     11     13

     13      8     12     13     11
     11     14     13     13     11
     10     12     11     13     15
     12     13     13     11     10
     12     11      7     13     11

     12     10     13     12     12
     13     13     13     13     12
     14     14     10     12     11
     13     15     11     13     13
     13     13     12      9     10

      7      9     11      9     10
     10     11     11     11     10
      9     12     10      7      9
     11     10     12     12     13
      9     11      9      8      8

     11      9      8      7      9
      9     10     10      9      9
     11      8      8      9     12
      9      9      6      8      9
      8      8      9     11      7

      7     12     -7     -9     -5
      2    -11      9      1    -20
    -15    -11    -10     -8    -12
     31    -10     -6    -13    -20
     15     22     10     22     17

      6      2      4      4      0
      4      7      2      3      5
      6      5      4      3      7
      4      5      1      5      5
      5      2      4      4      4

      1      3      1      3      1
      3      2      4      3      3
      2      5      4      3      4
      4      0      3      1      3
      2      1      0      2      2

      0      0      0      0     -1
      1      2      0      0      0
      1      0      0      0      1
      0      1      2      0      2
      0      0      0      0      0

     -1      1      0      0      0
      0      0      1     -1     -2
      1      1      0     -3      0
      0      0      2      0      0
     -1      0      0      0     -1

      1     -2      0      0     -1
      0      0      0      0      1
      0      2      0      0     -1
     -1     -1      0     -1      0
      0      0     -1     -1     -3

      2      0      0     -1      0
      0      0      0      0      0
      1      2      0      0      1
      0      0      0      0      1
     -1     -1     -2      0      1

     -3      0      0     -5     -2
      0      4     -6      0     -4
     -6     -3     -4      0      1
      2     -2     -4     -2      1
     -2     -3     -2     -5     -2

      2      3      0     -1      2
     -1      3      0      0     -2
      2      1      2      0      1
     -1      0     -2      0      0
     -4      0      0     -2      1

      1     -1      3      0     -1
      2      0      1      0      0
      2      2      0     -4      1
      2      0      1      0      1
      0     -1      0      0      0

      1      0      2     -1     -1
      0      0      1      0      0
      2      1     -2      0      0
      0      1      0      0      3
     -3      0      0      0      0

      3      0      2     -2      0
      0      1      2      2      0
      0      2      0      0      0
      1      0      1      2      3
      0      0      0      3     -1

      3      0      2      3      0
      2      0      0      1      2
      2      3      0      1      3
      1      0      2      1      2
     -1     -1      0      1      1

      2      1      1      4      2
      1      1      4      1      1
      1      4      1     -2      2
      2      3      4      2      5
      0      1      2      0      2

      5      2      2      2      4
      3      4      3      6      3
      4      4      5      3      1
      5      3      3      2      6
      0      2      1      2      5

      2      0      0      1      1
      1      3      3      5      0
      3      1      1      0      4
      1      2      3      2      4
      1      2      1      0      2

      4      2      6      3      4
      4      3      4      3      3
      5      5      2      4      2
      3      4      5      3      5
      4      1      2      4      1

      7      6      7      5      7
      7      8      5      8      6
      6      7      5      6      8
      5      6      6      5      8
      6      7      5      6      5

      8      8     10      7      8
      9     11      8     10      6
     10     10      9      8      8
     10      8     11      8     10
      8     10      7      8      6

     12      9     11     10      9
     10     11     11     10     10
      9     13     11     10     10
     11     10     11      9     11
      8      9     11     10      9

     11     10     13     10     11
     10     10     10     11      8
     10     11     11     11     11
     10     10     13     10     14
     13     12     12     12      9

     11     10     14     10     11
     11     10     11     12     10
     11     11     10     12     12
     11     12     12     12     11
     11     11     11     10     11

      9      6     11     14     11
     13     11     12     14     11
     10     13     13      9     13
     15     18     13     15     13
     15     11      9     12     13

     12     13     12     12     12
     11     14     14     12     13
     12     11     12     12     12
     13     13     12     11     12
     10     12     12     11     12

     11     10     11     12     11
     12     12     13     12     12
     10     11     14     11     12
     12     13     13     10     13
     11     11     10     11      8

     11     10     11     11      9
     10     10     11     10      9
     11     11      8     10     10
      9     10     11      9     10
     10     10      9      9      8

     10     10     10     12     10
     10     10     10     12     10
     11      8     10      9     11
     10     12     10     10     11
      8      9      9     10     12

      9     11     10     10     10
      7      7     10     11     11
     13     11      9      9     10
     10     11     12     10     10
      9      9      9     12     10

     10     10     10      9      9
     10     12     10     11     10
     12     11      9      9      8
     10     10      9     10     10
     10      9      9     10      8

      9      8     10      7      8
      9      9      9     10     10
      9     12     10      8      7
      8     10      9     10     10
      7      9      9      9      8

     10      7     11     11      9
      9     11     12     10      9
      9     10      9     10     11
     10      9     11     10     11
      8      8      8      8     10

      9      8     10     10      8
      7      8     11     10     11
     11      9      9      8      8
      8     11      9      8     10
      8      8      6     11      9

      9      7     10      9      7
      7      9      8      7     10
     10      9      8      9      9
      8      9      8     11     10
      8      9      7      9      8

      7      5     10      7      9
      7      7      9      7      8
     10      6      9      7      7
      9      9      9      8     11
      8      8      6      7      6

      8      7      8      7      6
      7      8      9      9      8
      8      9      6      7      8
      8      9      7      8     10
      8      8      8      6      8

     10      7      7      8      8
      7     10      8      8      9
     10      9      7      8      8
      8      9      8      8      8
      5      8      7      8      7

      9      8      9      8      7
      8      8      7      9      8
      9      7      6      8      9
      8     10      8      9      9
      7      8      7      9      7

      8      7      6      8      6
      7      7      7      7      8
      6     10      6      5      7
      8      8     10      6      8
      8      7      6      8      7

      8      7      6      7      6
      4      9      7      7      8
      6      8      5      7      8
      9      8      7      6      7
      6      7      5      8      7

      7      6      6      6      6
      5      7      7      8      7
      8      9      6      6      7
      5      6      6      9      8
      6      7      6      4      4

      6      7      7      6      5
      4      6      8      7      4
      8      8      6      6      7
      5      7      7      6      7
      6      4      6      6      4

      7      4      6      4      6
      7      6      5      6      5
      8      7      6      4      6
      6      6      6      6      6
      5      4      5      5      7

      4      4      7      5      5
      6      6      6      5      6
      5      7      7      5      4
      5      6      4      4      5
      8      7      8      5      5

      2      4      5      5      3
      2      6      6      7      5
      6      5      2      3      5
      6      4      5      4      6
      4      3      3      4      5

      4      1      3      4      2
      3      4      3      4      4
      4      5      5      0      4
      6      3      5      2      3
      3      5      2      4      4

      2      2      3      4      4
      3      2      5      4      4
      6      1      3      3      4
      3      1      4      1      2
      3      2      5      4      3

      2      1      3      2      1
      2      4      3      1      1
      5      3      3      1      2
      2      2      4      3      2
      3      1      2      3      1

      2      0      2      1      0
      1      3      0      1      2
      2      0      2      2      0
      0      0      1      2      1
      0     -1      0      2      0

      2     -1      2      1     -1
      0      0      1      1      2
      1      0      0      0      0
     -1     -1      0      0      1
      1     -1      0      1      0

      1      0     -1      0     -1
      0      0      0      1      0
      0      0     -1     -2      1
     -1      0     -1     -1      1
      0      0     -1      0     -1

      1      0      0      0      0
      0      1      0      2      0
      1      0     -1     -2      0
     -2     -1      0     -2      0
     -1      0     -2      0     -2

      1      0      0      0      0
      0      0      1      1      0
      0      0     -1      0      0
      0      1      0      1      1
      0      0      0      0      0

      1      0      0      0      0
      1      0      2      0      0
      0      2      0     -1      0
      0      0      0      0      0
      0     -1     -2      0      0

      0      0      0      2      0
      0      0      1      0      0
      1      0      0      0      1
      0      0      2      0      0
      0      0     -2      0      0

      0     -1      0      0      0
      0      0      1      2      0
     -1      1     -1      1      2
     -1      1      0      0      0
      0      0      0      0      0

      0      0      1     -1     -1
     -1      1      1      0     -1
      1      1      0      0      0
     -1      0      0     -1      0
     -1      1     -4     -1      0

      2      0      0      0      0
      1      0      1      0      1
      0      2     -1     -1      0
      0      0     -1      2      1
     -2     -1      0      1     -2

     -1      0      0      0     -1
      2      0      0      2      0
     -1      2      0      0      0
      0      1     -1      0      0
      0     -1     -1      0      0

     -1      0     -1      0     -1
      1      0      0      1      0
      1      1      0      0     -1
     -1      0      0      0      0
      0     -1     -1      0      0

      0      1      0      0      0
      0      0      0      2      0
      0      0      0      0      0
      0      0      0      1      1
      0     -2      0      1     -1

      0      0      0      0     -1
      0      1      0      1     -1
     -1      0      0     -1     -1
     -1      2      0      0      0
      1      0      0      0      0

      0      1     -1      0      0
     -1      1      0      1      1
      1      0      0      0      0
      0      0      0      0      0
      0     -3      0      0      0

      0      1      0     -2     -1
      0      0      0      0     -1
      0      2      0      0      0
     -1      0      0      0      0
      0     -1      2      1      0

     -1      1      0     -1     -1
      0      0      0      2      0
      0      0      0      1      0
      0      0      0     -1      0
      0      0      0      0      0

      0      1     -1      0      0
      0      1      0      1      0
      0      2      0      0      0
     -1      0      0      0      0
      0     -1      0      0     -1

      0      0      0      0      0
      0      0      0      0      1
      0      1      0      0      0
     -2      2      0      1      0
      0     -1      1      0      0

      0      0      0      0      0
      1      0      0      3      1
      0      0      0      1      0
     -2      0      1      1      1
      1     -1      0      1      0

      1      2      0      0      0
      1      1      1      2      1
      0      4      0      1      1
      0      1      1      3      0
      0      0      1      1      0

      2      3      2      2      1
      3      4      2      6      2
      3      4      2      4      1
      1      3      1      2      1
      2      2      3      1      2

      3      5      2      2      2
      4      3      2      4      2
      2      6      2      4      4
      3      4      3      3      1
      3      2      2      1      4

      3      2      0      2      2
      3      2      2      4      2
      2      3      1      2      2
      1      1      2      3      1
      2      1      2      1      0

      0      2      0      0      0
      1      0      1      0      0
      0      2      1      1      0
      1      2      1      1      1
      0      0      1      1      1

      2      0      0      1      0
      2      1      0      1      1
      0      2      0      2      1
      0      3      1      2      0
      0      0      1      0      1

      3      3      2      3      3
      4      3      1      5      3
      3      3      3      3      2
      2      3      4      1      3
      4      3      4      2      4

      3      6      4      4      5
      4      4      3      4      2
      2      5      4      4      4
      1      5      5      6      4
      4      4      5      5      4

      4      5      3      2      2
      3      3      3      6      4
      3      5      2      4      4
      3      4      3      3      3
      5      4      4      3      3

      2      4      2      2      1
      3      3      2      4      3
      1      5      1      2      3
      2      4      3      2      3
      3      1      2      1      1

      2      4      1      2      3
      2      3      2      5      3
      3      4      3      2      2
      1      5      3      3      3
      2      1      3      3      2

      3      4      3      3      3
      3      3      3      3      4
      2      4      2      2      3
      3      3      4      4      3
      3      4      3      4      4

      4      5      3      4      4
      4      3      3      5      4
      4      5      4      4      3
      3      4      5      4      3
      4      3      3      5      3

      3      6      4      5      4
      5      6      5      5      4
      4      5      3      4      4
      3      4      4      5      4
      4      3      5      4      3

      4      4      3      3      4
      5      4      5      4      5
      4      6      3      5      2
      3      6      5      4      3
      4      3      4      3      4

      4      5      4      4      3
      3      6      4      4      4
      3      4      2      5      4
      2      5      5      3      3
      3      3      3      4      3

      4      4      5      4      3
      5      5      5      5      3
      4      4      3      5      3
      2      4      5      4      3
      4      4      5      3      2

      3      4      4      3      4
      5      4      5      5      3
      4      4      4      4      4
      4      3      3      4      4
      4      3      2      4      3

      2      5      4      3      3
      5      4      5      5      3
      4      4      3      3      2
      3      4      5      5      6
      3      5      3      2      4

      3      4      4      4      3
      2      4      3      3      3
      4      6      3      3      3
      3      3      4      4      3
      3      4      4      3      1

      3      4      3      3      4
      2      3      4      4      5
      5      3      2      3      2
      2      4      4      3      3
      4      4      2      4      3

      1      5      3      3      3
      3      3      2      4      4
      3      4      4      4      3
      1      5      3      4      3
      3      2      3      3      4

      2      4      2      3      2
      2      3      1      3      2
      5      3      3      4      4
      2      3      3      2      4
      3      2      2      4      1

      2      4      3      2      3
      4      2      3      4      4
      3      4      0      2      5
      2      3      4      5      3
      4      3      3      2      2

      3      6      2      3      3
      3      3      1      4      2
      3      5      3      5      3
      3      4      4      4      3
      3      3      4      3      2

      1      5      2      3      3
      1      3      2      6      3
      2      3      3      3      2
      4      5      5      4      2
      5      3      1      3      5

      1      5      2      2      2
      3      0      4      4      5
      2      4      3      3      3
      3      4      4      2      2
      3      4      3      2      2

      3      5      3      2      0
      3      4      3      3      4
      2      3      2      3      4
      2      3      3      3      3
      3      3      3      3      4

      3      4      3      0      2
      1      3      4      3      4
      3      4      3      4      2
      1      3      4      6      3
      3      2      3      3      4

      1      2      1      1      2
      2      4      2      2      2
      3      4      1      4      2
      3      4      5      3      2
      2      2      3      4      2

      0      5      2      2      3
      3      3      2      3      1
      2      5      3      3      3
      2      3      0      4      3
      2      2      2      3      3

      2      3      1      1      3
      4      4      2      4      1
      2      2      2      3      2
      5      4      3      2      1
      1      0      2      2      1

      1      2      3      1      1
      2      3      1      3      1
      1      4      1      1      2
      2      2      3      1      3
      3      1      2      2      2

      0      2      2      0      2
      1      3      2      3      1
      3      2      2      1      2
      2      1      2      1      1
      3      3      2      2      1

      2      4      0      1      2
      3      5      0      2      3
      1      4      0      4      0
      3      4      3      2      0
      1      2      3      3      1

      2      0      0      1      0
      3      3      2      3      2
      3      1      1      5      2
      1      3      3      1      1
      1      3      4      4      1

      0      3      2      1      1
      2      1      0      2      3
      1      3      1      0      1
      3      1      3      3      1
      1      1      0      2      1

      1      1      1      1      3
      3      4      2      1      2
      0      0      1      0      2
      1      3      0      1      0
      2      2      2      3      1

      0      2      0      0      2
      0      1      2      2      2
      0      2      1      2      3
      0      2      1      3      2
      0      1      1      0      0

      1      2      1      0      1
      1      2      0      2      0
      1      2      2      2      1
      3      2      2      3      3
      1      0      2      2      1

     -1      0      0      0      1
      2      1      4      4      1
      2      2      0      2      0
      1      1      2      1      1
      0      2      0      0      2

     -1      0      0      2      1
      1      0      1      0      0
      1      1      2      0      0
      0      1      3      1      1
      0      1      3      2      1

     -1      0      0      1      0
      0      0      0      2      0
      0      0      0      2     -1
      1      2      1      1      2
      0      2      2      1      2

      1      1      2      0      0
      1      0      0      1      1
      0      2      3     -1      0
      0      2      0     -1      0
      1      1      1      2      0

      1      2      0      2      0
      1      0      1      0      0
      0      1      3      0      1
     -2      0     -1      0      2
      2      2      0      2      2

      1      2      0      0      0
      0      1      0      1      0
      0      0      0      2      0
      0      1      0      0      0
      0      0     -2      2      1

      1      1      0      0      0
      1      0      1      1      0
      1     -1      1      0     -1
      1      2      1      2      2
      3      1      1     -1      1

      0      0      0      3     -1
      0      0     -3      4     -3
     -1      1      0      1      0
     -1      0      2      2      1
      0      2      0      0     -2

      0      0      0      1      1
      0      0      0      2      0
      0      1      1      1     -1
     -1      3      0      0      3
      0      1      0      0     -1

      0      0      0     -2      1
      1     -1      2      2      0
     -2      0     -1      3      0
     -1      0      1      2      2
      0      0      0      1     -1

      0      0      0      3     -2
     -1      1     -2      0     -1
      1     -1      2      2     -1
      0     -1      1      0      0
     -4      0      0      0      2

     -1      1      0     -1      1
      1      0      0      0      2
      0      3     -1      1     -1
     -3      1      0      1      4
      1      2      0      0     -2

     -1      0      0     -2      1
     -2      0      0      1     -2
      0      1      0      0      2
     -2      1      0     -1     -2
      1     -2      1      1      0

     -3      0     -2     -1      0
      0     -2      0     -2     -1
      0      1     -4      1     -1
     -2     -2      0      1      1
     -1      0     -1     -1      0

