;
; ENVI ASCII Output of file: E:\Imaging\ROI_AVIRIS_TestSet\5_1_4.img [Wed Dec 06 10:45:24 2017]
; File Dimensions: 5 samples x 5 lines x 224 bands
; Line Format    : (5i7)
;
    537    528    526    546    522
    533    544    513    540    520
    524    528    546    524    535
    517    526    528    535    522
    511    543    526    527    513

    649    628    631    650    614
    651    631    620    622    612
    621    637    637    637    623
    634    609    614    616    610
    654    618    625    596    620

    695    696    675    663    676
    688    680    678    687    678
    667    675    685    666    681
    678    673    657    679    655
    686    689    666    687    649

    873    867    857    859    843
    868    871    856    841    850
    855    875    853    844    843
    868    856    840    836    836
    873    844    867    857    841

   1268   1278   1267   1265   1245
   1277   1271   1271   1266   1261
   1277   1269   1257   1246   1236
   1270   1256   1239   1239   1233
   1273   1264   1256   1254   1255

   1338   1339   1331   1327   1320
   1341   1336   1331   1321   1306
   1347   1339   1323   1298   1296
   1341   1337   1306   1300   1307
   1342   1329   1315   1321   1321

   1258   1256   1244   1259   1240
   1267   1253   1253   1249   1234
   1257   1258   1236   1223   1222
   1267   1246   1238   1225   1230
   1265   1247   1236   1243   1248

   1152   1154   1155   1148   1146
   1150   1151   1142   1141   1143
   1155   1151   1145   1132   1123
   1171   1147   1132   1128   1123
   1149   1156   1147   1145   1131

   1250   1250   1238   1251   1225
   1246   1238   1243   1238   1219
   1245   1237   1237   1219   1204
   1259   1251   1239   1212   1214
   1245   1238   1239   1232   1224

   1247   1258   1260   1250   1252
   1259   1262   1253   1246   1242
   1257   1263   1252   1239   1220
   1277   1267   1234   1229   1231
   1264   1254   1252   1242   1250

   1214   1222   1224   1215   1202
   1216   1218   1214   1207   1193
   1226   1221   1209   1201   1186
   1233   1223   1204   1195   1189
   1226   1216   1216   1212   1201

   1133   1134   1148   1134   1125
   1139   1145   1134   1135   1129
   1147   1143   1133   1120   1107
   1162   1139   1133   1119   1113
   1151   1144   1135   1131   1134

   1069   1061   1068   1069   1062
   1065   1065   1067   1065   1055
   1076   1075   1063   1054   1042
   1092   1074   1059   1049   1050
   1079   1071   1063   1064   1052

    955    957    970    964    948
    956    960    968    958    940
    964    972    960    952    929
    973    972    956    946    942
    978    965    960    960    949

    866    867    872    870    853
    868    865    870    863    853
    880    871    865    853    848
    888    876    867    854    853
    888    870    867    865    853

    763    766    766    768    753
    760    765    761    758    741
    765    772    764    756    739
    781    766    760    759    751
    776    771    768    759    756

    669    670    671    669    655
    670    670    674    666    655
    678    679    668    661    647
    687    675    664    659    654
    679    677    670    667    662

    632    632    635    634    623
    632    631    637    629    618
    638    641    633    625    612
    650    640    633    627    617
    646    643    636    630    627

    594    593    598    599    590
    593    592    599    592    580
    598    602    598    589    575
    611    604    601    593    578
    612    609    601    593    591

    554    550    556    561    555
    547    557    554    548    537
    565    555    554    542    537
    566    563    557    553    545
    570    559    556    553    553

    508    511    511    513    503
    507    501    502    503    489
    508    511    508    504    486
    520    513    508    499    495
    520    517    513    509    499

    467    462    463    466    465
    464    465    460    459    450
    466    468    460    458    443
    475    470    468    458    453
    473    470    467    463    457

    428    432    434    435    423
    427    426    427    424    414
    435    438    430    418    412
    441    433    432    426    416
    441    435    435    430    417

    376    384    385    382    372
    376    378    378    376    367
    384    384    381    372    359
    384    383    383    375    372
    390    386    380    376    371

    352    357    350    355    345
    350    352    351    347    337
    354    355    352    341    334
    361    358    355    351    338
    364    360    359    354    345

    334    342    342    340    332
    335    341    339    335    327
    338    338    339    333    324
    347    346    341    338    323
    353    344    342    339    330

    315    318    317    319    309
    309    313    310    310    302
    315    320    316    309    297
    326    322    315    311    303
    325    320    321    316    307

    285    293    291    293    283
    288    291    290    283    281
    291    293    290    283    276
    302    295    293    286    280
    300    297    297    288    278

    276    279    278    282    274
    271    276    273    274    267
    280    281    276    273    265
    284    279    277    278    267
    287    283    280    274    268

    256    254    255    257    253
    253    253    255    250    242
    255    257    253    249    242
    267    260    257    251    245
    265    260    257    253    251

    242    242    241    243    237
    241    239    243    238    230
    246    240    244    235    231
    251    245    248    239    232
    250    248    247    241    232

    233    238    238    236    236
    237    236    237    230    226
    239    239    234    235    227
    245    241    241    233    227
    245    239    239    233    230

    234    237    235    238    238
    233    236    243    233    224
    234    241    233    230    225
    241    237    243    232    223
    247    235    237    237    230

    233    237    239    236    235
    236    236    237    231    227
    241    239    233    236    228
    244    240    240    233    226
    245    239    240    234    231

    216    218    223    219    220
    218    219    221    220    208
    225    224    216    216    208
    222    221    225    214    210
    226    221    224    221    219

    195    193    202    194    193
    191    195    196    195    189
    199    195    190    197    185
    197    196    200    192    187
    200    195    197    195    192

    168    169    177    171    169
    170    170    174    171    165
    175    175    165    171    163
    173    168    174    169    164
    177    172    173    172    171

    159    163    168    164    159
    164    163    164    165    159
    169    164    158    166    157
    164    164    166    167    154
    169    162    171    162    160

    144    146    155    147    149
    147    151    150    153    144
    156    148    145    148    144
    150    147    152    148    140
    156    149    155    155    148

    115    114    123    115    113
    115    118    117    118    114
    122    118    110    117    112
    116    114    116    114    109
    119    114    124    117    114

    123    121    132    124    120
    122    126    123    127    121
    130    126    118    127    120
    121    120    122    122    115
    125    123    129    126    123

    134    130    141    131    131
    132    133    136    140    131
    140    135    128    138    130
    132    133    135    135    127
    135    131    142    138    134

    134    131    145    132    131
    134    135    135    139    131
    143    136    127    138    130
    131    132    132    136    125
    137    133    143    140    134

     79     81     87     78     76
     82     80     82     82     81
     86     79     76     84     79
     78     80     79     80     77
     83     81     87     82     80

    104    101    112    100     98
    102    104    105    107    103
    114    106     98    111    100
    100    103    101    104     98
    108    102    113    108    102

    111    107    122    106    103
    110    107    110    113    108
    119    108    101    114    107
    104    106    105    110    104
    113    110    119    114    111

    100     98    110     97     95
    101    101    101    104    101
    108     99     93    105     98
     97     98     99    101     95
    104    100    107    106    103

     94     92    103     89     86
     92     95     93     97     95
    101     92     85     98     91
     87     90     91     95     88
     96     92    100     97     94

     84     84     94     81     79
     85     86     87     87     86
     93     87     81     89     83
     80     82     84     85     81
     87     83     91     90     86

     70     66     76     65     63
     67     70     68     71     68
     74     69     63     72     68
     64     68     65     68     64
     69     69     76     71     69

     68     68     79     65     64
     67     72     70     70     72
     76     69     63     72     68
     64     66     66     69     65
     68     68     76     73     70

     71     70     81     69     66
     71     76     72     76     73
     78     71     66     77     72
     67     68     68     74     67
     73     70     78     77     72

     76     75     85     70     69
     75     78     77     80     78
     84     76     70     83     76
     69     73     73     78     71
     75     76     84     81     77

     70     68     84     66     64
     69     73     71     78     74
     83     70     65     78     71
     66     68     68     74     65
     71     70     79     79     72

     70     69     81     66     63
     69     71     72     76     73
     81     69     63     75     69
     63     66     66     74     67
     70     67     77     74     70

     66     62     75     61     57
     65     66     64     70     68
     75     65     60     73     65
     58     62     61     67     62
     65     64     73     70     66

     63     61     74     58     55
     61     64     62     66     64
     73     61     56     66     61
     55     60     58     65     57
     63     59     68     69     62

     49     48     57     44     44
     47     50     50     53     52
     57     49     46     54     49
     44     45     46     51     45
     48     47     55     52     48

     43     42     48     37     36
     42     43     41     45     44
     47     44     37     46     42
     38     40     39     43     38
     42     40     47     46     44

     40     38     47     33     34
     39     40     37     42     41
     43     37     35     43     37
     32     37     35     39     34
     39     36     44     42     38

     35     33     41     30     30
     34     36     33     38     37
     40     33     31     39     34
     29     33     31     34     31
     34     33     39     37     34

     21     23     28     19     21
     22     26     22     24     25
     22     24     24     24     18
     17     21     21     21     21
     24     20     27     23     22

     15     16     19     14     12
     16     16     17     17     17
     18     18     15     18     15
     13     15     12     17     16
     15     15     17     17     16

     17     17     20     15     14
     17     18     16     20     19
     21     17     15     21     18
     15     16     16     18     15
     16     17     20     18     16

     27     27     35     24     23
     29     29     28     31     30
     33     28     25     31     28
     24     27     25     28     26
     27     28     34     30     28

     33     30     40     28     26
     31     33     31     38     34
     39     32     28     36     32
     26     31     29     34     28
     33     30     39     34     33

     37     36     46     31     31
     37     40     36     39     39
     44     36     32     43     36
     32     34     33     38     34
     36     36     43     42     37

     40     37     48     34     33
     39     41     37     41     43
     47     37     34     44     39
     33     36     35     43     35
     38     37     45     43     42

     38     38     46     32     30
     38     40     37     42     41
     46     37     33     44     38
     30     35     34     39     34
     36     35     43     41     41

     37     36     46     32     31
     37     41     38     42     40
     45     36     32     43     36
     30     35     32     40     33
     36     36     43     41     38

     38     35     46     32     30
     35     39     36     39     41
     46     35     31     42     38
     30     34     33     38     32
     36     35     43     41     37

     34     32     43     27     27
     33     35     32     34     37
     40     31     28     39     33
     28     31     29     35     29
     33     33     39     36     35

     35     32     42     27     28
     33     36     32     36     36
     42     32     28     38     33
     27     30     29     35     29
     32     31     38     38     34

     32     30     40     26     25
     32     34     30     35     33
     39     29     26     36     30
     25     29     26     32     27
     32     29     36     35     31

     32     30     40     26     24
     31     33     29     33     34
     38     29     26     37     31
     23     29     26     31     27
     29     29     36     34     30

     27     26     36     22     21
     27     29     28     32     31
     35     23     24     30     28
     21     25     23     27     23
     27     27     33     31     28

     26     24     33     21     19
     25     26     25     30     28
     33     22     22     29     26
     19     23     22     26     22
     25     24     31     29     26

     24     21     30     19     17
     22     24     23     28     26
     31     21     19     27     24
     18     21     20     24     20
     24     22     28     26     23

     19     17     22     15     13
     19     20     17     20     21
     23     18     14     21     18
     14     16     15     19     15
     17     17     22     19     19

     11     10     15      9      7
     11     11     10     14     14
     14     11      9     12     12
      8     10      9     12      9
     12     11     14     11     11

      4      5      5      4      2
      4      6      3      5      5
      4      4      5      5      4
      4      4      4      5      3
      4      4      6      4      5

      3      3      6      3      2
      3      4      3      5      5
      3      3      3      4      4
      3      3      3      4      3
      3      3      5      3      4

      5      5      7      4      3
      6      5      4      6      5
      6      5      5      7      6
      4      4      3      6      5
      5      5      6      5      5

      4      5      6      3      3
      5      4      4      7      5
      7      5      5      6      4
      3      5      4      6      4
      4      4      6      5      4

      7      7      9      6      5
      7      8      6      9      7
      8      7      6      7      7
      5      6      5      8      6
      7      6      8      8      6

     11     10     16     10      9
     11     12     11     14     13
     15     12      9     13     11
      8     10      9     13     10
     10     10     15     13     12

     13     14     20     11     10
     13     15     14     17     16
     17     13     10     16     13
      9     12     11     15     12
     14     13     16     16     15

     12     13     16      9      9
     12     15     13     14     16
     16     12     10     17     13
      9     11     10     14     10
     12     11     14     13     13

     12     12     20     10      9
     12     14     13     16     14
     17     12     10     17     14
      9     11     10     15     11
     12     11     16     15     13

     12     11     15      7      8
     10     13     10     14     13
     15     11      9     15     11
      8      9      8     11      9
     10     10     14     12     12

     13     12     18     11      9
     12     14     11     16     14
     17     11     10     16     14
      8     11     10     14     11
     12     12     16     15     14

     14     12     18      9      9
     14     16     12     16     16
     18     12     11     17     15
      9     12      9     14     12
     13     12     16     15     14

     14     14     20     11     10
     13     16     12     17     17
     19     13     11     17     15
      9     13     12     16     12
     14     14     18     16     14

     15     14     18     10     10
     14     16     14     18     17
     19     13     11     18     14
      9     12     10     16     12
     13     12     18     17     15

     13     12     17      9      8
     13     14     12     17     16
     17     12     11     16     15
      9     12     10     14     12
     13     13     16     15     14

     12     11     16      9      7
     12     13      9     14     15
     17     11     10     15     13
      7     10      9     13      9
     12      9     15     14     14

     13     12     17      9      8
     13     14     12     17     16
     18     12     10     16     15
      9     12     10     14     12
     13     13     16     15     14

     12     11     16     12     14
     12      7     12     10     12
     11     13      9     14     11
     13     18     16     17      9
     16     13     13     13     17

     17     12     15     13     15
     10     15     11     12     12
     12     13      9     12     16
     16     13     12     12     13
     11     12     13     13     10

     14      9     17      9      9
     15     12     12     15     17
     17     10      8     13     12
     16     15     12     10     12
     11     13     10     13     10

     12     12     13     10     11
     13     12     13      9     16
     10     15      7     13     12
     13     12     10     16     12
     12     14     16     15     14

     12     13     10     10      9
     11      8     12     11     10
     12      9      9      9      9
     10      9      8     12      8
     12     10      7     11     10

      9     10     10      7      9
      9      9      7      7     10
      8      9      8      8      6
     10     11      7      7      8
     10      5      8     11      7

     16      4     20     35     19
     11     10      9     10      6
     -9     14     11      1    -19
     -6      7    -17    -12      4
     16     18      4     -1      1

      6      5      4      2      5
      5      5      6      6      6
      5      3      3      3      3
      4      5      2      4      2
      4      2      4      4      6

      2      3      3      1      2
      3      4      4      2      6
      3      4      0      2      2
      2      3      1      3      2
      3      2      1      5      3

      0      1      1      0      1
      1      2      0      1      2
      0      0     -1      0      0
      0      0      0      1      0
      1     -1      0      0      0

      0      0      0     -1      1
      2      0     -1      0      0
      0      1     -1      1      0
      0      2      0      0      0
      1     -1      0     -1      0

     -1     -1      0      0      0
      1      0      0      2      1
      0      0      0      1      0
      1      4      0      0      1
      0      0      0     -2      0

      2      1      0     -1      0
      0      1      1      0      0
      0      1      0      0      1
      1      3      0      0      0
      2      2      0      0      0

      0      0      5      1      0
      3      1      6      5      1
     -4      1     -6     -2     -1
      0     -1     -4     -4      0
      2      0      5      3     -6

      0      1      0     -2      2
     -1     -1      2      0      3
     -1      1     -4      2      0
      3      0     -2     -3     -3
      1     -2      2      2      0

      0      2      1     -2      0
      3      2      1      1      1
     -2      4     -1      3      0
      2      1      0      1      0
      0      1      0      0      1

      1      0      1      0      1
      2      3      0      3      4
      0      0     -1      3     -1
      4      2      0      1     -1
      1      2      2      0      0

      1      3      1     -2      1
      1      2      0      0      2
      1      0     -1      5      1
      2      2     -1      0     -1
      2      0      0      3      0

      1      2      3      0      2
      1      2      1      1      2
      3      2      0      3      1
      2      2      2      0      0
      2      0      0      2      1

      1      3      2      1      4
      5      3      3      0      5
      3      4      0      2      1
      2      4      0      3      1
      3      3      6      3      3

      6      4      2      0      4
      4      2      3      5      3
      5      4      4      5      1
      2      5      2      2      4
      3      4      2      5      4

      4      1      1      2      2
      3      5      3      2      4
      2      0      1      2      0
      3      1      2      2      1
      2      2      1      0      4

      4      5      4      1      3
      1      6      2      2      5
      4      3      0      4      3
      1      5      4      3      3
      2      1      3      2      3

      7      8      7      4      5
      3      8      5      6      6
      5      6      6      6      5
      5      8      5      6      4
      6      5      6      6      6

      7      8      9      7      8
     11     10      8      6      9
      9      7      6      9      8
      7     12      7      9      8
      8      6     10      7      5

     11      9      9      9     10
     12      7     10     11     12
     10     10      7     11      9
     10     12     10     10      9
     10      9     10      7     10

     12     11     11     10     11
     11      8      9     11     13
      9     10      9     11     10
     11     11      7     11      8
     10      9     11     11     11

     10     10     12     10     12
     11     11     10     11     12
     12     11      7     11     10
     11     12      9     11     12
     12      8     10     10     10

     14     10     14     11     13
     13     12     15     12     13
     11     13     11     15     12
     13     14     10     11     14
     15     13     14     11     12

     12      9     12     10      9
     11     12     12     11     13
     13     10     10     12     11
     12     14     11     11     13
     13     13     13     14     12

     10     10     12     11     12
     11     10     11      9     11
     11     11      8     11      9
     13     12     11     11      9
     12     10     11     13     10

      9      9     10      8     10
      9     10      9      9     10
      9     10      7      9      9
     10     11      8     11     10
     10      9     10     12      8

     10     11     10      9     11
     10      8     10     10     12
     10     10      9     11     13
     11     12     11      9     11
     10     11     10     11     10

     11     10     11     10     11
      8     10      8     10     10
     10     11      8      8     11
      9      9     11      9      9
      9     10     12      9      9

      9      9     10      9      8
      8      9      9     10     11
      9      9      9      9      9
     10     12      9     10      8
      7     10     10      7      8

      9      9      7      9      8
      9     10      9      8     10
      9      9      5      8      9
      9      9      8      9      9
      9      8      8      9      9

      9      8     11      9      9
      9      8      6      9     13
     10     10      8     11     10
     11      9      9      9      9
     10      8     10      9      9

      9     10      9      7      9
      8      8      9      8     10
     10      8      7      8      9
      9     11      8     10      8
      7      8      9      9      9

      7      9      8      8      8
      7      8      9      8      9
      6      8      6     10      6
     11     10      6      8      9
      8      9      8      8      8

      7      9      7      8      8
      7      7      8      8      9
      6      6      7      7      6
      8     10      7      9      8
      9      8      8      9      9

      8      7      8      7      7
      7      7      8      6      8
      7      7      5      7      6
      9      8      6      9      9
      8      7      6      7      7

      5      8      8      7      6
      9      5      9     10      8
      8      7      7      9      7
      7      8      7      7      7
      6      7      7      7      9

      9      7     10      7      8
      8      7      9      6      9
      7      9      5      9      7
      7      8      7      7      6
     10      7      8      9      7

      7      6      8      5      7
      7      6      7      7      7
      7      5      6      9      7
      9      9      4      7      7
      8      6      6      6      6

      5      6      8      7      6
      6      6      7      5      7
      6      6      6      8      7
      8      7      5      5      7
      9      8      8      8      7

      8      4      8      8      5
      5      5      6      7      6
      6      6      5      7      6
      8      7      5      6      5
      6      8      7      7      6

      6      5      6      4      5
      5      7      6      4      6
      3      4      5      6      4
      6      7      5      6      4
      7      6      7      6      6

      6      5      6      5      6
      6      4      7      5      7
      4      5      3      4      4
      6      7      5      6      4
      6      4      7      4      5

      5      5      7      6      5
      5      3      4      5      6
      6      6      3     10      4
      5      8      3      4      5
      5      3      5      3      7

      5      5      5      3      5
      5      4      5      5      6
      5      5      3      4      3
      5      7      3      4      5
      4      3      4      4      5

      6      4      3      3      2
      4      2      4      4      4
      4      4      1      3      3
      5      4      3      3      4
      4      4      5      4      4

      3      5      3      2      3
      3      4      4      3      6
      4      2      2      5      1
      3      3      2      3      2
      4      2      5      2      1

      3      3      2      1      3
      5      2      3      5      3
      4      2      0      2      2
      3      4      1      2      3
      3      1      3      4      1

      1      2      1      2      2
      2      1      0      0      1
      0      2      0      1      1
      2      1      0      0      0
      0      2      1      0      0

      1      0      2     -1      1
      1      0      2      3      2
      1      1     -1      1      0
      2      1     -2      1      2
      1      1      2      1      0

      0      0      1      0      0
      0      0      0     -1      1
      0      1     -1      0     -2
      2      2     -1     -1      0
      0      0      0      0      1

      0      0      0      1     -1
      1      0      0      0      2
     -2     -1     -1     -1      0
      1      1     -2      0     -1
      1      1      0     -1      0

      0      1      0      0      0
      0      0      0     -1      2
     -1     -1      0     -1     -1
      0      0      1      0     -1
      0     -1      1      0      0

      0      0      1      0      0
      0     -1      0     -1      0
     -1      1      0      0      0
      0      3     -1      0     -2
      0      1      0      0      0

      0      0      0      0      1
      1      0      0      0      1
     -1      0     -2      0     -1
      0      0     -1      0      0
      0     -1      0      1     -1

      1      0      0      0      2
      1      0      1      0      0
      2      2     -2      0      0
      0      0      0      1     -3
      0      2      0      0      0

      0      1      1      0      1
     -1      0      0      1      0
      0     -1     -1      1     -1
      4      0     -1      2      0
      0      0      1      0      1

      0      0      0     -2      1
     -1     -2      0      0      1
      0      0      0      0      1
      0      2     -2      0      0
      2      0      0      0     -1

      0      0      1      0      0
      0      0      0      0      0
     -1      0      0      0     -1
      0      0     -1      0      0
      0     -1      1      2      0

      2      0      0      0      0
      0      0      0      3      0
      1      1      0      0      0
      0      1      0      0      0
      0      0     -1      0      1

      2      0      0      0      2
      0      0      0      0      0
      0      0     -1     -1      0
      0      0      0      0      0
      0     -1      0      0      0

      1      1     -1      0      0
      0      0      0      0      0
      0      1     -1      2      1
      1     -1      1      0      0
      0     -1     -1     -1      0

      0      0      0     -1      0
      1      0     -2      0      0
      0      0      0     -1     -1
      1      0      0      0     -1
      0     -1     -1      0      1

      1      2      0      0      2
      1      0      0      0      1
      0      0      0      0      0
     -1      1      0      0      0
     -1      0      1      0      0

      0     -1      0      0     -1
      0      0      0      1      0
      0      0      0      1      0
     -1     -2      0      1      0
      0      0      0      0      0

      0      2      1     -1      1
      0      1      0      0      1
      0      0      1      1      0
     -1      0      0      0      0
      0      0      0      0      0

      1      0      1      0      0
      2      0      1      0      0
      0      0      1      0      0
      0      0      1      2      1
      0      0      0     -1     -1

      1      1      0      1      0
      0      1      1      1     -1
      1      0      0      2      0
      1      0      2      0      0
      0      0      0      0      0

      2      2      1      1      1
      0      0      2      0      2
      1      1      0      1      1
      0      1      0      1      2
      0      1      1      0      2

      2      2      1      0      2
      1      2      3      2      1
      1      1      2      3      2
      2      1      2      1      1
      3      2      3      3      2

      4      2      3      3      2
      3      2      2      2      3
      2      3      2      3      2
      1      2      2      3      3
      3      3      3      1      3

      2      2      1      1      2
      2      3      2      3      1
      0      2      2      1      0
      1      0      2      0      0
      1      0      0      1      2

      0      1      1      0      2
      1      2      1      1      0
      0      1      1      0      0
      0      1      0      1      2
      1      1      0     -1      0

      2      1      2      1      1
      2      0      1      1      1
      0      1      0      1      1
      0      0      0      1      0
      0      0      2      0      2

      3      5      3      2      2
      3      4      2      1      3
      3      3      2      3      2
      3      2      3      2      1
      2      1      1      3      5

      4      5      4      3      3
      3      4      3      5      4
      4      4      4      4      4
      2      3      2      2      3
      3      3      4      3      3

      4      3      3      3      3
      3      5      3      4      3
      3      2      3      3      2
      3      3      3      3      3
      2      2      2      3      3

      3      3      2      2      3
      3      3      3      3      1
      2      2      3      2      2
      3      2      2      3      3
      1      1      2      2      3

      5      3      3      1      1
      3      3      3      3      2
      2      3      2      3      3
      2      2      3      2      1
      2      2      1      2      3

      5      4      4      2      2
      3      4      4      3      2
      3      3      3      4      2
      4      4      2      3      3
      3      2      4      2      2

      5      4      4      3      3
      3      4      4      3      1
      4      4      4      4      4
      2      2      3      3      4
      3      4      3      3      3

      4      4      3      3      3
      2      3      4      5      2
      3      3      3      4      3
      5      3      3      3      3
      3      3      2      4      3

      5      4      3      2      3
      3      5      5      4      3
      4      4      3      2      3
      3      3      3      3      4
      3      3      5      3      4

      4      4      4      3      5
      5      3      4      5      2
      2      4      3      4      3
      3      2      3      4      3
      3      3      4      5      3

      5      5      3      3      4
      6      4      4      4      5
      2      3      5      3      2
      2      3      3      4      3
      3      1      3      4      3

      5      3      3      3      2
      3      4      4      3      3
      3      2      2      3      4
      5      3      4      3      3
      3      4      4      4      4

      5      4      3      3      3
      2      3      5      3      3
      3      2      3      2      2
      2      2      3      2      2
      2      2      3      3      3

      4      2      3      2      3
      4      4      4      4      2
      3      3      3      5      3
      2      4      2      3      3
      3      2      3      3      2

      3      3      4      3      3
      4      3      5      4      2
      4      4      3      2      3
      2      3      4      1      3
      3      2      1      3      3

      3      3      2      1      4
      3      4      3      2      2
      3      4      2      4      3
      4      2      3      3      2
      4      1      3      3      3

      3      4      4      2      2
      3      2      3      3      3
      3      2      3      3      3
      3      1      3      1      2
      3      2      2      2      5

      4      2      3      2      3
      3      3      3      3      2
      1      2      2      3      2
      2      2      2      2      3
      1      1      4      2      3

      4      3      4      2      2
      3      3      2      3      2
      3      3      4      3      2
      3      3      2      2      1
      2      3      4      2      5

      4      3      3      3      4
      2      2      3      5      2
      2      4      1      1      1
      3      2      1      3      4
      3      3      4      0      2

      4      2      2      3      2
      1      4      2      2      2
      2      4      3      1      2
      4      2      2      3      2
      3      2      2      3      4

      2      5      4      3      4
      3      3      3      3      2
      2      3      2      3      1
      2      3      2      3      3
      2      2      1      1      3

      3      2      3      1      3
      3      3      1      4      4
      1      2      2      3      3
      3      2      2      2      1
      1      1      2      2      1

      4      2      3      4      1
      2      4      2      2      2
      2      3      2      2      2
      2      1      1      2      3
      2      1      4      1      3

      1      5      2      1      1
      0      2      1      2      1
      1      1      0      3      2
      2      2      2      2      2
      2      2      3      1      2

      1      2      2      2      2
      2      2      3      3      3
      3      2      2      3      1
      3      2      0      2      2
      5      2      2      1      3

      1      3      3      1      3
      3      1      2      3      2
      2      2      1      2      2
      2      2      1      2      2
      0      0      1      2      1

      1      3      2      1      2
      1      3      1      3      2
      0      2      4      1      1
      0      1      1      2      2
      2      2      0      2      3

      4      4      2      0      1
      0      2      4      1      1
      1      3      3      4      3
      2      2      2      2      2
      1      0      1      2      2

      0      1      3      1      4
      0      2      1      1      1
      0      3      2      2      3
      3      2      3      1      2
      0      1      2      1      1

      3      1      1      1      1
      1      2      2      1      1
      1      1      0      1      1
      1      1      1      3      0
      1      1      1      1      2

      2      3      2      2      1
      2      2      2      3      2
      1      2      1      4      2
      0      2      0      3      0
      0      0      0      0      2

     -1      0      2      1      1
      0      0      0      2      0
      1      2     -1     -1      0
      1      1      1      2      0
      2      2      2      1      3

      2      1      1      2      3
      0      3      3      1      0
      2      2      0      1      2
      0      1      2      3      2
      0      0      1      0      0

      0      1      1      1      1
      0      0      0      0      1
      0      0      2      0      0
      0      0      2      3      0
      0      2      0      1      2

      3      1      1      1      0
      0      0      1      2      0
      2      0      2      1      3
      0      0      0      1      1
      1     -1      2      2      1

      1      1      0      1      0
      1      0      2      0      1
      0      0      1      2      1
     -1      2      0      2      1
      0      0      1      0      1

      2      0      3      2     -1
      0      2      0      0      0
      0      1      0      0      0
      1      0      1      0      0
     -1      1      4      0      1

      0      2     -1      0      0
      0      0      1      2      0
      0      0      2      0      0
     -1      0      2      0     -1
     -1      2      1      1     -1

      2      0      1      1      0
      1      1      0      2      2
      0     -1      0      1      0
      0      1      0      0      0
      0      1      2      0      0

      2      1      0      1      1
      2      0     -1      1      0
      0      1      1      1     -2
      3      0     -2      1      0
      0      1      0      1      3

      0      2      0      0      0
     -4      1      1      0      1
      0     -1      3     -3      0
      0      0     -2      1      2
     -2      2      0     -1     -1

      0      1      0      0     -2
      0      1      0      2      0
      0      1     -1      0      0
     -1     -2     -1      0      2
      2      0     -2     -1      0

      0     -1      1      0      2
     -1      3     -1      1      0
      1      0     -1      0     -1
      0     -2      1      2      2
      0      0      2      1      1

      1      1      1     -1      2
      0      2      2      1      0
     -2      0      0      0      0
      0     -2     -2      0      2
      1      1      1     -1      1

      0      3      0     -2      0
      0      2      2      0     -3
      0      3     -2      0      0
     -1      0      1      0      0
      0     -1      1      0      0

      1      2     -1     -3      0
      0     -2      2     -1     -1
      0      0     -1      1      0
     -2     -1      1     -2      3
     -1     -3      1     -1      0

      1     -1      1     -1      0
      0     -1     -1      0     -2
     -2      0      1     -2     -1
     -2     -4      0      0      0
      0     -2      1     -4     -2

