;
; ENVI ASCII Output of file: E:\Imaging\ROI_AVIRIS_TestSet\5_1_7.img [Wed Dec 06 11:48:51 2017]
; File Dimensions: 5 samples x 5 lines x 224 bands
; Line Format    : (5i7)
;
    540    556    539    552    542
    517    553    539    557    547
    535    553    537    539    538
    535    556    554    563    547
    559    548    553    537    530

    635    645    657    656    657
    638    662    657    670    655
    653    662    651    637    646
    653    638    655    645    639
    656    666    649    660    630

    681    688    689    687    685
    686    706    689    718    692
    693    706    692    687    699
    693    695    672    694    690
    693    711    684    687    692

    878    869    880    880    879
    868    870    880    874    875
    876    870    871    893    875
    876    858    867    862    863
    875    869    859    869    872

   1273   1278   1279   1287   1287
   1271   1285   1279   1295   1295
   1279   1285   1255   1278   1281
   1279   1267   1269   1273   1274
   1267   1269   1258   1256   1277

   1338   1337   1342   1340   1345
   1329   1323   1342   1357   1347
   1334   1323   1324   1336   1326
   1334   1332   1321   1318   1320
   1317   1327   1316   1321   1334

   1254   1253   1255   1271   1255
   1249   1243   1255   1268   1256
   1252   1243   1244   1252   1255
   1252   1240   1239   1235   1244
   1235   1245   1242   1250   1249

   1157   1156   1159   1173   1161
   1166   1151   1159   1173   1174
   1147   1151   1147   1166   1160
   1147   1152   1134   1147   1139
   1143   1136   1154   1140   1151

   1246   1252   1250   1255   1254
   1244   1249   1250   1274   1260
   1237   1249   1241   1249   1249
   1237   1243   1222   1231   1235
   1234   1236   1241   1238   1242

   1265   1269   1283   1268   1281
   1257   1262   1283   1277   1273
   1254   1262   1249   1268   1260
   1254   1256   1251   1254   1252
   1253   1260   1252   1262   1264

   1215   1232   1230   1237   1235
   1224   1224   1230   1236   1247
   1209   1224   1222   1232   1230
   1209   1211   1213   1217   1219
   1209   1215   1212   1216   1214

   1141   1141   1151   1157   1151
   1141   1134   1151   1162   1159
   1136   1134   1136   1148   1145
   1136   1130   1129   1130   1138
   1132   1136   1133   1142   1142

   1072   1081   1078   1085   1094
   1079   1073   1078   1088   1088
   1066   1073   1074   1071   1077
   1066   1064   1062   1060   1064
   1064   1056   1064   1063   1074

    968    958    976    974    975
    966    968    976    981    986
    958    968    965    971    974
    958    963    953    954    963
    958    958    956    961    962

    864    876    881    873    890
    877    876    881    882    885
    867    876    868    877    877
    867    868    862    863    863
    871    860    865    874    873

    763    771    771    774    778
    761    767    771    788    789
    759    767    762    773    771
    759    759    757    761    767
    760    764    759    761    765

    674    679    681    681    685
    672    669    681    686    689
    673    669    670    677    681
    673    663    665    667    663
    670    666    666    675    669

    639    641    641    642    648
    634    634    641    646    650
    633    634    634    640    643
    633    632    628    630    630
    634    629    628    635    634

    602    602    599    602    610
    594    597    599    604    610
    592    597    598    601    604
    592    600    591    592    596
    596    592    588    595    598

    551    553    559    561    560
    552    551    559    565    565
    547    551    551    559    556
    547    546    552    545    548
    551    550    551    552    554

    506    503    507    507    513
    506    501    507    515    516
    502    501    509    507    508
    502    499    492    500    503
    497    497    496    496    504

    456    462    464    468    474
    459    454    464    471    468
    451    454    455    466    456
    451    457    451    455    458
    460    455    453    457    457

    421    419    426    427    428
    420    419    426    427    432
    415    419    425    422    423
    415    416    416    421    422
    417    418    421    423    421

    374    370    375    377    381
    370    372    375    381    379
    370    372    370    372    372
    370    371    365    370    368
    370    370    372    370    374

    342    342    349    346    348
    345    347    349    351    350
    344    347    336    347    348
    344    343    341    340    343
    341    337    345    345    345

    326    329    331    329    334
    328    326    331    337    334
    326    326    324    332    327
    326    328    323    324    323
    324    327    323    326    326

    303    299    307    309    308
    300    300    307    310    309
    301    300    302    300    304
    301    301    299    303    302
    301    301    299    298    304

    278    275    280    279    280
    280    276    280    283    284
    278    276    275    280    281
    278    278    278    275    276
    277    278    273    277    278

    264    266    268    271    268
    262    267    268    270    269
    263    267    268    268    267
    263    264    261    263    264
    263    262    260    263    266

    241    241    246    248    246
    244    241    246    249    248
    243    241    245    248    248
    243    242    240    240    239
    243    243    239    239    242

    222    229    230    228    232
    228    230    230    233    232
    228    230    230    232    228
    228    227    224    225    227
    227    230    225    225    228

    222    224    224    224    229
    225    223    224    228    226
    219    223    225    223    223
    219    222    219    220    221
    220    225    221    221    223

    222    223    227    229    230
    226    223    227    229    223
    221    223    224    223    225
    221    220    219    219    217
    217    223    220    222    225

    222    223    224    223    230
    225    222    224    228    224
    218    222    224    223    223
    218    221    220    220    219
    220    224    221    220    225

    202    202    207    207    215
    211    206    207    209    203
    200    206    206    209    209
    200    202    199    198    199
    201    206    205    201    203

    184    180    185    184    190
    183    181    185    185    176
    174    181    180    183    184
    174    178    181    177    174
    176    180    180    177    184

    161    157    160    155    164
    161    159    160    162    152
    159    159    157    162    162
    159    159    160    152    152
    159    154    156    154    165

    153    147    155    149    156
    151    149    155    155    147
    147    149    149    153    151
    147    146    152    148    142
    148    152    149    144    156

    140    135    137    136    146
    141    136    137    139    132
    135    136    136    142    140
    135    134    137    133    129
    136    136    134    132    144

    108    106    106    101    111
    108    107    106    110    101
    102    107    101    109    108
    102    101    106    104     99
    107    106    107    101    112

    112    111    114    111    120
    112    114    114    113    105
    110    114    109    114    114
    110    109    110    110    104
    110    113    109    109    120

    120    119    124    118    129
    121    120    124    122    112
    115    120    115    125    120
    115    117    123    116    109
    116    122    119    115    129

    119    122    123    116    130
    123    123    123    122    110
    117    123    116    127    123
    117    114    121    113    109
    118    123    120    115    131

     71     72     74     70     78
     73     72     74     76     67
     71     72     68     76     75
     71     68     71     68     64
     73     71     73     70     80

     94     90     94     89    100
     91     92     94     93     83
     88     92     87     98     97
     88     89     92     87     82
     90     94     90     89    105

     96     97     97     93    104
     96     97     97     97     86
     92     97     91    102     97
     92     92     99     92     84
     93     96     94     91    107

     90     88     88     85     97
     89     89     88     90     79
     85     89     83     91     91
     85     86     89     86     77
     86     89     87     81    101

     81     81     82     80     89
     82     80     82     83     71
     77     80     76     88     83
     77     78     82     78     69
     79     83     81     77     96

     76     73     75     71     84
     77     76     75     75     63
     72     76     67     81     75
     72     72     76     71     64
     74     75     73     71     87

     62     61     61     56     67
     60     61     61     60     52
     59     61     54     65     62
     59     57     62     56     49
     58     59     58     56     70

     63     60     60     55     65
     60     60     60     63     51
     58     60     55     66     62
     58     58     62     56     50
     58     62     60     53     70

     64     61     64     59     68
     63     65     64     62     53
     59     65     57     66     64
     59     59     62     58     50
     59     63     60     57     72

     66     66     66     62     72
     67     67     66     68     54
     63     67     59     73     66
     63     62     70     63     54
     65     68     65     61     77

     63     61     63     57     68
     64     61     63     61     49
     60     61     55     66     62
     60     58     64     60     50
     61     62     62     56     73

     60     59     60     55     66
     61     58     60     63     48
     56     58     53     65     60
     56     56     64     56     48
     59     59     58     54     70

     56     55     56     52     61
     57     56     56     58     44
     52     56     50     62     54
     52     50     59     52     45
     55     55     57     51     67

     55     53     54     48     58
     55     56     54     54     43
     50     56     47     58     55
     50     50     58     50     42
     50     53     51     46     64

     43     42     44     37     47
     44     42     44     42     31
     40     42     37     48     42
     40     39     44     40     34
     42     42     41     37     54

     37     36     36     31     40
     35     36     36     36     27
     34     36     30     39     36
     34     32     38     32     28
     35     35     35     32     44

     35     32     32     30     35
     31     34     32     33     25
     32     34     27     37     34
     32     28     32     32     24
     32     32     29     28     42

     31     29     30     26     35
     29     29     30     31     21
     28     29     24     34     31
     28     28     32     27     23
     27     29     29     26     35

     21     17     21     14     19
     21     21     21     21     13
     18     21     15     25     22
     18     16     21     20     14
     16     20     17     18     29

     14     13     15     12     16
     14     14     15     15      9
     14     14     12     17     14
     14     11     16     12     11
     14     14     14     13     16

     15     13     14     12     15
     16     14     14     14      9
     13     14     12     17     13
     13     12     16     12     11
     13     14     14     12     18

     23     22     22     20     26
     23     24     22     23     17
     20     24     19     26     24
     20     22     25     21     17
     22     23     23     20     28

     26     24     26     23     31
     27     26     26     25     18
     25     26     21     31     27
     25     24     28     24     17
     25     26     25     22     35

     30     30     30     27     33
     30     30     30     30     21
     30     30     24     36     30
     30     27     32     28     21
     29     31     28     26     40

     35     32     32     27     35
     32     31     32     32     23
     30     31     25     35     32
     30     29     34     28     22
     30     32     30     25     42

     31     30     31     27     35
     31     30     31     30     20
     29     30     24     36     31
     29     27     34     27     20
     29     31     30     26     43

     30     28     31     26     35
     31     31     31     30     19
     28     31     23     34     32
     28     28     33     27     20
     29     31     29     24     40

     31     28     29     25     35
     30     30     29     31     19
     26     30     23     34     29
     26     26     31     26     20
     28     29     29     23     40

     28     26     28     23     30
     27     26     28     26     16
     24     26     20     31     27
     24     23     30     24     17
     25     26     27     22     35

     27     26     28     22     32
     27     27     28     27     17
     24     27     21     31     27
     24     23     30     24     17
     26     27     26     22     38

     26     24     25     21     28
     24     25     25     25     16
     23     25     18     29     24
     23     22     27     23     15
     23     24     24     20     33

     26     24     25     20     29
     25     25     25     25     15
     22     25     19     28     26
     22     22     27     23     15
     23     24     23     19     34

     23     22     23     18     25
     22     23     23     21     13
     20     23     16     26     23
     20     18     24     20     13
     19     22     21     18     30

     21     20     21     16     23
     20     21     21     19     12
     19     21     14     24     21
     19     17     22     18     12
     18     20     20     16     28

     19     17     18     14     20
     18     18     18     18     11
     17     18     13     21     19
     17     16     20     17     11
     17     18     18     14     26

     16     14     14     11     18
     15     14     14     15      8
     13     14     11     18     14
     13     12     16     12      8
     14     14     13     12     21

      8      9      9      7     10
      9      9      9      9      5
      8      9      7     11     10
      8      7     10      8      5
      9      9      7      7     13

      5      4      4      3      5
      4      5      4      4      2
      3      5      3      4      4
      3      2      4      4      1
      5      3      2      3      6

      3      3      3      3      2
      3      4      3      3      2
      2      4      1      4      5
      2      2      2      3      1
      3      2      2      2      3

      5      4      4      3      5
      4      4      4      5      2
      3      4      2      6      4
      3      3      5      4      2
      4      4      4      3      6

      4      4      4      4      4
      5      4      4      4      2
      4      4      2      5      5
      4      3      3      4      2
      4      3      2      3      5

      6      6      5      4      6
      6      6      5      5      3
      5      6      4      9      6
      5      4      7      6      2
      5      5      5      4      7

     10      8      8      7     12
     10     10      8      9      4
      7     10      6     12     10
      7      6     11      8      4
     10      8      8      6     14

     11     10     12      8     13
     11     11     12     11      5
      9     11      7     14     11
      9      8     13      9      5
     11     10     10      8     19

     11      9      9      6     11
     11     10      9     10      5
      7     10      6     14     10
      7      8     11      8      5
      9      9      9      7     14

     12     10     11      7     13
     10     10     11      9      4
      9     10      7     13     11
      9      8     13      9      5
     10     11     10      8     15

      9      8      9      6     11
      8      9      9      9      4
      8      9      6     11      9
      8      8     11      7      4
      8      9      7      7     13

     11     11     11      7     13
     10      9     11     10      4
      9      9      6     12     10
      9      8     11      9      5
      9      9      9      7     13

     11     10     10      8     13
     10     10     10     11      4
      8     10      6     14     10
      8      8     14     10      4
      9     10      9      7     15

     12     11     11      8     14
     10     12     11     11      5
     10     12      8     13     12
     10      9     12      9      5
     11     10     10      8     18

     11     11     11      9     14
     10     11     11     11      4
      9     11      7     14     12
      9      9     13     10      5
     10     12      9      8     18

     12      9     11      8     13
     10     10     11     10      4
      9     10      6     12     12
      9      8     12      9      4
      9     11     10      8     17

     10      9     10      7     12
     10     11     10     11      3
      7     11      6     13     10
      7      8     12      8      4
      9      9      8      7     14

     12      9     11      7     13
     10     10     11     10      4
      9     10      6     12     12
      9      8     12      9      4
      9     11     10      8     17

      9     13      5      5      7
      9      6      5     13     10
     10      6     10      8     11
     10     12     12      6      9
      6     12      7     12     10

     11     10      7      8      9
     10     12      7      6     11
      9     12     10     12     14
      9     10     10     11      7
      8     15     10      9      9

      7     11     10      8     12
     11     10     10      7     11
      8     10     11     13     11
      8     10      8      9      7
     11      9      7      7     13

     10     13     12     10     10
     10     11     12     12     11
      8     11     13     13     12
      8      8      8     11     10
     10     14     11     10     12

      9     11      7      6      9
      9      8      7      7      7
      6      8      8      9      8
      6     10      7      8      9
     10      9     10      5     11

      7      8      7      5      7
      8      5      7      6      9
      7      5      7      8      6
      7      7      3      6      5
      3      5      7      4      8

     -6     -3     -1     -1      1
     -4     11     -1    -12    -25
     -2     11     -1      6      3
     -2      2     -7     -4     17
      7    -12    -11      3     18

      3      2      4      3      3
      3      5      4      5      1
      1      5      4      3      3
      1      5      1      2      2
      3      3      5      2      4

      2      5      2      2      1
      3      3      2      1      3
      1      3      0      2      2
      1      2      2      1      0
      1      3      3      1      2

      2      0      0     -2      0
      3      0      0      0      0
     -1      0      0      3      0
     -1      0      0      0     -1
      0      0      0      1      2

      2      2     -1     -1     -1
      1      0     -1     -1     -1
      0      0      0      0      1
      0     -1     -2      0     -2
      0      0      0     -1      1

      4      1      0     -2      1
      2     -1      0      0      0
      0     -1      0     -2     -2
      0      0      0      0      0
      1      1      4      0      0

      0      0      0      0      0
      1      0      0      0      0
      0      0      0      1      1
      0      0     -1     -1      0
      0     -1      0      0      0

     -1     -2     -3     -6      0
     -1     -1     -3     -1     -3
      2     -1     -1      0      2
      2     -1      0      3      0
      6      6      1      3      3

      1      2     -2     -2      2
      0     -2     -2      4      1
      1     -2      0     -1      0
      1      6      0     -3     -2
      0      0      0     -2      2

      2      0      0      0      0
      1      0      0      1      0
     -3      0     -2      2      1
     -3      2      0      0      0
      0     -1      0      0      2

      3      1     -2     -2     -1
      0      0     -2      0     -1
     -1      0      0      0      4
     -1     -1      0     -1      0
      0     -1      1     -3      0

      0      3      0      1      1
      3      2      0      1      1
      1      2      2      0      1
      1      2      0      0      1
      1      2      0      0      2

      0      0      0     -2      1
      2      2      0      0      0
      1      2      4      1      1
      1      0      0      1      0
      0      0      2     -1      1

      3      1      0      1      0
      2      2      0      4      0
      1      2      3      2      1
      1      2      1      2      1
      0      3      0      1      0

      4      4      3      2      2
      4      5      3      3      2
      2      5      3      3      0
      2      3      0      3      3
      2      4      3      0      5

      2      2      1      0      0
      5      1      1      0      1
      2      1      2      1      2
      2      2     -2      1      1
      0      0      4      0      4

      3      3      3      0      4
      5      2      3      4      4
      0      2      3      6      4
      0      2      0      3      0
      1      3      3      3      4

      7      7      4      5      5
      5      3      4      5      4
      3      3      4      4      4
      3      4      4      3      6
      6      5      5      2      7

      7     10      8      8      9
      7      5      8      6      5
      5      5      7      7      5
      5      5      6      6      5
      7      7      7      7      8

      8     11     10      8     10
      9      9     10      8     11
      7      9     10      9      9
      7      7      7      8      7
      9      9      6      7      8

      9     12      9      7      8
     10      8      9      9     10
      8      8      9     10      9
      8      9     10      8      8
      8     11      7      8     10

      9     12      7     10      9
      9      9      7      8      9
      7      9      9     10      9
      7      9     10      8      9
      8      8      9      8     11

     11     13     12     11     16
     10     10     12      9     15
     10     10     12     10     10
     10      7     10     10     11
      8      8     10     12     13

     13     11     12      7      9
     12     10     12      9     10
     10     10     11      8      9
     10      9     10     10      8
     10     10     10     11     10

     11     10      8      6     10
      9      8      8      9      9
     11      8     10     11      9
     11      8      8      9      8
      6      9      9      8     11

     10      9      7      7      8
      9      9      7      7      9
      9      9     11      9      8
      9      9      7      8      7
      6      8      9      9      7

      8      9      9      8      7
     10      7      9      9     10
      8      7      8      9      8
      8     10      9      8      7
      7      9      9      8      9

      7     10      8      8      9
      8     10      8      9      9
      8     10      9     10     10
      8      8      9      7      8
      9      9      7      5      9

      8      9      8      6      8
      9      8      8      8      8
      6      8      8     11      9
      6      7      8      7      4
      9      8      6      7      8

      8      7      8      6      9
      7      9      8      7      7
      7      9      6      8      6
      7      7      5      8      6
      8      7      7      6      7

      9     10      6      8      7
      9      8      6      7      8
      6      8      8      8      8
      6      8      6      6      7
      5      7      8      8      8

      6     10      8      7      6
      8      8      8      7      6
      7      8      7     10      8
      7     10      7      8      6
      5     10      6      7      9

      7      8      7      6      5
      9      7      7      9      6
      6      7      7      6      8
      6      7      5      6      6
      8      6      6      7      8

      8      8      8      6      7
      8      7      8      6      6
      8      7      7      8      7
      8      6      6      7      8
      6      8      7      5      8

      8      7      5      5      8
      9      7      5      6      7
      4      7      6      6      6
      4      8      5      7      6
      6      7      7      6      8

      6      7      8      5      6
      7      6      8      8      8
      6      6      8      7      7
      6      7      6      7      6
      6      6      9      5      7

      8      8      6      5      6
      9      6      6      7      7
      4      6      7      7      8
      4      6      8      5      3
      6      6      6      6      9

      6     10      6      4      6
      6      6      6      6      7
      6      6      6      6      5
      6      6      5      3      5
      5      6      6      4      6

      5      7      5      5      6
      6      7      5      7      4
      5      7      6      5      5
      5      6      4      4      6
      6      8      6      5      7

      6      5      5      4      7
      5      7      5      6      7
      4      7      4      7      5
      4      5      5      3      5
      5      5      4      4      7

      5      4      5      4      7
      6      5      5      6      5
      2      5      6      5      5
      2      4      3      5      2
      4      5      7      4      5

      4      6      6      5      6
      5      5      6      5      4
      4      5      5      5      5
      4      6      3      5      5
      4      5      6      4      4

      4      4      6      5      6
      5      5      6      7      5
      2      5      6      6      4
      2      6      6      3      4
      3      4      5      4      6

      4      4      5      2      6
      4      5      5      4      4
      1      5      4      4      5
      1      5      2      3      2
      4      4      6      4      4

      2      3      2      2      4
      5      4      2      2      4
      1      4      4      4      3
      1      3      2      3      2
      2      3      4      4      4

      5      5      3      2      3
      2      1      3      3      2
      4      1      3      4      4
      4      3      0      3      0
      3      2      4      2      3

      1      3      3      0      2
      4      3      3      2      1
      0      3      2      2      0
      0      2      0      2      1
      1      1      4      1      1

      0      1      1      0      1
      1      2      1      3      0
      1      2      1      0      1
      1      2      1      0      0
      1      1      1      0      1

      0      1      0      0      0
      1      1      0      1      0
      0      1      2      1      1
      0      2     -1      0     -1
      0      0      0      0      0

      0      1      0     -1      0
      0      0      0      0      0
      0      0      0      0     -1
      0      0     -1      0     -1
      0      0     -1     -1      1

      1      3     -1     -1      0
      0      0     -1      0      0
      0      0      0      0      0
      0      0      0      0     -1
     -1      2      0     -1      2

      0      1     -1     -1      1
      0      0     -1      0     -2
      0      0      1      0      2
      0      0     -1      0      0
      0      2      2      0      0

      1      0      0     -2      0
      0      2      0      0     -2
     -1      2     -1      1     -1
     -1      0     -1      0     -2
     -2      2      0      0      1

      0      0     -1      0      0
      0      0     -1     -1     -2
     -1      0      0      2      0
     -1      0      0     -1     -1
      0      0      1     -1      1

      1      1      1     -1      1
      1      1      1     -2      0
      0      1      0      1      0
      0      0     -2      0      0
      0      0      0      0      0

      0      0      0     -3      0
      1      1      0     -2      0
      0      1      0      2      0
      0      3     -2     -1      0
     -2      1      1      0      0

      0      1      0     -2      0
      1      0      0      0      0
     -2      0      0      0      1
     -2      1     -1     -1     -1
      0      0      2      0      0

      0     -1      0      1      0
      0      1      0      1      2
      1      1      0      2      0
      1      2      2      0      0
      0     -1     -1      0      0

      0     -1      0      0      1
      0      1      0      0      0
      0      1      0      0      0
      0      0      0      0      0
      0      0      0      0      0

     -1     -2      1      0      0
      0      1      1      1     -1
      1      1      0      2      0
      1      2      0      0     -1
      0      0      0      0      0

     -1      0      1      1      0
      0      0      1      0     -1
      1      0      1     -1      0
      1      1      0      0      0
      0     -2      0      0     -1

     -1     -1      1      0      0
      1      2      1      1      0
      1      2      0      1      0
      1      0      0      0      0
     -1     -1      1      0      0

     -2      0      0      0      1
      0      0      0      2     -1
      0      0      1      0      0
      0      1      1      0      1
      0      0      0      0      0

      0      0      0      0      3
      0      0      0      1      0
      0      0      0      1      1
      0      0      0      0      0
      0      0      1     -1      0

     -1     -1      0      0      0
      0      0      0      0      0
      0      0      0      0     -1
      0      0      0     -1      0
      0      0      0      0      0

      0     -2      1      0      0
      0      0      1      1      0
      0      0      1      0      0
      0      2      0     -1      0
     -2      0      0      0      0

     -1     -1      0      0      0
      0      2      0      1      0
      0      2      0      0      1
      0      0      1     -1     -1
      0      0      0      0      0

      1      0      3      1      0
      0      1      3      2      1
      1      1      1      1      3
      1      1      1      2      1
     -1      2      2      0      0

      2      0      4      3      4
      2      4      4      1      2
      1      4      1      4      1
      1      1      2      1      3
      1      1      0      2      2

      3      2      3      4      3
      3      4      3      3      2
      2      4      4      4      2
      2      3      2      2      2
      2      3      3      3      2

      2      1      2      3      4
      0      2      2      2      0
      2      2      2      2      2
      2      3      1      2      1
      1      2      1      1      1

      0     -1      2      0      0
      1      1      2      0      0
      0      1      1      1      1
      0      2      0      0      0
     -1      1      1      0     -1

      1      0      2      1      2
      0      2      2      1      0
      0      2      2      0      1
      0      3      2      0      0
      1      1      0      0      0

      3      2      3      1      3
      2      3      3      3      1
      1      3      3      3      2
      1      3      1      3      1
      2      3      3      1      2

      4      3      5      3      4
      3      5      5      4      3
      3      5      5      4      4
      3      5      3      3      4
      1      4      2      2      4

      1      1      4      3      2
      1      3      4      2      2
      2      3      4      4      3
      2      4      1      2      2
      2      3      3      2      4

      2      2      3      2      4
      2      3      3      2      3
      2      3      3      5      2
      2      3      3      2      3
      2      2      1      2      2

      2      1      2      2      4
      1      2      2      2      2
      3      2      3      4      2
      3      3      2      1      3
      2      1      3      2      1

      2      2      3      3      3
      2      5      3      3      2
      3      5      3      4      4
      3      3      1      2      2
      3      4      3      1      1

      3      3      5      4      3
      2      4      5      5      1
      3      4      4      4      4
      3      3      3      3      3
      3      3      3      3      3

      2      2      4      3      3
      2      5      4      4      2
      3      5      3      5      4
      3      4      4      5      4
      2      4      3      4      2

      3      2      5      6      4
      3      6      5      4      4
      3      6      5      5      3
      3      3      3      3      3
      1      2      3      3      3

      2      2      4      3      3
      3      5      4      3      3
      2      5      4      3      5
      2      4      3      1      4
      3      3      4      2      2

      3      1      5      5      4
      3      3      5      4      2
      4      3      5      3      4
      4      4      3      3      4
      2      2      2      2      3

      2      4      4      2      3
      3      3      4      3      3
      4      3      4      3      5
      4      4      3      1      3
      1      0      4      3      3

      3      2      5      3      2
      4      4      5      4      3
      3      4      5      4      3
      3      5      3      2      3
      3      2      3      2      3

      2      2      5      4      3
      2      4      5      4      2
      2      4      4      3      3
      2      4      4      2      2
      1      3      2      2      2

      1      1      2      2      2
      3      4      2      3      4
      4      4      3      4      4
      4      5      3      2      3
      1      2      1      0      2

      2      1      4      4      4
      3      4      4      3      2
      3      4      3      3      6
      3      3      1      2      1
      1      3      2      2      2

      1      3      4      3      2
      2      5      4      3      2
      2      5      3      3      2
      2      2      3      2      2
      0      1      3      1      2

      1      3      4      2      3
      0      4      4      3      2
      2      4      5      2      2
      2      3      2      3      2
      3      1      3      3      3

      3      3      4      4      2
      1      4      4      3      1
      1      4      4      3      3
      1      3      0      2      2
      1      0      1      2      2

      3      2      4      2      5
      3      3      4      4      2
      3      3      3      3      3
      3      2      3      2      3
      1      1      4      4      3

      1      1      2      4      3
      1      4      2      2      3
      2      4      4      3      3
      2      2      4      3      3
      3      1      1      2      2

      1      2      2      4      3
      3      3      2      2      2
      2      3      2      3      2
      2      3      2      4      0
      1      3      2      3      2

      2      1      4      1      3
      1      2      4      2      3
      0      2      2      2      3
      0      2      3      2      2
      1      1      3      1      3

      2      2      3      2      3
      3      4      3      2      4
      0      4      3      4      1
      0      2      2      3      1
      2      2      2      2      1

      0      3      2      3      3
      2      1      2      3      1
      1      1      2      5      2
      1      1      3      2      0
      1      1      0      1      2

      1      0      4      3      2
      2      3      4      5      3
      1      3      2      2      2
      1      2      2      3      2
      0      1      2      2      2

      2      1      3      2      4
      0      2      3      1      2
      2      2      2      2      4
      2      2      2      2      1
      1      2      1      2      2

      0      1      4      4      2
      1      4      4      1      2
      0      4      1      2      1
      0      1      2      0      2
      0      2      0      2      0

      2      2      2      3      2
      1      1      2      3      0
      1      1      0      3      3
      1      2      2      3      1
      1      0      0      2      3

      0      1      2      1      4
      0      3      2      2      1
      1      3      4      3      2
      1      3      4      1      0
      0      0      1      0      0

      3      2      1      2      1
      1      1      1      0      0
      0      1      2      1      0
      0      1      2      0      3
     -1      2      2      2      0

      0      1      4      2      2
      0      4      4      2      0
      2      4      2      1      1
      2      3      0      0      0
      1      0      2      2      1

      3      2      3      2      0
      1      0      3      1      0
      0      0      0      0      2
      0      3      2      1      0
      1     -2     -1      1      1

      1      0      2      3      1
      0      0      2      2      0
      0      0      1      3      2
      0      3      1      0      2
      1      0      0      1      0

      1      1      2      3      5
      3      2      2      3      2
      0      2      1      0      0
      0      1      2      2      0
      0      0      1      0      0

      0      0      2      0      1
     -1      0      2      0      0
      1      0      0      0      3
      1      1      3      0      0
      0      0      1      0      0

      0      0      0      0      1
      0      1      0      0      3
      1      1      1      2      0
      1      5      4      0      1
      0      1      0      0      0

      0      0      4      0      2
      1      2      4      2      0
      2      2      1      1      2
      2      1      1      0      1
      0      0      2      0      0

      1      2      5      0      0
     -2      1      5      0      1
      0      1      1      4      2
      0      0     -1      0      2
      0     -1      0     -2     -2

      0      1      2      0      1
     -3      3      2      0      3
     -1      3      2      0      0
     -1      2      1      0      0
      0      0      0      0      0

      1      0      2      0      2
      0     -1      2      1     -1
      0     -1      1      2      3
      0      0     -1     -1      0
      1     -1      2     -1      1

      0      1      3      0      3
     -1      6      3      0     -2
      1      6      0      1     -2
      1     -1      0      0      1
      1      0      0      0      0

      0      0     -1     -2      0
      0      1     -1     -1      1
      0      1      0      0     -2
      0      2      0     -1      0
      0      0      0      2     -3

      0      1      2      0      2
     -1      0      2      0      3
      1      0      0     -1      0
      1      0      1      1      0
     -1      1      0      1     -1

     -2      2      1     -1      0
     -1      1      1      0      1
      1      1      1      2      2
      1     -3      2      0     -1
      0      0      1      0      1

      0     -3      3      2     -1
      1      2      3      0      0
      0      2      0      3      1
      0     -1      3      1      1
      1      0      0      0      0

      2     -1      2      1     -1
      0      1      2     -3     -1
      4      1      2      2      0
      4     -2     -1     -2      0
     -1     -1     -1      1      0

     -3     -1      5      2      0
      0      3      5      1      0
      3      3     -2      3      1
      3     -1      0      0      0
     -3     -1      0      1     -1

