;
; ENVI ASCII Output of file: E:\Imaging\ROI_AVIRIS\5_1_11.img [Fri Nov 17 11:57:12 2017]
; File Dimensions: 5 samples x 5 lines x 224 bands
; Line Format    : (5i7)
;
    530    520    532    532    522
    521    540    530    533    525
    521    540    530    522    528
    509    541    541    522    528
    511    523    511    525    527

    616    625    620    620    623
    616    641    633    621    603
    616    641    633    612    612
    625    635    635    612    612
    625    613    625    607    627

    665    660    673    673    671
    654    676    650    673    649
    654    676    650    653    649
    679    669    669    653    649
    656    667    668    679    662

    834    830    844    844    845
    857    851    840    834    843
    857    851    840    829    816
    860    836    836    829    816
    849    853    832    842    842

   1239   1243   1239   1239   1225
   1244   1252   1227   1223   1219
   1244   1252   1227   1223   1212
   1246   1240   1240   1223   1212
   1236   1239   1242   1223   1226

   1301   1296   1297   1297   1302
   1307   1307   1299   1291   1295
   1307   1307   1299   1282   1284
   1305   1300   1300   1282   1284
   1304   1303   1295   1286   1275

   1228   1224   1224   1224   1218
   1241   1235   1234   1220   1217
   1241   1235   1234   1204   1206
   1236   1229   1229   1204   1206
   1236   1229   1233   1216   1196

   1138   1132   1123   1123   1130
   1134   1148   1132   1126   1138
   1134   1148   1132   1126   1110
   1135   1142   1142   1126   1110
   1143   1130   1127   1121   1105

   1231   1221   1219   1219   1221
   1239   1246   1230   1227   1217
   1239   1246   1230   1223   1210
   1235   1229   1229   1223   1210
   1226   1236   1217   1210   1206

   1244   1251   1244   1244   1245
   1254   1262   1255   1250   1241
   1254   1262   1255   1238   1236
   1251   1259   1259   1238   1236
   1259   1252   1242   1239   1226

   1220   1204   1203   1203   1205
   1232   1227   1225   1209   1209
   1232   1227   1225   1198   1187
   1213   1215   1215   1198   1187
   1222   1206   1196   1195   1186

   1136   1135   1121   1121   1131
   1152   1148   1131   1138   1138
   1152   1148   1131   1129   1119
   1138   1135   1135   1129   1119
   1137   1126   1125   1120   1107

   1078   1066   1064   1064   1067
   1080   1073   1073   1068   1073
   1080   1073   1073   1065   1058
   1076   1065   1065   1065   1058
   1080   1067   1062   1057   1047

    974    964    954    954    960
    977    975    967    963    967
    977    975    967    958    961
    962    965    965    958    961
    975    961    953    954    949

    880    868    868    868    877
    889    883    879    878    879
    889    883    879    873    876
    870    869    869    873    876
    877    870    866    871    856

    776    771    765    765    770
    790    782    774    782    778
    790    782    774    773    772
    773    767    767    773    772
    784    767    766    765    764

    685    676    677    677    684
    697    690    682    684    691
    697    690    682    682    690
    679    680    680    682    690
    687    673    674    672    677

    644    638    642    642    646
    657    652    650    647    654
    657    652    650    647    654
    646    644    644    647    654
    653    640    639    642    642

    602    599    607    607    607
    615    612    616    609    616
    615    612    616    610    616
    611    608    608    610    616
    617    606    603    611    607

    566    563    561    561    568
    577    568    568    573    570
    577    568    568    570    573
    563    562    562    570    573
    572    559    565    559    569

    521    512    509    509    522
    525    525    515    522    525
    525    525    515    518    530
    512    517    517    518    530
    522    509    511    517    527

    474    473    470    470    478
    480    477    480    477    484
    480    477    480    481    483
    478    473    473    481    483
    479    468    473    474    480

    442    433    438    438    440
    442    440    438    443    447
    442    440    438    447    454
    436    443    443    447    454
    445    432    433    441    443

    384    388    385    385    394
    394    394    392    391    394
    394    394    392    394    400
    388    390    390    394    400
    388    387    389    394    396

    356    357    355    355    365
    363    363    364    368    371
    363    363    364    366    374
    365    366    366    366    374
    359    356    363    364    370

    350    346    345    345    354
    350    355    353    349    353
    350    355    353    353    359
    346    352    352    353    359
    352    347    345    353    356

    318    322    325    325    329
    327    328    324    328    328
    327    328    324    328    335
    322    325    325    328    335
    328    321    323    326    334

    298    296    296    296    305
    298    300    300    301    303
    298    300    300    309    308
    295    301    301    309    308
    302    298    299    304    309

    283    280    287    287    287
    289    287    285    288    289
    289    287    285    293    295
    283    291    291    293    295
    292    286    287    292    295

    264    264    265    265    267
    266    267    265    268    268
    266    267    265    273    271
    260    268    268    273    271
    267    267    263    270    272

    248    249    246    246    252
    252    250    250    249    254
    252    250    250    255    256
    246    251    251    255    256
    253    249    249    256    257

    244    241    246    246    250
    240    249    248    247    250
    240    249    248    252    250
    242    246    246    252    250
    247    248    247    250    250

    245    238    244    244    253
    237    252    245    252    249
    237    252    245    253    250
    236    245    245    253    250
    243    244    247    252    256

    244    242    246    246    249
    241    249    247    246    250
    241    249    247    253    249
    242    246    246    253    249
    248    249    247    249    251

    225    225    230    230    231
    218    237    231    229    230
    218    237    231    236    235
    227    228    228    236    235
    229    233    232    234    232

    201    195    205    205    207
    199    205    204    201    203
    199    205    204    212    203
    195    201    201    212    203
    204    208    206    202    208

    177    174    178    178    184
    174    183    182    178    176
    174    183    182    188    182
    174    180    180    188    182
    179    181    180    180    182

    173    170    170    170    176
    167    175    169    169    171
    167    175    169    183    173
    168    172    172    183    173
    174    175    175    175    175

    158    151    157    157    159
    153    162    157    156    156
    153    162    157    167    156
    150    156    156    167    156
    159    161    157    157    159

    122    118    122    122    123
    118    127    121    120    120
    118    127    121    129    121
    120    120    120    129    121
    123    125    122    122    121

    131    126    130    130    133
    125    133    131    125    128
    125    133    131    139    128
    126    130    130    139    128
    133    137    132    132    131

    143    140    145    145    141
    137    146    141    137    141
    137    146    141    151    139
    137    142    142    151    139
    144    148    144    141    142

    142    141    144    144    144
    140    149    141    135    143
    140    149    141    157    140
    136    141    141    157    140
    145    151    146    142    143

     86     84     86     86     85
     84     88     85     82     83
     84     88     85     92     81
     83     84     84     92     81
     87     91     87     86     86

    112    112    112    112    112
    110    116    110    107    110
    110    116    110    123    107
    109    112    112    123    107
    114    119    114    111    111

    119    117    115    115    118
    113    122    116    111    114
    113    122    116    129    116
    114    116    116    129    116
    122    127    122    116    118

    109    109    109    109    109
    105    113    107    104    106
    105    113    107    119    106
    105    107    107    119    106
    110    115    109    107    108

    102    101    103    103    100
     98    107    102     93     98
     98    107    102    111     98
     96    100    100    111     98
    106    107    103     99     99

     95     91     94     94     90
     92     97     91     88     90
     92     97     91    103     88
     90     93     93    103     88
     94    103     92     92     91

     73     72     72     72     71
     72     77     71     67     72
     72     77     71     82     72
     71     74     74     82     72
     77     81     74     73     72

     76     76     75     75     75
     76     80     73     68     73
     76     80     73     84     72
     71     76     76     84     72
     75     82     76     74     74

     79     79     79     79     80
     77     83     79     71     76
     77     83     79     89     74
     76     80     80     89     74
     79     86     78     76     77

     83     84     85     85     83
     83     88     82     77     80
     83     88     82     95     80
     79     86     86     95     80
     87     92     84     84     84

     81     78     78     78     78
     79     84     77     71     75
     79     84     77     88     76
     75     77     77     88     76
     82     87     79     78     77

     79     78     76     76     75
     78     84     75     69     74
     78     84     75     89     73
     75     78     78     89     73
     81     84     77     75     77

     74     73     71     71     73
     71     79     70     64     70
     71     79     70     84     67
     69     74     74     84     67
     74     82     73     70     72

     71     70     69     69     68
     71     74     68     60     67
     71     74     68     82     65
     67     69     69     82     65
     71     78     67     64     69

     57     54     54     54     52
     54     59     52     48     51
     54     59     52     61     50
     52     54     54     61     50
     55     62     53     52     54

     47     46     44     44     44
     45     51     45     40     43
     45     51     45     54     42
     43     45     45     54     42
     48     54     46     43     44

     45     41     40     40     40
     41     47     40     38     41
     41     47     40     47     40
     41     39     39     47     40
     45     49     40     38     38

     38     37     37     37     38
     37     40     38     33     35
     37     40     38     44     35
     36     37     37     44     35
     41     45     37     34     37

     25     22     21     21     22
     24     29     25     23     22
     24     29     25     28     25
     25     24     24     28     25
     28     24     21     24     23

     20     16     14     14     17
     16     19     16     14     16
     16     19     16     19     17
     16     15     15     19     17
     17     19     17     16     17

     22     18     17     17     18
     18     19     18     16     20
     18     19     18     22     19
     17     17     17     22     19
     20     21     17     17     19

     33     33     31     31     30
     31     35     31     27     29
     31     35     31     39     29
     31     31     31     39     29
     34     38     30     29     30

     37     38     36     36     33
     37     39     34     29     34
     37     39     34     42     32
     37     35     35     42     32
     39     41     34     34     36

     45     42     42     42     41
     44     46     42     35     40
     44     46     42     51     40
     39     43     43     51     40
     46     51     43     39     41

     47     45     44     44     43
     46     49     42     37     41
     46     49     42     55     41
     41     45     45     55     41
     49     52     42     41     45

     46     45     43     43     42
     44     49     41     34     40
     44     49     41     52     41
     41     43     43     52     41
     49     51     42     40     42

     46     45     43     43     41
     43     48     41     35     40
     43     48     41     53     39
     41     44     44     53     39
     48     51     43     40     42

     45     45     41     41     40
     44     47     42     34     40
     44     47     42     51     40
     39     42     42     51     40
     48     49     41     37     42

     41     39     39     39     37
     38     44     37     31     38
     38     44     37     45     35
     36     38     38     45     35
     43     47     38     36     38

     41     41     37     37     36
     39     42     36     30     36
     39     42     36     48     35
     36     38     38     48     35
     43     46     38     35     38

     39     37     34     34     33
     36     42     34     28     33
     36     42     34     43     33
     34     36     36     43     33
     39     44     34     33     34

     38     38     35     35     33
     37     39     33     27     33
     37     39     33     41     32
     32     35     35     41     32
     37     44     34     31     34

     34     33     31     31     29
     33     35     29     25     29
     33     35     29     40     29
     30     31     31     40     29
     35     40     30     28     30

     31     30     29     29     27
     31     33     27     23     27
     31     33     27     37     27
     27     29     29     37     27
     32     36     28     26     28

     28     28     26     26     25
     29     31     25     20     25
     29     31     25     35     25
     25     27     27     35     25
     29     32     25     24     26

     22     22     20     20     20
     22     24     19     17     19
     22     24     19     25     19
     19     21     21     25     19
     23     25     20     18     21

     15     13     12     12     11
     11     13     10     10     12
     11     13     10     16     11
     10     12     12     16     11
     14     18     11     11     12

      5      4      4      4      4
      5      6      4      5      5
      5      6      4      6      4
      6      5      5      6      4
      6      6      5      5      4

      4      3      3      3      4
      3      4      4      4      4
      3      4      4      5      3
      4      5      5      5      3
      5      5      3      4      3

      6      4      4      4      5
      6      6      5      4      4
      6      6      5      6      6
      5      6      6      6      6
      7      7      4      4      5

      5      4      5      5      5
      5      6      4      4      5
      5      6      4      6      5
      5      5      5      6      5
      6      6      5      5      5

      9      6      7      7      7
      9     10      8      6      8
      9     10      8      8      7
      8      8      8      8      7
     11     12      7      7      8

     14     15     13     13     13
     14     15     13     10     12
     14     15     13     16     12
     13     15     15     16     12
     16     17     12     11     12

     17     16     15     15     15
     18     19     15     11     15
     18     19     15     22     14
     14     16     16     22     14
     18     19     15     14     16

     15     16     14     14     14
     16     16     13     11     14
     16     16     13     20     12
     13     14     14     20     12
     17     18     13     13     15

     17     16     15     15     14
     15     17     14     11     12
     15     17     14     20     14
     14     15     15     20     14
     18     20     14     13     15

     15     13     12     12     12
     14     15     12      9     12
     14     15     12     17     12
     11     14     14     17     12
     16     17     13     12     12

     15     16     13     13     13
     16     18     14     10     14
     16     18     14     20     13
     13     15     15     20     13
     16     21     14     13     15

     17     16     14     14     15
     16     18     14     11     13
     16     18     14     21     14
     14     16     16     21     14
     18     20     14     12     15

     18     17     17     17     15
     18     20     15     12     16
     18     20     15     23     15
     15     17     17     23     15
     21     23     16     14     16

     18     18     15     15     14
     18     20     14     11     15
     18     20     14     22     15
     15     17     17     22     15
     20     23     16     14     16

     18     17     14     14     14
     16     18     14     11     14
     16     18     14     21     14
     15     15     15     21     14
     19     20     14     14     14

     15     15     14     14     12
     15     15     12      9     13
     15     15     12     21     11
     13     14     14     21     11
     17     20     14     12     14

     18     17     14     14     14
     16     18     14     10     14
     16     18     14     21     14
     15     15     15     21     14
     19     20     14     14     14

     12     18     12     12     11
     16     13     13     13     18
     16     13     13     16     15
     16     14     14     16     15
     15     11     14     14     13

     15     16     13     13     12
     13     15     12     18     15
     13     15     12     16     15
     14     13     13     16     15
     16     14     11     17     16

     16     14     17     17     17
     18     18     13     15     17
     18     18     13     15     13
     16     13     13     15     13
     17     16     14     16     14

     15     16     15     15     10
     14     14      9     14     15
     14     14      9     19     16
     13     16     16     19     16
     14     16     16     13     12

     13     13     10     10     10
     12     15     10     15     13
     12     15     10      9     12
     13     12     12      9     12
     13     12     12     11     12

     10      8     10     10     10
      9     11      7     13     10
      9     11      7     12      7
     11     10     10     12      7
      9     10      9      8      6

     -2      8     23     23     16
     15      6     17     21     10
     15      6     17      8     17
     20     13     13      8     17
    105     77    100     86     91

      4      6      5      5      5
      6      5      3      5      5
      6      5      3      4      5
      5      5      5      4      5
      5      4      4      4      5

      3      4      3      3      3
      2      5      1      2      4
      2      5      1      4      4
      1      5      5      4      4
      2      4      3      1      4

      1      1      1      1      2
      0      0     -1      0      1
      0      0     -1      1      1
     -1      1      1      1      1
      0      0     -1     -1     -1

      1      1      0      0     -2
      0      1     -1      0      0
      0      1     -1      1      0
      0      1      1      1      0
      1      0      1      0      0

      2      0      1      1      2
      2      2     -2      0      0
      2      2     -2      1      0
     -2      2      2      1      0
      0      1      1      0      1

      0      0      1      1      1
      1      1     -1      1      1
      1      1     -1      0      0
      0      0      0      0      0
      0      1      0      0      0

     -2      2      0      0      0
      4      4      2      2      5
      4      4      2      0     -1
     -2     -2     -2      0     -1
     -1     -5     -1     -3     -4

      0     -1      0      0      1
      0     -2     -4      0      0
      0     -2     -4      4      1
     -3     -1     -1      4      1
      0      0      0      0      1

      1      2      0      0      1
      0      3     -2      2      3
      0      3     -2      0      0
     -1      0      0      0      0
     -1      1      1      0      0

      0      1      2      2      2
      2      0     -1      4      0
      2      0     -1      1      1
     -1      2      2      1      1
      0      0      1      0      0

      3      2      2      2      1
      2      1      0      4      4
      2      1      0      2      2
      1      5      5      2      2
      3      0      0     -2      2

      4      3      1      1      1
      1      3     -1      4      3
      1      3     -1      3      2
      0      5      5      3      2
      0      1      0      1      0

      1      3      3      3      6
      0      3     -2      4      4
      0      3     -2      5      3
      2      4      4      5      3
      2      0      0      1      1

      4      5      6      6      3
      5      5      1      5      4
      5      5      1      5      6
      3      4      4      5      6
      4      2      4      4      5

      1      4      2      2      2
      2      4     -1      3      3
      2      4     -1      3      2
      3      4      4      3      2
      1      3      1      2      3

      3      5      1      1      2
      6      4      1      4      6
      6      4      1      2      4
      1      5      5      2      4
      4      3      2      3      1

      7      8      8      8      6
      8     10      4      8      7
      8     10      4      8      8
      5     10     10      8      8
     11      6      8      7      6

      8      9     10     10     10
     10     12      8      9     11
     10     12      8     11     10
     11     10     10     11     10
     10      9      9     10      9

     13     13     10     10     12
     11     13     11     12     12
     11     13     11     12     13
     12     12     12     12     13
     12     11     11     11     10

     12     14     13     13     12
     14     13     12     13     13
     14     13     12     14     12
     11     12     12     14     12
     14     13     14     10     11

     13     13     12     12     12
     13     13     11     14     15
     13     13     11     15     14
     12     14     14     15     14
     12     14     11     14     11

     16     18     13     13     16
     19     17     13     15     17
     19     17     13     15     13
     15     12     12     15     13
     14     15     11     17     12

     15     15     14     14     14
     16     13     12     17     16
     16     13     12     14     15
     12     14     14     14     15
     14     13     14     16     14

     13     14     14     14     15
     16     14     12     14     15
     16     14     12     13     13
     12     13     13     13     13
     14     14     11     11     11

     13     10     12     12     12
     11     12      9     12     14
     11     12      9     11     12
     12     14     14     11     12
     12     12     11     12     11

     12     12     11     11     12
     12     13     11     12     11
     12     13     11     13     15
     10     12     12     13     15
     13     12     11     12     10

     12     12     12     12     13
     14     13      9     12     11
     14     13      9     13     12
     12     12     12     13     12
     14     10     12     12     11

     13     12     11     11     10
     13     12      9     10     11
     13     12      9     10     12
      9     13     13     10     12
     12     11     10     10      9

     10     13     11     11     11
     11     12      8     12     11
     11     12      8     11     11
     11      9      9     11     11
     12      9     10     10      9

     12     11     12     12     12
     11     13     10     11     10
     11     13     10     11     10
     11     11     11     11     10
     11     11     10     12     12

     10     11     11     11     12
      8      9      9     11     11
      8      9      9     11     13
     11     12     12     11     13
     12     10      8     11      9

      9     11     10     10     11
     10     10      8     11     11
     10     10      8     11     11
      8     12     12     11     11
      9      9     11     10      9

     10     10     11     11     10
      9     10      9      9     10
      9     10      9      9     10
      8     11     11      9     10
     10      7      9     10      8

     10      8     11     11      9
      9     10     11     10     10
      9     10     11      9      9
     10      9      9      9      9
     10      9      8     10      8

     10      8     10     10     10
      9      9      8      8      9
      9      9      8      8      9
     10      9      9      8      9
     12      8      7      9      7

      8     10     10     10      8
      8     10      8     10     10
      8     10      8      9      9
      8      9      9      9      9
      9     10      7      9      8

     10      7      9      9      8
      9      9      7      9     10
      9      9      7      9      9
      7     11     11      9      9
      8      9      8      8      7

      7      8     10     10      8
      6     10      7      9      8
      6     10      7      8      9
      7      9      9      8      9
      9      7      7      8      9

      6      7      7      7      7
      8      8      5      9      6
      8      8      5      7      9
      7      8      8      7      9
      8      6      6      8      8

      7      9      7      7      9
      7      6      4     10      9
      7      6      4      9      9
      7      8      8      9      9
      6      7      5      6      9

      7      6      6      6      5
      6      7      6      8      7
      6      7      6      7      7
      6      8      8      7      7
      7      5      8      6      6

      4      8      5      5      5
      6      5      3      8      7
      6      5      3      6      6
      4      5      5      6      6
      7      8      7      5      4

      5      7      5      5      6
      6      7      7      6      5
      6      7      7      6      5
      5      4      4      6      5
      4      6      6      4      4

      4      4      5      5      4
      5      7      2      6      4
      5      7      2      5      7
      4      6      6      5      7
      6      4      5      2      5

      4      6      4      4      4
      3      6      2      5      4
      3      6      2      5      5
      4      5      5      5      5
      3      2      4      3      5

      3      3      3      3      3
      5      3      2      5      3
      5      3      2      3      3
      1      3      3      3      3
      3      2      1      3      1

      3      3      1      1      4
      2      0      0      3      3
      2      0      0      3      2
      0      3      3      3      2
      3      1      0      0      0

      3      1      2      2      2
      0      1      0      3      1
      0      1      0      0      1
      0      0      0      0      1
      1      0      0      0      1

     -1      0      0      0      0
      0      0     -3      2      0
      0      0     -3      1      0
      0      1      1      1      0
      1      0      0      0      0

      1      0      1      1      0
      0      0     -2      1      1
      0      0     -2      1      0
     -1      1      1      1      0
      3      0      0      0      1

      0      1      0      0      0
      1      2     -2      1     -1
      1      2     -2      0      1
      0      2      2      0      1
      0      0      1     -1     -1

      0      0      0      0      0
      2      0     -1      0      1
      2      0     -1      0      0
      0      0      0      0      0
      0     -2      0      1      0

      0      0      1      1      0
      0      0     -2      0      1
      0      0     -2      0      0
      0      1      1      0      0
     -1      0      0     -1     -1

      0      2      0      0     -1
      2      1      0      0      1
      2      1      0     -1      1
      1      0      0     -1      1
      1     -1     -1      0      0

     -1      0      2      2      0
      1      1     -2      1      0
      1      1     -2      1      0
     -1      0      0      1      0
      0     -1      0      0      0

     -1      0      0      0      0
      0      1      0      1      1
      0      1      0      0      1
      0      2      2      0      1
      0      0      0      1     -1

      2      0      0      0      0
      0      0      0     -3     -1
      0      0      0      0     -1
      1      0      0      0     -1
      0      0     -2      0      0

      0      0      0      0      0
      0      0      0     -1      0
      0      0      0      0     -2
      0     -1     -1      0     -2
      1      0     -2      0      0

      0      0      0      0      0
      0      1     -1     -2     -1
      0      1     -1      0      0
     -1      0      0      0      0
      2      1     -2      0      0

      0      0      0      0      2
      1      0      1     -2      0
      1      0      1      0      0
      0      0      0      0      0
      0      0     -1      0      0

      3      1      0      0      0
      0      0      1     -1      0
      0      0      1     -1     -1
      1      0      0     -1     -1
      1      0     -2      1      2

      1      1      0      0      0
     -1      0      1     -1      0
     -1      0      1     -1      0
      0      0      0     -1      0
      1      0     -1      0      0

      0      0      0      0      0
      0      0      1      0      2
      0      0      1      0     -1
      0      0      0      0     -1
      0      0     -1     -2      0

      1      1      1      1      0
      0      0      0     -1      0
      0      0      0     -1      0
      0      0      0     -1      0
      1      1      0      0      0

      1      0      0      0      1
      0      0      0     -2      0
      0      0      0      0      0
      0      1      1      0      0
      1      0     -1      0      0

      0      2      0      0      0
      1      0      0     -1      1
      1      0      0      0      0
      0      1      1      0      0
      0      0     -1      0      1

      2      2      2      2      1
      2      1      0      0      0
      2      1      0      0      2
      1      2      2      0      2
      1      1     -1      1      0

      2      2      4      4      3
      4      2      3      0      3
      4      2      3      0      2
      2      3      3      0      2
      4      2      0      1      2

      5      4      3      3      3
      5      3      4      2      3
      5      3      4      2      2
      3      3      3      2      2
      3      3      1      2      4

      3      3      3      3      2
      3      2      2      1      3
      3      2      2      0      1
      1      2      2      0      1
      2      3      0      0      3

      2      2      1      1      1
      2      1      1      1      1
      2      1      1      1      1
      1      0      0      1      1
      0      1     -2      0      0

      2      1      1      1      1
      0      2      1      1      0
      0      2      1      0      0
      1      1      1      0      0
      1      1      0      0      2

      4      4      3      3      3
      4      4      4      2      4
      4      4      4      2      2
      6      4      4      2      2
      4      2      1      2      3

      5      4      3      3      5
      5      6      5      4      6
      5      6      5      3      5
      5      5      5      3      5
      7      4      4      4      4

      5      4      4      4      5
      4      5      4      4      4
      4      5      4      2      4
      4      4      4      2      4
      4      4      3      2      4

      4      3      3      3      4
      3      5      2      1      3
      3      5      2      3      1
      3      2      2      3      1
      3      3      2      2      3

      3      4      4      4      4
      4      3      4      2      3
      4      3      4      3      3
      3      3      3      3      3
      4      3      3      1      2

      5      4      3      3      4
      5      3      4      2      5
      5      3      4      5      4
      4      3      3      5      4
      4      3      3      3      4

      5      5      4      4      4
      5      4      6      3      4
      5      4      6      3      4
      4      4      4      3      4
      5      5      3      4      4

      4      4      4      4      4
      5      3      4      4      6
      5      3      4      4      2
      4      4      4      4      2
      5      5      2      4      4

      4      6      4      4      4
      4      4      6      3      5
      4      4      6      4      3
      4      3      3      4      3
      5      5      3      3      6

      5      4      4      4      4
      5      3      4      2      5
      5      3      4      4      4
      3      3      3      4      4
      5      3      2      3      5

      5      3      5      5      4
      4      4      5      3      4
      4      4      5      4      4
      4      4      4      4      4
      4      6      2      5      4

      5      5      5      5      5
      5      5      3      4      4
      5      5      3      4      4
      6      4      4      4      4
      5      4      2      3      4

      6      4      4      4      4
      5      4      5      3      5
      5      4      5      4      3
      4      6      6      4      3
      3      5      2      3      5

      4      4      3      3      5
      4      5      5      3      4
      4      5      5      3      3
      3      3      3      3      3
      4      2      1      5      5

      7      2      3      3      2
      4      3      5      3      5
      4      3      5      4      3
      4      4      4      4      3
      3      4      2      4      5

      5      4      5      5      3
      2      4      5      3      4
      2      4      5      2      3
      2      2      2      2      3
      5      4      3      2      4

      3      3      4      4      2
      2      3      3      1      4
      2      3      3      2      3
      3      4      4      2      3
      3      4      2      1      3

      4      2      1      1      4
      3      3      5      2      6
      3      3      5      3      3
      3      2      2      3      3
      3      2      2      2      4

      5      4      3      3      4
      3      3      3      1      5
      3      3      3      3      2
      3      4      4      3      2
      5      4      2      4      4

      5      4      3      3      3
      2      4      3      4      4
      2      4      3      2      2
      3      2      2      2      2
      4      3      3      5      4

      4      3      2      2      3
      4      3      5      4      5
      4      3      5      2      2
      4      2      2      2      2
      5      3      4      2      4

      5      5      3      3      4
      3      3      5      1      4
      3      3      5      2      2
      3      3      3      2      2
      3      4      2      3      4

      6      3      3      3      3
      3      2      3      3      4
      3      2      3      2      2
      4      3      3      2      2
      3      2      2      2      3

      3      1      3      3      2
      4      3      2      2      2
      4      3      2      1      2
      4      2      2      1      2
      4      3      1      2      4

      4      4      3      3      3
      4      1      3      1      5
      4      1      3      1      3
      4      3      3      1      3
      3      3      2      5      3

      4      2      3      3      2
      2      1      1      1      1
      2      1      1      3      2
      4      4      4      3      2
      4      3      2      3      3

      3      2      3      3      3
      5      1      2      2      2
      5      1      2      1      1
      4      5      5      1      1
      3      1      3      2      1

      4      3      6      6      2
      2      2      2      0      3
      2      2      2      1      0
      3      0      0      1      0
      3      4      1      1      1

      4      2      2      2      1
      0      2      1      1      3
      0      2      1      1      1
      1      3      3      1      1
      4      2      3      1      3

      2      1      2      2      2
      3      2      2      1      5
      3      2      2      1      2
      3      2      2      1      2
      3      3      0      0      2

      4      1      4      4      1
      1      1      4      0      1
      1      1      4      2      2
      4      2      2      2      2
      1      2      1      0      0

      4      0      2      2      1
      2      0      2      1      3
      2      0      2      0      0
      2      3      3      0      0
      2      1      3      1      0

      3      2      2      2      1
      0      0      3      0      0
      0      0      3      2      1
      2      0      0      2      1
      2     -1      1      0      2

      2      3      2      2      2
      1      1      0     -2      3
      1      1      0      0      2
      2      0      0      0      2
      3      2      0      0      1

      3      1      0      0      0
      1      2      0      0      2
      1      2      0      0      2
      1      1      1      0      2
      0      2      0      0      1

      0      1      0      0      1
      1      2      1     -1      2
      1      2      1      1      0
      0      1      1      1      0
      3      0     -1      1      0

      2      3      1      1      1
      0      0      1      0      1
      0      0      1      0      0
      0      1      1      0      0
      0      1      0     -1      1

      2      1      0      0      4
      0      0      1      0      0
      0      0      1     -2      0
      2      2      2     -2      0
      3      2      0      1      2

      0      2      2      2      2
      0      0      1      0      0
      0      0      1      1     -1
      1      1      1      1     -1
      1      1     -1      0      0

      1      2      1      1      2
      0      0      2     -1      1
      0      0      2      2     -1
      0      0      0      2     -1
      2      0     -2     -1      0

      1      1      1      1      1
      1      0      2     -2      1
      1      0      2      1     -1
      2      3      3      1     -1
      2      1      0      0      0

      1      3     -1     -1      1
      0      3      0      1      0
      0      3      0     -2     -6
     -1     -1     -1     -2     -6
      1      0      0     -1      0

      2      2      0      0     -1
      2      0      1     -3      0
      2      0      1      0     -1
     -1      1      1      0     -1
      1      0     -3      0      0

      0      0     -2     -2      0
      0     -1      0      0      1
      0     -1      0     -1     -2
      1     -1     -1     -1     -2
      3      3     -2      0      0

      3      2      1      1      0
      0      2      1     -1      0
      0      2      1     -1     -1
      2      0      0     -1     -1
      0      2     -1      0      2

      1      0      1      1      0
     -1     -1      1      0      1
     -1     -1      1      0      1
      4     -1     -1      0      1
      0     -1      0      0      2

     -2      1      1      1      0
     -1      0      0     -2      1
     -1      0      0     -1     -2
      2      1      1     -1     -2
      1     -2     -2      0      0

      0     -1      2      2      1
     -1      0      0      0      0
     -1      0      0     -1     -1
      0      0      0     -1     -1
      0      1      0      0      0

