;
; ENVI ASCII Output of file: E:\Imaging\ROI_AVIRIS_TestSet\5_1_5.img [Wed Dec 06 10:48:46 2017]
; File Dimensions: 5 samples x 5 lines x 224 bands
; Line Format    : (5i7)
;
    555    533    542    504    504
    541    541    524    533    534
    542    545    537    543    525
    529    523    549    551    520
    545    531    531    514    530

    605    655    611    619    619
    630    630    619    623    619
    648    640    644    630    634
    629    635    634    630    630
    631    639    644    633    647

    680    699    690    680    680
    676    676    668    678    657
    685    695    680    689    687
    669    683    699    690    680
    702    688    700    687    700

    856    876    855    853    853
    870    870    872    857    862
    881    879    876    866    863
    863    873    863    863    861
    877    872    872    881    870

   1271   1267   1287   1247   1247
   1285   1285   1280   1268   1246
   1308   1288   1281   1287   1267
   1287   1278   1285   1286   1290
   1291   1287   1295   1292   1285

   1333   1328   1335   1312   1312
   1349   1349   1338   1334   1322
   1342   1344   1341   1338   1335
   1337   1343   1346   1340   1343
   1347   1339   1336   1341   1350

   1264   1265   1256   1235   1235
   1257   1257   1257   1250   1239
   1265   1271   1270   1268   1262
   1257   1260   1259   1263   1265
   1262   1246   1270   1261   1263

   1151   1156   1147   1138   1138
   1163   1163   1153   1152   1135
   1170   1166   1162   1168   1154
   1154   1151   1150   1161   1165
   1172   1155   1167   1157   1168

   1234   1240   1229   1221   1221
   1257   1257   1252   1248   1228
   1260   1253   1265   1248   1244
   1239   1242   1251   1255   1258
   1247   1233   1246   1240   1258

   1238   1255   1245   1240   1240
   1269   1269   1259   1257   1242
   1266   1273   1274   1266   1265
   1252   1260   1260   1266   1276
   1256   1240   1259   1257   1258

   1204   1209   1215   1203   1203
   1229   1229   1221   1216   1217
   1226   1234   1232   1221   1217
   1210   1214   1221   1220   1231
   1203   1210   1216   1212   1220

   1128   1132   1135   1130   1130
   1145   1145   1137   1136   1129
   1142   1144   1157   1142   1137
   1132   1134   1141   1147   1152
   1130   1132   1144   1134   1145

   1050   1062   1062   1064   1064
   1069   1069   1076   1074   1065
   1079   1078   1077   1078   1075
   1049   1059   1073   1074   1082
   1065   1055   1063   1063   1071

    949    951    959    957    957
    965    965    967    967    961
    968    968    963    964    967
    952    955    958    963    970
    955    950    963    952    965

    854    854    860    859    859
    875    875    873    875    868
    865    872    881    869    866
    857    852    869    871    882
    851    859    856    857    864

    747    749    763    764    764
    760    760    767    768    760
    766    777    773    769    770
    749    756    765    761    771
    750    748    758    751    763

    655    664    670    670    670
    672    672    671    678    672
    671    675    676    675    671
    657    658    668    668    675
    658    656    667    660    671

    619    629    632    634    634
    636    636    635    642    637
    635    639    642    639    637
    620    624    634    634    645
    623    620    632    625    633

    582    594    593    597    597
    599    599    599    605    601
    599    603    606    603    602
    583    589    598    600    613
    587    583    597    589    594

    542    546    557    555    555
    550    550    559    567    556
    553    559    567    559    560
    541    554    552    554    565
    541    546    549    548    554

    492    500    506    504    504
    507    507    509    519    515
    507    510    517    511    513
    498    499    503    507    515
    495    493    503    497    510

    450    456    463    465    465
    465    465    469    471    470
    464    464    473    472    470
    453    457    464    463    468
    453    452    461    461    462

    420    422    434    428    428
    431    431    435    435    435
    429    430    436    435    431
    421    417    429    434    435
    416    415    432    418    427

    372    369    379    379    379
    379    379    386    384    384
    379    381    384    382    382
    369    376    378    386    386
    371    368    379    372    377

    342    353    356    355    355
    351    351    355    354    354
    356    356    359    357    354
    343    348    354    350    359
    345    339    349    344    351

    329    332    339    340    340
    340    340    341    344    343
    339    344    347    345    344
    331    336    336    340    345
    328    328    334    335    335

    308    311    318    316    316
    313    313    318    320    317
    315    315    320    317    317
    303    307    311    312    321
    306    307    311    308    311

    282    287    297    288    288
    288    288    290    294    295
    287    293    294    295    290
    281    281    290    288    296
    283    280    288    285    290

    270    277    280    274    274
    278    278    280    284    281
    279    278    281    279    283
    271    274    277    277    281
    270    265    275    269    279

    246    256    259    258    258
    257    257    257    260    259
    254    260    261    259    260
    249    250    255    260    260
    249    250    253    251    252

    234    238    243    245    245
    242    242    243    246    244
    238    246    247    244    242
    237    237    242    246    244
    235    234    238    236    240

    228    233    240    240    240
    237    237    237    240    238
    236    240    240    239    238
    227    228    234    241    236
    232    233    233    230    232

    224    238    236    240    240
    235    235    234    241    238
    235    242    242    233    235
    228    232    229    241    237
    228    229    236    235    232

    229    232    239    239    239
    235    235    237    240    238
    235    240    238    239    238
    226    229    234    241    237
    232    233    232    230    232

    209    215    218    219    219
    219    219    218    223    225
    217    222    224    219    223
    207    218    216    226    220
    214    215    217    215    218

    187    186    193    195    195
    191    191    192    195    197
    193    196    195    194    199
    185    191    188    196    195
    190    193    190    191    191

    166    163    170    169    169
    165    165    171    175    172
    166    173    172    170    174
    158    167    168    174    173
    166    167    168    169    170

    160    157    161    162    162
    155    155    162    165    167
    163    164    164    164    166
    152    162    161    166    168
    157    160    161    161    158

    148    142    148    147    147
    142    142    151    150    152
    146    150    147    150    152
    138    146    147    150    150
    145    144    148    148    147

    115    112    114    113    113
    110    110    114    118    119
    116    116    113    116    118
    105    114    112    117    117
    112    111    114    113    114

    121    114    122    122    122
    112    112    124    126    126
    122    124    119    126    124
    112    122    123    127    126
    120    119    120    123    122

    132    127    131    131    131
    124    124    134    132    138
    133    135    128    134    134
    122    135    130    137    136
    129    131    128    131    132

    133    125    129    131    131
    121    121    136    134    135
    133    133    127    137    141
    122    133    131    137    136
    128    129    129    133    132

     82     76     77     77     77
     72     72     81     81     82
     80     79     77     79     83
     72     81     79     82     84
     80     78     79     79     81

    105     98     99    100    100
     94     94    104    107    109
    102    102     97    107    108
     93    104    102    105    106
    101    102     98    104    101

    112    102    106    107    107
     97     97    111    108    114
    106    107    102    111    112
     96    111    108    111    111
    105    106    107    109    110

    102     91     95     97     97
     87     87    100    100    103
     99     98     91    102    105
     88    100     99    102    103
     96     98     96    100     97

     93     86     88     91     91
     80     80     94     93     96
     89     92     84     94     96
     81     97     91     94     98
     89     90     89     90     92

     89     78     81     81     81
     73     73     86     83     87
     84     83     77     87     89
     72     87     83     86     91
     80     82     81     86     83

     72     61     65     67     67
     58     58     68     66     73
     67     68     61     71     73
     57     71     67     71     71
     66     65     65     69     68

     71     64     63     63     63
     59     59     69     70     72
     67     67     61     69     72
     59     68     67     71     73
     65     69     66     70     68

     76     64     69     66     66
     60     60     70     70     75
     70     72     63     73     75
     61     73     69     74     75
     67     71     68     71     69

     82     70     70     72     72
     63     63     76     75     80
     74     74     67     77     80
     64     79     75     78     81
     75     75     72     76     75

     77     63     68     69     69
     58     58     73     70     74
     68     69     61     72     73
     61     71     69     74     74
     69     69     67     70     69

     74     63     66     63     63
     55     55     71     68     72
     69     68     61     71     74
     58     72     68     71     74
     65     66     64     68     69

     68     58     59     61     61
     52     52     66     65     68
     64     63     56     68     70
     54     68     64     66     69
     63     64     61     66     64

     68     56     59     58     58
     50     50     64     60     63
     61     62     54     64     65
     51     64     61     63     67
     61     61     57     63     61

     52     43     45     46     46
     39     39     49     47     50
     46     47     41     48     52
     41     52     48     51     53
     48     47     46     47     49

     44     38     38     38     38
     32     32     42     39     44
     41     41     35     44     45
     33     43     43     44     45
     40     41     40     42     40

     43     34     36     36     36
     29     29     38     36     41
     36     36     32     40     41
     31     38     37     39     40
     37     38     36     40     38

     36     29     32     32     32
     25     25     36     34     35
     33     32     29     37     39
     27     34     35     35     40
     34     34     32     33     35

     27     19     22     20     20
     16     16     23     24     25
     25     22     18     24     24
     18     24     24     27     27
     24     25     23     25     23

     18     14     14     14     14
     11     11     17     17     15
     17     14     13     18     18
     14     16     17     18     17
     16     16     14     17     16

     21     15     16     13     13
     13     13     17     18     18
     18     17     13     17     19
     13     18     16     18     20
     17     18     16     19     18

     32     24     26     25     25
     21     21     28     26     29
     27     28     22     29     29
     21     30     27     31     33
     27     29     26     29     29

     36     26     29     28     28
     23     23     35     32     34
     32     31     25     35     34
     24     33     33     35     35
     31     32     30     34     33

     42     30     33     34     34
     27     27     38     37     40
     36     36     29     40     40
     28     38     38     39     40
     36     36     35     37     36

     46     33     35     34     34
     27     27     40     38     41
     37     38     30     42     42
     29     43     40     42     42
     37     38     37     41     40

     43     31     33     34     34
     26     26     39     37     39
     37     36     28     40     41
     28     39     38     40     41
     35     37     35     41     39

     43     32     33     34     34
     26     26     38     36     40
     36     35     28     39     43
     28     39     38     38     42
     34     36     34     37     37

     44     30     32     33     33
     25     25     38     35     40
     35     34     28     39     41
     28     39     37     38     42
     34     36     33     38     36

     40     27     29     28     28
     22     22     34     32     36
     32     32     26     36     38
     25     36     33     35     38
     33     32     31     34     33

     38     27     30     30     30
     22     22     33     32     37
     31     31     25     36     38
     23     36     33     34     36
     31     33     30     35     33

     35     26     27     28     28
     20     20     32     30     33
     29     30     23     32     34
     22     32     31     33     35
     29     30     29     31     31

     36     24     27     27     27
     20     20     31     28     33
     29     27     23     33     34
     22     32     30     31     34
     29     29     26     30     30

     33     22     25     24     24
     17     17     29     25     30
     26     25     19     30     31
     20     30     27     29     32
     26     26     26     28     27

     31     20     22     21     21
     16     16     26     24     28
     25     23     18     27     28
     18     28     25     26     29
     24     24     23     26     25

     29     19     20     19     19
     14     14     24     22     25
     23     21     17     25     25
     16     25     23     24     26
     22     22     20     24     23

     24     14     16     15     15
     11     11     19     17     19
     18     18     12     20     20
     13     19     18     19     21
     17     17     15     18     19

     13      8     10      9      9
      6      6     12     10     13
     11     10      7     11     11
      8     11     11     11     12
     11     11      9     12     11

      6      4      4      4      4
      3      3      4      3      4
      4      4      3      5      6
      3      5      4      4      5
      4      4      3      4      6

      6      3      3      3      3
      2      2      2      4      3
      4      3      2      4      4
      2      3      2      5      4
      3      4      4      3      4

      7      3      5      4      4
      2      2      5      5      5
      5      5      3      5      6
      3      5      5      6      6
      5      6      5      5      6

      6      3      3      4      4
      2      2      4      4      4
      6      4      3      6      4
      3      5      4      5      6
      5      4      4      4      5

     10      6      6      6      6
      4      4      7      7      7
      6      7      4      9      8
      5      7      7      7      8
      8      7      6      6      8

     15      9     10     10     10
      6      6     11     10     13
     10     11      8     13     13
      8     13     13     14     15
     12     12      9     11     13

     17     10     12     12     12
      8      8     15     13     15
     13     13      9     15     17
      9     15     14     15     16
     13     14     12     14     14

     15     10     11     10     10
      6      6     12     12     14
     12     12      8     14     14
      7     13     13     14     15
     12     12     11     13     13

     16     10     11     11     11
      8      8     13     11     14
     13     11      8     14     16
      9     15     14     14     16
     12     12     12     13     14

     16      8      9      9      9
      6      6     12      9     12
     10     10      7     11     13
      7     13     11     12     14
     11     11     10     12     12

     16     10     11      9      9
      6      6     14     12     14
     13     11      7     15     15
      8     14     12     14     15
     12     13     11     13     13

     18     10     10     11     11
      7      7     15     12     15
     12     11      7     15     15
      8     15     13     14     14
     12     12     11     15     13

     19     10     12     13     13
      7      7     14     14     17
     14     13      9     17     17
      8     15     15     15     17
     14     14     12     16     15

     19     11     12     13     13
      6      6     14     13     15
     12     12      8     15     16
      8     16     14     16     18
     13     13     12     15     14

     18      8     12     11     11
      6      6     14     13     14
     14     13      8     15     15
      8     14     14     14     15
     14     12     10     13     14

     17      9     11      9      9
      6      6     13     12     12
     12     11      6     14     14
      8     13     11     13     14
     12     12      9     12     12

     18      8     12     11     11
      6      6     14     13     14
     14     13      8     15     15
      8     14     14     14     15
     14     12     10     13     14

     15     12     14     10     10
      6      6     11     15      5
     13     12     12      9     16
     14     13      8     12      8
     15      4     15     10     18

     13     12     17     12     12
      7      7     15     17     11
     14     13     12     11     15
      8     12     13     14     13
      7      9     15     16     12

     15     13     11     11     11
      7      7     11     15     12
     13     13     13     15     12
      9     11     13     15     12
     11     10     13     10     13

     17     13     10     12     12
      7      7     12     14     13
     15     14     11     13     17
      9     11     10     11     10
     11      7     13     12     12

     10      7      8     10     10
      6      6     12     10      9
     12     12     11     12     13
      9     11      9     13      6
     11      8     12      9     13

      9      9     10      5      5
      7      7      9      8     10
      7      9     10      8     10
      5      9      8      8      7
      7      8      8      9      7

     70     61     59     14     14
     11     11     10     15      6
    -10      9     15      3    -10
      9     12     11     -5      0
     12     11     -6     14     17

      6      6      4      4      4
      2      2      5      6      3
      3      8      5      3      4
      3      2      3      3      4
      3      3      5      5      5

      4      2      5      2      2
      0      0      1      5      1
      4      2      3      2      4
      2      1      4      2      3
      3      1      4      2      4

      2      0      2      2      2
     -1     -1      0      1      0
      1      0      1      0      0
      1      1      1     -1      0
      2      0      0      0      0

      0     -1      0      0      0
     -3     -3      0      1      1
      1     -1      0      0      0
      0      1      0     -1      0
      0      0      1     -2      0

     -1     -1      1      0      0
     -1     -1      0      0      0
      0      2      0      0      0
     -5     -2     -1      0     -2
      0      0      0      0      1

      2      0      0     -2     -2
      0      0      0      1      0
      1      0      0      0      2
     -1      0      1      0      0
      0      1      2      0      0

      2      1      1     -1     -1
     -5     -5      2     -1      0
     -1      2     -2     -3     -3
     -5     -1     -3     -3     -7
     -4     -5      0     -6     -3

      1      1      2     -3     -3
      0      0     -3      2      0
      1      1      1      1      2
     -3      0      0      0     -3
     -1     -4      2     -2      1

      2      0      2     -2     -2
     -6     -6      0      0     -3
     -1      0      2      1      0
     -4      0      1      1      0
      0      0      2      1      0

      1      0      1      0      0
     -4     -4      1      0      0
      0      4      0      0      3
     -1      0      0      1      0
      0      1      4      0      0

      2      1      1      0      0
      1      1      0      2      0
      2      2      2      2      4
      0      1      3      2      1
      2      0      3      1      0

      1      3      0     -1     -1
      0      0      0      2      0
      3      1      2      2      4
     -1      0      0      0      1
      1      0      2      1      2

      4      4      5      1      1
     -1     -1      0      5      4
      2      4      3      3      2
      1      2      0      2      3
      0      1      1      3      3

      6      2      2      1      1
      0      0      2      5      4
      5      2      5      3      4
      2      1      5      3      4
      1      1      2      4      4

      2      2      4      2      2
      0      0      2      3      2
      4      2      4      3      5
      2      1      3      2      0
      2      1      3      3      4

      4      3      3      2      2
      1      1      3      7      2
      4      7      3      4      4
      2      4      2      5      3
      2      2      5      5      1

      6      8      7      4      4
      5      5      8      8      7
      8      7      8      6      5
      3      4      6      8      6
      7      4      7      8      7

     11     10     11      7      7
      7      7      8     10      8
      8      9      8      9     10
      8      8      6      9      8
      7      8     10      9      8

     11      8     10     11     11
      7      7      9     11     10
     11      9      8     11     11
      8     10     11      9      9
      9     10     11     10      9

      9      9      8     11     11
     10     10     10     11     10
     12     11     13      9     13
     11     12     11     14     10
     10      9     12     10     10

     12     11     12     12     12
     10     10     10     13     12
     11     14     10     11     11
      9      9     10     11     12
     10      9     12     12     10

     15     13     13     14     14
      9      9     10     13     12
      9     13     14     13     15
     10     14     13      9      7
     10     13     14     13      8

     13     11     14     13     13
     11     11     12     12     13
     12     13     12     12     11
      9     11     10     13     12
     11     12     10     11     10

     10     11     12      9      9
      9      9     11     12     11
     10     11     12     10     13
      9     11     10     11     11
     14      9     10     13      9

     10     10     10      9      9
      9      9      9     11     10
     12     10     10     10     12
      8     10      8      9      9
      8      9     10     10     10

     12      9     11      9      9
      7      7     12     11      8
     10     11     12     11     11
     10     10     10     10     10
      9      6     12     11      7

     11      9     12      9      9
      6      6      9     10     10
     12      9     13     12     10
     10     11     10      9     10
      9      9     13     11      8

     10      9     11      9      9
      7      7      8      9     11
     10      8      9     10      9
      8     10      9      8      9
     10      8     10     11     12

      9      9      8      8      8
      6      6      8     10      6
      8     10      8     10     11
      6      9      8      7      9
      8      9     10      9      8

     10     10      9      9      9
      7      7     11     13      9
      8     10     11     13      9
      8      9      9      7     11
     10      8     10      9      9

      8      8     11      8      8
      7      7     10      9      6
      9      9      8     10      9
      7      8      8      9      8
      8      9     12     10      8

      9      8      9      9      9
      6      6     10     10     10
      7     10      7      8      7
      7      9      8      6      7
      7      8      9      9      8

      8      9      9      7      7
      4      4      7     10      7
      8      7      6     10      8
      6      6      7      7      8
      7      8     10      8      9

      8      8      9      8      8
      6      6      8     10      6
      9      8      6      8     10
      6      7      7      8      6
      8      6      9      7      7

      9      7      8      6      6
      5      5      8     10      7
      6      9      7      7      8
      6      8      7      8      7
      6      5      9      9      8

      7      7      8      6      6
      6      6      7     10      6
      9      8      9      7      8
      5      6      7      7      7
      9      7      7      9      9

     10      6      7      6      6
      4      4      9      7      5
      6      8      8      7      9
      5      6      8      8      7
      8      6      7      7      7

      8      8      7      7      7
      7      7      6      9      5
      8      7      5      7      9
      6      6      9      7      6
      8      7      9      7      7

      7      6      8      7      7
      5      5      7      8      6
      6      6      6      7      7
      5      7      6      6      8
      6      6      7      7      7

      7      8      7      8      8
      5      5      6      8      2
      6      5      6      6      9
      4      4      6      6      5
      4      4      7      6      4

      6      6      7      5      5
      3      3      5      6      5
      5      6      5      5      7
      3      4      5      3      5
      5      5      5      5      4

      5      4      3      5      5
      2      2      4      5      4
      3      4      5      4      5
      3      4      5      6      9
      5      2      7      4      5

      5      4      4      4      4
      2      2      6      5      4
      5      5      5      3      4
      2      5      5      5      5
      4      3      6      3      1

      5      5      6      3      3
      3      3      3      6      3
      3      3      7      4      4
      3      5      3      4      4
      4      4      5      6      5

      3      2      3      3      3
      1      1      1      4      2
      4      3      4      3      3
      1      3      4      1      3
      4      3      4      3      2

      4      1      5      3      3
      0      0      1      3      1
      3      1      3      3      3
      0      2      1      3      1
      3      0      4      3      2

      2      1      2      2      2
      0      0      2      4      1
      4      2      2      3      2
      0      0      2      1      0
      0      0      2      1      2

      1      0      1      0      0
     -1     -1      3      2      0
      3      2      0      2      1
     -2      0      1      0      0
      0      0      2      0      0

      0      1      1      0      0
      0      0      0      2     -1
      0     -1      0      1      1
     -2      0      0      0     -2
      0      0      0      0      0

      1      0      0      2      2
      0      0      0      3      0
      0      2      0      0      0
     -3     -1      0      1      0
      0     -2      2      0      1

     -1      0      0      0      0
     -1     -1      1      3     -1
      0      0     -1      0      1
     -1      0      0      1     -2
      2     -1      1      0      3

     -1      0      0      0      0
      1      1     -1      2     -1
      1      0      0      0      0
      0     -1     -1      0     -1
     -1     -4      0      0      0

      1      0      0      0      0
     -1     -1     -2      2      0
      0      0      0      0      1
     -1      0      0      0      0
      2      0      0      2      0

      0      0      0     -1     -1
     -3     -3      0      2     -2
      1      1      0      0      1
      0      0      1      0      0
     -1      0      2      2      0

      1      0      0      1      1
     -2     -2      0      2     -1
      1      2      0      1      0
      0     -1      0     -1     -1
     -1      0      1     -1      1

      0      0      0      0      0
     -2     -2      0      1     -1
      1      2      0      0     -1
     -2      0      0     -1      0
      0      0      0      0      1

      2      0      1      0      0
      0      0      0      1      0
      0      0      0      0      0
     -1      0      0      1      1
     -1      2      1      0      0

      0      0      0      0      0
      0      0      0      0     -1
     -1      1      0      1      0
     -1      0      0      1      1
      1      0      0      0      0

      2      0      0      0      0
      0      0      0      0      0
      0      0      0      0     -1
      0      0      0      0     -1
      0      1      0      1      1

      1      0      1      1      1
      0      0     -2      1     -1
      0      0     -1      2      1
      0      1      0      0      1
      0      1      0      2      1

      0      2     -1      0      0
      0      0      1      0      0
      0      0     -1      1     -1
     -1      0      0      2      1
      0      1      0      1      0

      1      0      0      0      0
      0      0     -1      1      0
     -1      0      0      0      0
      0      0     -1      0      0
      0      1      0      0      0

      0      0      0      0      0
      0      0      0      1      0
     -1      1     -1      0      0
      0      0      0      0      1
      0      1     -1      0      0

      1      1     -1      0      0
      0      0      0      0      0
     -1      0      0      0      0
     -1      0      0      2      0
      0      2      0      1      0

      0      0     -1      0      0
      1      1      0      2     -1
      0      1      0      2      0
     -1      0      0      0      1
      1      1      0      0      0

      1      0      0      0      0
      0      0      0      1      0
      0      0      0      0      0
      0      0      0      1      0
      0      2      0      1      0

      1      3      1      2      2
      2      2      0      2      0
      0      3      0      2      0
      1      1      1      3      0
      1      3      0      1      2

      3      2      2      2      2
      2      2      3      2      2
      2      2      2      3      1
      2      3      2      1      1
      3      4      2      1      3

      3      3      3      5      5
      2      2      3      3      0
      3      3      2      3      4
      1      3      3      2      2
      2      2      3      2      4

      2      3      1      3      3
      1      1      1      4      1
      0      2      2      3      0
      0      2      3      1      1
      1      3      2      0      2

      1      2      0      1      1
      0      0      1      0      1
      1      2      2      1      1
      1      0      2      1      0
      1      2      1      1      0

      1      2      1      1      1
      1      1      1      0      1
      2      1      3      2      0
      2      0      1      0      0
      1      1      1      2      3

      3      3      3      3      3
      2      2      3      4      0
      3      2      4      3      3
      2      3      4      3      2
      2      2      3      4      4

      4      5      4      5      5
      3      3      2      4      2
      3      4      4      4      4
      2      4      4      3      4
      3      5      2      4      5

      4      4      4      3      3
      4      4      2      4      2
      3      3      2      5      2
      2      4      4      4      2
      3      3      3      3      4

      2      3      3      3      3
      2      2      3      3      1
      1      2      2      2      3
      3      3      2      2      1
      2      4      2      2      2

      3      3      3      3      3
      2      2      3      3      1
      4      4      3      4      4
      1      3      2      3      2
      1      3      1      3      3

      3      4      2      3      3
      2      2      3      3      1
      3      5      4      4      3
      3      3      4      3      4
      2      3      2      3      4

      3      4      3      5      5
      3      3      4      6      3
      4      4      3      6      3
      4      4      2      3      4
      4      4      4      4      4

      5      5      4      3      3
      4      4      4      5      3
      3      4      4      3      3
      3      3      4      4      4
      4      4      3      4      4

      4      5      3      5      5
      4      4      4      5      2
      3      4      3      4      3
      2      3      3      4      4
      4      4      4      4      3

      4      4      5      3      3
      4      4      2      4      4
      3      6      3      4      3
      2      4      6      4      3
      3      4      2      2      3

      4      5      5      5      5
      3      3      5      3      3
      3      4      4      3      3
      2      4      4      4      4
      3      4      3      4      3

      6      6      5      4      4
      3      3      5      3      4
      4      4      2      4      3
      2      2      5      4      3
      4      5      2      3      2

      5      4      3      4      4
      4      4      4      4      3
      2      4      3      2      2
      2      3      5      4      5
      3      3      3      4      4

      4      4      3      4      4
      1      1      3      4      4
      5      2      4      4      3
      2      2      4      2      4
      3      4      2      2      3

      3      5      3      4      4
      3      3      2      3      2
      3      3      3      1      3
      2      2      3      3      4
      2      3      3      2      2

      4      3      4      3      3
      2      2      2      4      1
      4      4      3      4      2
      2      4      5      4      3
      4      4      1      3      2

      3      3      3      4      4
      1      1      3      2      2
      2      3      3      5      1
      2      3      2      2      3
      4      4      2      3      3

      3      4      2      2      2
      3      3      3      3      1
      1      3      2      2      2
      3      3      2      3      4
      2      4      3      4      3

      3      3      2      3      3
      3      3      3      4      1
      2      2      3      2      3
      4      2      3      3      4
      2      4      3      4      3

      3      3      3      4      4
      2      2      5      4      2
      1      3      1      6      1
      2      4      4      2      3
      2      4      4      2      4

      4      3      2      3      3
      3      3      2      4      2
      2      2      3      6      3
      1      3      3      2      2
      4      4      4      3      3

      2      4      4      3      3
      2      2      4      4      0
      2      4      4      4      2
      1      2      3      3      1
      2      3      4      3      3

      3      3      3      2      2
      3      3      2      3      1
      4      2      2      3      1
      1      3      3      4      4
      3      4      2      4      3

      2      3      2      3      3
      0      0      3      3      2
      3      2      3      5      3
      1      0      3      2      2
      2      3      2      2      4

      5      2      1      3      3
      3      3      2      3      0
      2      2      2      3      3
      0      1      2      3      3
      0      2      2      2      2

      3      3      1      2      2
      2      2      2      3      1
      1      4      2      3      2
      3      0      3      3      2
      3      2      2      2      2

      4      2      0      1      1
      0      0      2      5      1
      2      3      1      2      3
      0      3      2      3      0
      1      3      3      3      3

      1      4      2      3      3
      3      3      3      2      1
      0      1      0      4      2
      1      0      2      0      1
      0      2      1      2      4

      1      4      1      2      2
      4      4      2      3      2
      2      2      2      3      2
      2      0      2      3      2
      2      4      2      3      3

      4      3      1      3      3
      3      3      1      1      0
      3      2      4      2      2
      1      1      3      1      4
      1      1      2      3      5

      3      1      1      5      5
      2      2      2      1      1
      0      3      2      3      0
      0      2      3      1      1
      1      4      1      1      1

      1      2      1      1      1
      3      3      2      1      2
      0      2      0      2      3
      3      1      3      1      2
      0      1      3      3      1

      1      2      3      0      0
      1      1      1      3      0
      0      1      2      0      0
      0      1      0      0      0
      0      3      0      1      2

      1      1      0      0      0
      1      1      1      1      0
      1      0      0      2      2
      0      2      2      1      0
      0      2      1      2      2

      2      1      3      1      1
      1      1      0      1     -3
      2      2      1      2      1
      0      3      2      1      1
      0      1      2     -1      1

      2      0      1      3      3
     -1     -1      0      1      1
      0      0      1      4      4
      0      2      3      0      2
      0      1      1      2      2

      2      2      1      0      0
      2      2      0      0      0
      2      2      0      1      1
      0      0      2      2      1
      0      1      3      0      1

      1      1      1      0      0
      0      0      0      4     -1
      1      1      0      1      0
      1      0      3      1      0
      0      2      1      0      1

      0      0      1      0      0
      1      1     -1      2      0
      0      0      3      2      0
      1      0      1      0     -2
      1      0      0      0      2

      0      2      1      0      0
     -1     -1      2      3      0
      0      0      0      1      0
      1      2      0      0      0
      0     -1     -3      0      1

      1      2      3      0      0
      0      0      0      2     -1
      0      0      1      2     -1
      0      1      1     -1      1
      0      1      1      1      0

      1      0     -1      0      0
      0      0      1      1     -2
      1      0      3      0      0
      1      1      3      0      0
     -1      0      0      0      1

      0      2      0      0      0
      0      0      0      1      0
     -1      0      0      3      2
      0      2      0      0      0
      0      1      0      0      0

     -2      0      2      0      0
      1      1     -1      1      0
      2      1      1      4      0
      0      2      0      2      1
      0      1      1      0      1

      4      2      0      0      0
      0      0      4      0     -1
     -2      0      0      0      0
      1      0      1      2      1
      1      1      0     -2      0

      0      3      0      2      2
     -2     -2     -2      0      0
     -1      0      0      2      0
     -2      0     -1      0     -1
     -2      0      0      0      0

      1      1      0      0      0
     -1     -1      0      0     -3
     -2      1     -3      0     -3
     -1      0      2     -1      0
     -1      1      0      0     -1

     -1      1     -1      0      0
      0      0      0      1     -3
      0     -1      0      0      3
     -2      1     -1     -1     -3
     -1      0      1      1      1

