;
; ENVI ASCII Output of file: E:\Imaging\ROI_AVIRIS_TestSet\5_2_4.img [Wed Dec 06 10:47:47 2017]
; File Dimensions: 5 samples x 5 lines x 224 bands
; Line Format    : (5i7)
;
    477    496    482    478    479
    477    475    458    461    476
    491    475    475    463    499
    477    479    475    463    499
    474    479    477    479    486

    571    572    577    578    572
    571    569    580    563    568
    567    569    585    573    572
    584    550    585    573    572
    553    565    564    570    575

    617    642    629    626    619
    617    614    618    622    633
    612    614    615    632    616
    602    600    615    632    616
    596    607    610    613    612

    782    787    788    788    794
    782    767    790    784    798
    777    767    774    780    795
    790    781    774    780    795
    774    769    757    773    775

   1150   1159   1165   1165   1176
   1150   1142   1162   1160   1164
   1152   1142   1147   1155   1153
   1140   1145   1147   1155   1153
   1150   1141   1136   1139   1151

   1213   1209   1223   1224   1231
   1213   1215   1212   1214   1230
   1208   1215   1207   1207   1234
   1213   1192   1207   1207   1234
   1202   1208   1205   1193   1201

   1133   1143   1156   1156   1156
   1133   1144   1140   1152   1164
   1139   1144   1144   1149   1148
   1135   1132   1144   1149   1148
   1130   1135   1136   1121   1139

   1055   1060   1056   1067   1075
   1055   1048   1060   1055   1064
   1053   1048   1045   1050   1060
   1050   1051   1045   1050   1060
   1050   1055   1043   1049   1048

   1142   1136   1149   1151   1159
   1142   1133   1136   1142   1147
   1147   1133   1144   1147   1143
   1130   1134   1144   1147   1143
   1136   1132   1140   1123   1136

   1152   1163   1162   1162   1168
   1152   1140   1156   1163   1170
   1158   1140   1150   1155   1170
   1158   1157   1150   1155   1170
   1154   1157   1152   1155   1156

   1116   1121   1118   1133   1133
   1116   1117   1125   1127   1136
   1121   1117   1120   1122   1130
   1121   1112   1120   1122   1130
   1119   1116   1115   1113   1110

   1049   1050   1051   1059   1059
   1049   1047   1050   1050   1066
   1050   1047   1050   1053   1065
   1041   1047   1050   1053   1065
   1045   1047   1041   1041   1043

    981    993    987    994   1002
    981    990    994    993    996
    982    990    989    995    995
    992    984    989    995    995
    984    991    991    979    977

    887    891    895    901    895
    887    890    892    893    900
    889    890    894    900    894
    891    889    894    900    894
    887    890    887    885    891

    801    803    810    814    815
    801    805    806    812    805
    808    805    810    809    816
    810    800    810    809    816
    804    808    802    797    803

    705    709    707    713    718
    705    715    715    708    717
    715    715    717    716    717
    711    708    717    716    717
    711    710    711    705    709

    618    622    625    632    627
    618    623    626    622    631
    633    623    629    628    633
    621    620    629    628    633
    625    628    621    619    623

    587    591    591    600    594
    587    590    592    590    597
    598    590    597    594    601
    590    589    597    594    601
    592    595    590    587    592

    555    559    556    567    561
    555    556    556    557    563
    562    556    565    559    568
    558    558    565    559    568
    559    560    558    553    560

    512    515    515    518    522
    512    519    517    521    525
    524    519    520    526    530
    521    523    520    526    530
    522    521    518    515    518

    473    470    477    477    476
    473    474    474    473    480
    476    474    479    480    483
    477    476    479    480    483
    475    472    475    474    477

    432    433    435    437    437
    432    436    438    433    439
    437    436    434    439    443
    431    432    434    439    443
    431    433    433    437    435

    398    400    402    407    405
    398    403    406    407    404
    405    403    407    410    413
    400    405    407    410    413
    399    403    404    402    403

    348    355    350    355    353
    348    354    357    360    358
    358    354    358    357    366
    358    356    358    357    366
    354    357    357    361    360

    330    328    334    331    334
    330    327    336    328    333
    333    327    332    334    342
    333    328    332    334    342
    327    330    331    330    333

    316    318    314    319    320
    316    322    319    322    324
    321    322    322    322    324
    317    315    322    322    324
    316    318    321    319    321

    289    297    294    293    299
    289    297    297    292    299
    296    297    302    298    300
    295    298    302    298    300
    297    295    298    297    296

    270    272    271    274    270
    270    276    276    270    273
    276    276    270    279    279
    272    276    270    279    279
    269    277    273    275    274

    258    258    259    258    260
    258    262    261    261    263
    259    262    264    264    264
    263    262    264    264    264
    257    263    263    262    266

    237    237    246    237    242
    237    239    240    236    244
    244    239    245    244    247
    237    241    245    244    247
    237    241    243    241    245

    222    230    226    229    227
    222    229    229    228    230
    229    229    231    231    230
    230    229    231    231    230
    228    228    227    227    230

    222    219    222    219    223
    222    222    224    225    226
    224    222    223    225    230
    221    223    223    225    230
    223    221    225    225    222

    221    218    218    220    221
    221    218    226    221    226
    226    218    222    224    230
    218    221    222    224    230
    224    214    227    225    226

    221    219    222    219    224
    221    222    224    224    225
    224    222    223    224    230
    221    222    223    224    230
    222    221    225    224    222

    204    207    201    204    204
    204    199    209    203    210
    209    199    208    208    215
    203    206    208    208    215
    210    204    209    207    214

    180    179    179    178    182
    180    179    182    177    186
    188    179    183    183    192
    181    181    183    183    192
    180    179    187    183    188

    160    156    160    156    161
    160    159    161    159    160
    166    159    160    162    168
    159    158    160    162    168
    162    158    165    162    163

    150    152    151    148    154
    150    151    154    149    154
    158    151    158    151    158
    153    147    158    151    158
    155    153    154    153    158

    134    136    138    136    141
    134    139    139    137    139
    144    139    140    139    144
    137    137    140    139    144
    141    138    143    141    143

    107    107    106    104    110
    107    105    109    103    108
    114    105    108    107    116
    109    107    108    107    116
    107    106    111    107    108

    111    113    115    111    115
    111    114    116    112    115
    120    114    116    115    123
    116    113    116    115    123
    114    114    116    114    118

    122    123    126    120    126
    122    122    124    119    124
    130    122    127    124    134
    123    121    127    124    134
    125    126    126    124    129

    120    126    124    122    128
    120    126    126    121    125
    133    126    129    125    132
    126    119    129    125    132
    124    122    127    124    129

     73     74     73     73     79
     73     74     75     71     74
     82     74     76     75     82
     75     72     76     75     82
     74     76     76     74     76

     90     97     95     93    102
     90     99     97     90     96
    103     99     98     96    105
     98     92     98     96    105
     98     95    101     95     99

     98    102    100     97    105
     98    102    105     94    101
    109    102    105     99    109
    103     98    105     99    109
     99    103    103     99    106

     89     94     93     91    100
     89     95     92     88     92
    101     95     96     93    102
     95     88     96     93    102
     95     94     94     90     96

     82     88     85     82     92
     82     87     86     79     85
     94     87     90     84     92
     88     82     90     84     92
     85     86     88     86     89

     75     81     78     77     85
     75     80     80     73     77
     85     80     83     77     85
     79     73     83     77     85
     80     79     81     77     82

     60     65     63     61     68
     60     65     64     59     61
     68     65     64     61     68
     66     58     64     61     68
     63     62     65     61     65

     59     64     65     61     68
     59     65     65     60     64
     70     65     67     62     70
     65     58     67     62     70
     63     62     64     62     66

     61     67     66     65     71
     61     66     66     61     65
     70     66     70     64     72
     67     63     70     64     72
     65     67     67     67     70

     65     72     71     67     76
     65     71     70     64     68
     78     71     72     66     77
     71     66     72     66     77
     69     72     72     68     74

     63     68     66     61     68
     63     66     66     60     63
     73     66     71     62     73
     68     61     71     62     73
     65     65     66     65     67

     62     66     65     62     70
     62     66     63     58     61
     70     66     68     63     71
     65     58     68     63     71
     64     65     67     62     65

     56     61     59     57     66
     56     62     59     54     59
     68     62     63     56     66
     62     55     63     56     66
     58     60     62     58     62

     53     58     58     54     64
     53     61     57     52     55
     63     61     61     54     63
     58     53     61     54     63
     55     60     58     56     60

     42     45     47     42     50
     42     47     45     41     44
     49     47     47     44     50
     48     41     47     44     50
     43     47     48     42     48

     35     40     38     37     42
     35     38     37     34     38
     42     38     41     36     42
     39     35     41     36     42
     40     41     40     38     41

     32     35     35     33     38
     32     38     34     32     34
     39     38     37     32     38
     36     32     37     32     38
     34     36     36     34     37

     28     32     32     30     36
     28     31     32     28     30
     35     31     33     28     35
     33     29     33     28     35
     31     30     33     30     34

     20     21     20     20     25
     20     20     19     19     22
     25     20     23     18     27
     19     16     23     18     27
     19     22     20     19     18

     13     16     16     14     16
     13     16     15     14     12
     17     16     17     14     18
     15     13     17     14     18
     13     16     15     14     14

     14     15     16     15     17
     14     17     16     13     15
     18     17     14     15     18
     16     14     14     15     18
     15     16     16     15     15

     22     26     26     23     29
     22     26     24     22     24
     27     26     28     24     29
     28     22     28     24     29
     23     26     26     25     27

     26     30     30     27     33
     26     30     31     25     29
     32     30     32     27     34
     31     26     32     27     34
     29     29     30     28     31

     29     34     34     30     39
     29     35     34     29     32
     40     35     35     31     40
     33     29     35     31     40
     31     34     33     31     34

     31     36     36     34     41
     31     36     35     30     33
     40     36     38     33     41
     38     30     38     33     41
     34     38     37     34     37

     29     36     35     32     39
     29     34     35     29     32
     39     34     38     31     40
     37     29     38     31     40
     34     35     34     32     34

     30     35     34     32     40
     30     34     32     27     32
     39     34     35     31     39
     36     29     35     31     39
     33     35     34     31     35

     29     34     34     31     39
     29     34     32     27     31
     38     34     36     31     39
     35     28     36     31     39
     33     37     33     31     34

     27     31     31     29     35
     27     31     29     25     28
     35     31     33     28     35
     32     25     33     28     35
     30     31     30     28     31

     27     32     29     28     36
     27     32     28     25     28
     34     32     33     27     35
     34     26     33     27     35
     29     32     32     28     32

     24     29     28     25     33
     24     30     27     23     25
     31     30     31     25     33
     30     23     31     25     33
     26     29     29     26     30

     22     27     27     25     34
     22     29     27     23     25
     32     29     30     25     31
     31     22     30     25     31
     26     29     27     25     30

     22     26     24     23     29
     22     25     23     21     21
     30     25     28     22     28
     27     20     28     22     28
     24     25     26     22     26

     20     24     23     21     27
     20     23     22     19     20
     27     23     25     20     26
     25     18     25     20     26
     22     23     23     21     24

     17     22     22     19     26
     17     22     20     17     19
     24     22     22     19     24
     22     16     22     19     24
     20     21     21     19     22

     14     16     16     14     20
     14     17     16     13     16
     18     17     18     14     20
     18     13     18     14     20
     17     16     17     15     17

      8      9     10      9     12
      8     10     10      8      8
     11     10     11      9     12
      9      8     11      9     12
      9     11     10     10      9

      4      4      3      3      5
      4      4      4      4      4
      4      4      6      4      4
      2      3      6      4      4
      3      5      4      4      4

      2      3      4      2      4
      2      4      3      2      3
      4      4      4      3      5
      2      3      4      3      5
      3      3      2      3      3

      4      5      6      3      5
      4      4      4      4      5
      4      4      5      4      6
      5      4      5      4      6
      4      5      4      5      5

      3      4      4      3      6
      3      5      4      3      4
      5      5      5      3      7
      5      3      5      3      7
      4      4      4      4      4

      5      7      6      5      7
      5      7      6      4      7
      7      7      7      5      7
      6      5      7      5      7
      5      7      6      7      7

      8     10     11     10     14
      8     12     11      9      9
     12     12     12      9     11
     12      9     12      9     11
      9     10     11      9     11

      9     12     12     11     13
      9     13     12      9     11
     15     13     13     10     14
     14      9     13     10     14
     12     12     12     11     13

      9     12     11     10     15
      9     12     11      9     10
     14     12     12     10     13
     12      8     12     10     13
     10     11     11     10     12

      9     13     12     10     15
      9     12     11      9     11
     16     12     12     10     14
     12      8     12     10     14
     11     12     13     12     12

      8     11     10      8     12
      8      9      9      7      8
     13      9     10      9     12
     12      8     10      9     12
      9      9     10      8     11

      9     11     11     10     15
      9     13     11      9     10
     14     13     13      9     14
     14      8     13      9     14
     11     11     11     10     11

      9     12     12     10     15
      9     12     11      9     10
     14     12     14     10     14
     14      9     14     10     14
     11     14     12     10     12

     10     14     13     11     17
     10     15     13     10     12
     15     15     14     10     14
     14      9     14     10     14
     12     13     13     11     13

     10     13     13     12     15
     10     13     12      9     11
     14     13     14     11     15
     14     10     14     11     15
     12     13     13     12     14

      9     12     12     10     13
      9     13     11      9     11
     13     13     12     10     12
     12      9     12     10     12
     10     12     11     11     13

      8     11     12      9     15
      8     12     11      7     10
     14     12     11      9     14
     11      8     11      9     14
     10     11     10     10     10

      9     12     12     10     13
      9     13     11      9     11
     13     13     12     10     12
     12      9     12     10     12
     10     12     11     11     13

     14     12     10     10     14
     14     14     11     11      7
     11     14      8     10     15
      7     13      8     10     15
     10     11      8     12     12

      6     12     11     10     15
      6     15      8      9     13
     12     15     13     13     14
     12      8     13     13     14
     16     11     11      8     13

     12     13     13      9     13
     12     14     11      9     10
     12     14     15     12     13
      8     11     15     12     13
     15     10      8     12     10

     10     12      9     13     12
     10     13     11     12      8
     11     13      8     11     10
     13     13      8     11     10
     12      9     10     11     12

     12      7      7      9      9
     12      7      8      8      6
     12      7      8      9     12
     10      9      8      9     12
      6      9      9      9      8

      9      8      7      7      8
      9      9      7      5      6
      9      9      7      8      9
      8      6      7      8      9
      8      7      5      9      8

    -14    -13      2     10     -9
    -14    -13    -25    -25    -24
    -13    -13      0     -2      7
      8      6      0     -2      7
     20     15     13     13      3

      5      3      2      4      5
      5      3      5      5      2
      4      3      2      3      3
      2      5      2      3      3
      6      3      3      5      4

      5      4      2      2      4
      5      2      3      2      2
      3      2      4      0      3
      1      2      4      0      3
      2      1      0      2      2

      0      0     -1      0     -2
      0      0      2      0      0
      2      0      0      1      2
      0      1      0      1      2
      1      1     -2      0      1

     -1     -1      0      0      2
     -1      0      0      0     -1
      0      0      0      0      0
      1     -1      0      0      0
      0      0     -2      0      0

      0      0      0     -1      0
      0      0      0      0      0
      0      0     -1      1      0
      0      1     -1      1      0
      1      0      1      0     -2

      0      0      0     -1      1
      0      1      0     -1     -1
      2      1      3      0      0
      2      0      3      0      0
      1      0      0      0      0

     -1      4      0      1     -2
     -1      3     -3      0      2
      2      3      2      3      7
      1      2      2      3      7
      2      0     -2      0      2

      2      4      0      0      0
      2      0      1      0      1
      3      0      1      1      1
      1      0      1      1      1
      0      0      0     -2      2

      1      0     -2     -1     -1
      1      3     -1     -1      2
      3      3      0      0      3
      0      0      0      0      3
      0      0      0      2      2

      0      0      0      1      0
      0      1      2      0      0
      3      1      1      0      2
      0      0      1      0      2
     -1     -1      0     -1      0

      1      4      1      0      1
      1      3      0      0      1
      3      3      0      0      1
      1      0      0      0      1
      0      0     -1      0      2

      2      2     -2      3      1
      2      2      2     -1      0
      1      2      1      2      1
      4      0      1      2      1
      2      0     -1      1      0

      0      5      3      2      7
      0      4      2      1      3
      3      4      1      1      3
      4      1      1      1      3
      0      2      0      1      4

      2      6      3      3      3
      2      2      3      3      0
      5      2      2      1      5
      2      2      2      1      5
      2      2      1      2      0

      2      2      0      0      1
      2      3      3      2      1
      4      3      3      2      5
      4      2      3      2      5
      2      3      0      1      2

      3      4      3      1      5
      3      5      3      2      2
      2      5      2      1      0
      4      2      2      1      0
      3      2      3      1      3

      7      7      4      7      8
      7      5      6      6      5
      8      5      5      3      7
      7      6      5      3      7
      6      3      4      5      5

      7     11      7      7     10
      7     10      7      9      8
      7     10      8      7      8
      9      8      8      7      8
     10      7      5      7      8

      9      9      8      7     10
      9     10      6      8      8
     11     10     10     11     11
     10      8     10     11     11
      9      8      8     11     10

      9     11     11      9     11
      9     10      9      9      9
     11     10     11     11     10
     10     10     11     11     10
     11      9     10      7     10

      9     10     12     11     12
      9     11      8      9      9
     10     11     11     12     10
      9     10     11     12     10
      9      9      8     10     11

     16     13     11     11     16
     16     12     10     10      9
     13     12      9     11     10
     10      9      9     11     10
     13     10      8      9     10

     11     12      8     10     12
     11     11     10     11     11
     11     11     12     12     11
     12      9     12     12     11
     11     10      8      9     13

     11     12     11     10     10
     11     13     11     11      8
     11     13      9     11     10
     10     10      9     11     10
     10      7      8      9     11

     10      9      9      8      9
     10     10     10     10      9
      9     10      9      9     10
      8      9      9      9     10
      9      7      6      8     10

     10      9      8     10     13
     10     11     10      8      9
     10     11     11     10      9
      9      8     11     10      9
      9     10      8      9      9

     12      9      9     10     10
     12     10     10     10      9
     10     10     10      9      9
      9     10     10      9      9
     10     10      7      7      8

      8      8      7      8      9
      8     10      7      8      6
      9     10     10      7      7
      9      7     10      7      7
     10      7      5     10      9

      8      8      8      8      7
      8      9     10      7      7
      8      9      8      7      9
      9      8      8      7      9
      8      8      6      8      8

      9      8      7     10      9
      9     11      8      8      8
      9     11     10      9     10
     10      9     10      9     10
      8      8      6      9      8

     10      9      8      9     12
     10      9      7      9      8
      9      9      9      8      9
      8      8      9      8      9
      6      8      5      8      7

      9      5      7      9      8
      9      8      8      8      7
      5      8      8      5      8
     10      8      8      5      8
      8      7      7      8      9

      7      7      6      8      8
      7      8      7      8      6
      8      8     10      7     10
      7      7     10      7     10
      8      5      5      7      6

      9      8      6      7      8
      9      7      7      9      6
      7      7      6      7      8
      7      8      6      7      8
      6      8      6      7      7

      7      8      6      7      8
      7      9      5      6      7
      8      9      9      7      7
      9      6      9      7      7
      7      6      4      5      8

      7      7      7      7      6
      7      5      7      6      5
      8      5      8      7      6
      7      6      8      7      6
      7      8      7      8     10

      4      7      5      6      5
      4      7      8      6      5
      6      7      6      5      7
      7      5      6      5      7
      6      5      3      7      7

      6      6      6      4      8
      6      7      5      7      5
      6      7      6      5      7
      7      7      6      5      7
      6      6      5      6      6

      5      5      3      8      5
      5      6      5      6      5
      5      6      6      5      6
      6      5      6      5      6
      5      6      5      6      6

      7      5      6      6      5
      7      6      4      5      5
      4      6      6      5      6
      5      4      6      5      6
      5      4      3      5      7

      4      5      3      4      5
      4      5      4      3      4
      5      5      5      6      7
      6      5      5      6      7
      5      3      3      4      4

      6      5      2      3      4
      6      2      3      2      2
      5      2      3      3      4
      3      2      3      3      4
      6      6      5      5      4

      4      3      3      2      4
      4      4      2      4      2
      5      4      3      5      5
      4      7      3      5      5
      5      5      2      4      5

      5      4      4      4      5
      5      6      3      5      2
      4      6      3      5      4
      3      3      3      5      4
      5      3      1      3      2

      3      5      3      1      3
      3      3      3      1      2
      3      3      4      3      2
      2      2      4      3      2
      3      3      2      3      1

      3      3      2      3      4
      3      2      2      1      0
      2      2      2      1      2
      2      0      2      1      2
      3      2      1      2      1

      0      3      0      1      2
      0      2      0      0      0
      1      2      3      0      2
      0      0      3      0      2
      2      1     -1      2      0

      1      0     -1      0      0
      1      1      1      0     -1
      0      1      0      1      1
      0      0      0      1      1
      0      0     -2      0      0

      0      0      0      0      1
      0      0      0     -1      0
      1      0      0     -1     -1
      0      0      0     -1     -1
      1      0     -3      0     -2

      0      1      0      1      1
      0      1     -1      0      0
      1      1     -1      0      1
      0      0     -1      0      1
      0      0      0      0      1

      1      2      0      1      1
      1      1      0      2     -1
      1      1     -1      0      0
      0      1     -1      0      0
      0      0      0      0      0

      0     -1      0     -1     -1
      0      0     -2      0     -2
      0      0      0      0     -1
      0      0      0      0     -1
      0      0     -3      0      0

      0      2      0      0      1
      0      3      0      0      0
      0      3      3      1      1
      0      0      3      1      1
      0     -2      0      0      0

      1      0      0     -2      0
      1      0      0      0      0
      1      0      2      0      0
      0      3      2      0      0
      0      0      0     -2     -1

      0      0     -2     -1      0
      0      1      0      2      0
     -1      1      1      0      1
      0     -2      1      0      1
      0     -2     -1      0      1

      0      1      0     -1      0
      0     -1      0      1     -2
      0     -1      0     -1     -1
      1     -1      0     -1     -1
      0      0     -3     -2      0

      1      0      1      0     -2
      1      1     -1      0     -1
      0      1      0      0      0
     -1      0      0      0      0
      0      0     -1      0      3

      0      1      0      0     -1
      0      0     -1      0      0
     -2      0      0      0      0
      0      1      0      0      0
      0      0      0      0      0

      0     -1      1      0      0
      0      0     -1      0     -1
      0      0      0     -1      0
      1      1      0     -1      0
     -1      0      0      0      0

     -1      0     -1      0      0
     -1      0      0      1     -1
      0      0     -2     -1      0
      0      0     -2     -1      0
      0      0     -1      1      0

      0      0      0      1      0
      0      0      0     -1      0
      0      0      0     -1      0
      0      1      0     -1      0
     -1      0      0      3      0

      1      0      0      0      1
      1      0      0      0      0
      0      0      1      1      0
      0      0      1      1      0
     -1      0      0      2      1

      2      0      0      0      0
      2      0      0      0     -1
      0      0      0     -1      0
      0      0      0     -1      0
      0      0      0      1      0

      0      1      1      0      0
      0      0      0      0     -1
      0      0      0      0      0
      0      0      0      0      0
     -2      0     -1      0      1

      0      0      0      0      0
      0      0      0      0      0
     -1      0      1      0      0
      0      1      1      0      0
      0      0      1      1      1

      0      0      1      0      0
      0      1      0      0      0
      0      1      0      0      1
     -1      0      0      0      1
      0      0      0      0      0

      0      0      1      0      0
      0      1      0      0      0
      0      1      0      0      1
      0      0      0      0      1
      1      1      0      1      2

      1      3      3      1      1
      1      2      0      2      1
      3      2      2      1      1
      2      1      2      1      1
      1      3      1      2      3

      2      3      4      1      0
      2      5      2      4      1
      2      5      4      2      2
      1      2      4      2      2
      1      2      3      4      4

      2      2      3      0      2
      2      2      2      1      1
      2      2      3      2      0
      1      2      3      2      0
      0      1      1      2      2

      1      2      2      0      0
      1      1      0      1     -2
      1      1      1      0      0
      1      1      1      0      0
      0      1      2      2      1

      0      1      2      2      1
      0      0      2      1      0
      2      0      1      2      1
      1      1      1      2      1
     -1      1      1      2      0

      4      3      2      1      3
      4      1      1      3      2
      2      1      2      4      2
      1      2      2      4      2
      2      3      3      3      2

      4      3      4      2      4
      4      3      4      2      3
      4      3      2      5      4
      3      4      2      5      4
      4      3      4      5      4

      2      2      4      1      2
      2      3      2      2      0
      3      3      2      3      4
      2      2      2      3      4
      2      3      1      4      2

      2      2      2      0      2
      2      2      0      1      1
      2      2      3      3      2
      2      2      3      3      2
      2      1      2      3      2

      2      2      3      3      1
      2      2      3      1      1
      3      2      0      1      2
      1      2      0      1      2
      3      0      2      4      2

      5      3      3      4      3
      5      2      3      1      0
      3      2      2      3      3
      3      4      2      3      3
      2      3      1      5      3

      2      3      4      4      2
      2      2      1      2      3
      2      2      5      4      3
      2      4      5      4      3
      3      4      3      5      4

      3      3      3      4      2
      3      3      3      3      3
      4      3      3      3      2
      1      4      3      3      2
      2      3      2      5      3

      2      4      4      2      3
      2      4      2      4      3
      3      4      4      3      3
      2      4      4      3      3
      3      3      3      4      4

      3      4      4      4      1
      3      2      4      3      1
      2      2      3      2      3
      3      4      3      2      3
      5      3      3      5      3

      3      3      3      2      3
      3      3      1      4      1
      3      3      3      3      3
      2      3      3      3      3
      3      3      4      4      4

      2      3      4      2      3
      2      3      3      4      3
      3      3      3      3      3
      2      4      3      3      3
      3      4      2      6      4

      3      2      4      2      3
      3      2      2      3      4
      4      2      3      3      4
      2      2      3      3      4
      4      3      3      4      3

      3      3      3      2      3
      3      4      1      4      3
      3      4      2      3      2
      2      1      2      3      2
      3      3      3      4      3

      3      2      4      2      2
      3      3      2      2      2
      3      3      2      3      3
      0      1      2      3      3
      4      4      3      3      4

      2      2      3      2      3
      2      3      2      2      3
      4      3      3      3      3
      3      3      3      3      3
      2      3      3      6      3

      1      3      2      2      3
      1      2      2      2      2
      3      2      1      1      2
      3      1      1      1      2
      1      3      2      4      3

      1      2      2      0      3
      1      1      2      1      1
      3      1      2      2      3
      1      3      2      2      3
      1      4      3      4      3

      3      3      3      4      2
      3      2      4      3      3
      3      2      1      4      3
      4      4      1      4      3
      3      2      3      4      4

      3      2      3      3      2
      3      2      2      1      1
      0      2      2      2      2
      1      4      2      2      2
      3      2      2      4      4

      2      2      3      1      2
      2      2      2      2      1
      3      2      3      2      2
      1      3      3      2      2
      3      3      2      2      0

      3      1      4      3      1
      3      3      2      3      1
      1      3      2      2      4
      2      3      2      2      4
      2      2      4      4      4

      1      4      3      2      1
      1      3      2      1      0
      2      3      2      2      2
      3      2      2      2      2
      1      3      2      4      3

      2      2      3      2      1
      2      1      2      2      2
      2      1      2      1      2
      1      3      2      1      2
      1      2      2      3      2

      2      1      3      2      2
      2      3      2      1      2
      3      3      3      2      1
      1      2      3      2      1
      3      1      1      3      3

      2      3      2      3      1
      2      2      1      1      1
      2      2      1      2      2
      2      1      1      2      2
      0      1      1      4      3

      3      2      2      2      0
      3      0      1      1      2
      2      0      3      2      3
      0      3      3      2      3
      0      3      3      2      2

      0      1      0      0      2
      0      2      1      0      2
      2      2      0      2      1
      2      1      0      2      1
      2      1      2      5      2

      1      0      4      1      1
      1      4      2      2      0
      2      4      3      2      0
      1      1      3      2      0
      2      0      1      2      2

      2      1      2      1     -1
      2      2      1      0      1
      1      2      1      0      3
      1      2      1      0      3
      2      4      1      1      2

      0      2      2      1      0
      0      2      3      2      0
      0      2      2      1      1
      4      1      2      1      1
      2      2      1      2      1

      1      2      2      0      1
      1      4      1      0      2
      0      4      2      2      2
      2      0      2      2      2
      3      0      0      1      1

     -1     -1      0      2      0
     -1      3      0      0      0
      0      3      0      0      0
      0      0      0      0      0
      1      2      0      0      1

      0     -1      1      1      1
      0      0      2      0      0
      0      0      1      0      4
      0      2      1      0      4
      1      0      0      1      0

      0      2      2      0      1
      0      1      0     -1      2
      1      1      0      2      1
      0      2      0      2      1
      0      0      2      0      1

      1      1      2      1      0
      1      0      0      0     -1
      0      0      0      2      0
     -1      2      0      2      0
      0      0      0      1      0

      0      0      0      0      0
      0      0      2      0      0
      1      0      0      0      0
      2      2      0      0      0
      0      0      1      2      1

      0      0      2      1     -2
      0      2      0     -3      0
      0      2      2      0      0
      1      3      2      0      0
      0      0      1      1      2

      0     -5      2     -1      0
      0      0      0     -1      1
      0      0      1      0     -1
     -2      0      1      0     -1
      2      1      0      0      2

     -2      2      0      0      0
     -2      1      0      0     -2
      0      1      2     -1      0
      0      2      2     -1      0
      1     -1      0      4      0

      3      0      0      2      0
      3      0      2     -1     -1
      0      0      0      1      1
     -1      0      0      1      1
      0      0      0      1      1

      0      0     -2     -1      2
      0      3     -1      0      0
     -2      3     -2     -1      1
     -1      0     -2     -1      1
      2      3      1      1      0

      0      0      0     -1      1
      0     -1     -1      0      0
      0     -1     -1      1      0
      0      1     -1      1      0
      1      0      0      0      1

     -3      0      0      1      0
     -3      0      1      1      1
      1      0     -4     -2      1
      0      3     -4     -2      1
      0      1      1      3      0

      0      0     -1      0     -1
      0     -2      0      0      0
      3     -2     -1      1      0
     -2      0     -1      1      0
      0      0      4      0      0

      0     -2      0     -2     -3
      0      0      1     -3      0
      1      0      1      1      0
      0      0      1      1      0
      0     -1     -1      3      1

      0     -1     -2      0      0
      0      0     -1     -4      0
     -3      0      0      1      3
     -1      2      0      1      3
      0      1      1      0     -1

     -1      0      0     -3     -2
     -1     -2      0      1      0
      0     -2     -1     -1      0
      0      0     -1     -1      0
     -2     -2      0      0     -1

