;
; ENVI ASCII Output of file: E:\Imaging\ROI_AVIRIS_TestSet\5_2_1.img [Wed Dec 06 10:38:00 2017]
; File Dimensions: 5 samples x 5 lines x 224 bands
; Line Format    : (5i7)
;
    498    493    510    499    497
    500    464    492    469    504
    507    487    503    485    491
    493    511    512    507    495
    491    500    512    480    485

    594    569    579    578    591
    576    569    568    582    578
    576    588    575    580    596
    598    593    577    585    607
    590    582    577    575    580

    640    608    611    628    628
    631    612    643    625    619
    621    630    648    603    617
    630    637    630    644    628
    614    621    630    609    623

    780    776    774    788    786
    776    776    774    780    789
    790    780    782    781    785
    787    799    788    788    778
    786    784    788    788    780

   1135   1133   1135   1135   1152
   1139   1128   1140   1135   1140
   1138   1148   1144   1148   1147
   1139   1144   1158   1160   1150
   1145   1139   1158   1148   1147

   1192   1181   1185   1198   1207
   1188   1186   1180   1202   1196
   1191   1198   1205   1198   1202
   1206   1201   1194   1214   1219
   1195   1206   1194   1213   1208

   1124   1120   1121   1133   1139
   1110   1112   1122   1126   1129
   1122   1121   1120   1126   1125
   1135   1137   1140   1139   1128
   1129   1132   1140   1135   1126

   1040   1035   1023   1037   1052
   1033   1031   1036   1046   1034
   1043   1034   1034   1039   1030
   1049   1048   1044   1055   1054
   1027   1046   1044   1049   1058

   1124   1113   1120   1125   1130
   1119   1112   1112   1116   1135
   1121   1123   1120   1123   1125
   1129   1138   1134   1137   1131
   1129   1126   1134   1130   1131

   1136   1124   1136   1140   1155
   1127   1134   1134   1140   1136
   1135   1138   1142   1137   1148
   1139   1155   1156   1152   1155
   1143   1147   1156   1155   1158

   1104   1095   1100   1105   1108
   1107   1088   1095   1101   1105
   1109   1100   1101   1105   1102
   1111   1119   1108   1117   1120
   1114   1106   1108   1103   1115

   1031   1027   1033   1033   1036
   1027   1022   1023   1029   1034
   1029   1036   1040   1034   1035
   1040   1051   1041   1046   1049
   1038   1040   1041   1040   1044

    973    967    973    980    981
    969    966    968    968    973
    973    977    972    975    981
    977    980    985    984    988
    975    980    985    976    986

    877    873    877    878    877
    876    864    868    874    876
    876    873    878    873    881
    886    887    883    891    900
    881    883    883    885    890

    793    788    787    794    798
    790    784    785    799    792
    790    790    798    793    794
    800    804    806    814    807
    792    792    806    803    812

    704    697    699    702    705
    700    692    697    700    694
    706    703    700    701    699
    709    713    707    714    720
    703    706    707    708    711

    616    616    613    615    622
    618    606    618    611    617
    617    615    621    621    620
    625    630    625    631    635
    617    622    625    621    626

    585    583    583    586    589
    585    579    583    582    582
    590    583    586    585    589
    594    598    593    599    601
    588    588    593    588    596

    553    549    553    557    554
    550    550    547    553    546
    562    550    551    549    557
    563    565    561    566    566
    559    552    561    553    564

    517    511    518    511    516
    517    513    513    510    510
    514    517    513    519    516
    517    526    521    525    524
    516    520    521    519    521

    473    467    465    472    470
    472    462    464    467    467
    476    466    469    469    470
    478    482    480    479    477
    475    476    480    475    480

    432    427    429    434    429
    435    429    432    426    430
    430    429    431    432    431
    439    443    437    445    440
    431    437    437    438    434

    404    397    397    400    399
    401    394    398    399    401
    403    400    402    397    404
    407    410    408    410    404
    403    405    408    406    409

    358    350    355    357    356
    352    349    351    353    355
    356    357    357    355    358
    361    364    360    368    363
    356    360    360    360    364

    334    329    327    329    328
    331    325    327    330    328
    335    332    334    327    332
    337    340    338    337    338
    329    338    338    333    340

    319    316    318    319    315
    315    315    314    313    319
    317    315    318    316    319
    324    323    319    325    325
    319    319    319    322    327

    299    294    294    294    292
    297    292    291    293    294
    298    298    297    297    299
    300    303    303    305    302
    298    299    303    299    304

    278    270    274    269    269
    272    271    269    269    273
    274    276    274    273    271
    276    279    276    282    281
    275    277    276    279    283

    260    258    259    257    259
    260    255    259    258    258
    262    264    260    261    257
    268    268    268    270    265
    263    266    268    264    271

    246    238    237    240    241
    242    241    240    241    240
    246    242    243    239    242
    245    247    247    247    244
    244    243    247    241    245

    226    230    224    223    223
    226    230    227    227    227
    229    228    228    227    229
    231    231    231    233    233
    234    232    231    229    235

    228    222    222    224    221
    225    222    225    223    221
    224    225    224    228    222
    231    229    227    231    229
    226    228    227    224    228

    227    226    219    222    219
    223    222    227    220    225
    221    225    224    224    221
    229    224    228    229    229
    224    228    228    224    225

    227    223    223    223    221
    224    221    226    222    220
    224    225    224    227    223
    231    229    225    231    229
    226    228    225    223    229

    213    208    206    207    206
    206    206    209    203    206
    207    209    212    211    205
    213    211    210    213    217
    209    210    210    207    211

    185    185    182    180    184
    180    183    186    180    178
    179    184    190    188    185
    187    186    182    190    188
    185    184    182    182    189

    162    164    161    162    159
    159    161    163    160    157
    161    163    162    161    162
    163    163    161    168    164
    160    163    161    160    165

    155    158    154    151    151
    149    157    159    151    152
    154    156    159    157    155
    160    157    153    161    159
    155    154    153    153    158

    142    147    141    136    138
    136    141    143    136    138
    142    143    144    141    146
    145    143    139    146    146
    143    140    139    136    145

    111    113    108    107    107
    104    108    110    105    107
    107    112    113    109    110
    112    114    104    116    110
    109    111    104    105    112

    116    117    117    115    114
    112    114    121    114    114
    115    120    121    116    120
    119    119    114    126    122
    118    118    114    114    120

    127    131    127    124    124
    121    125    133    118    124
    128    128    132    127    130
    132    130    123    131    132
    127    124    123    123    134

    128    134    129    125    124
    122    127    131    123    125
    128    131    134    126    131
    132    131    122    135    132
    126    128    122    123    130

     75     81     76     76     76
     75     72     80     72     75
     77     76     82     78     80
     80     78     72     82     80
     76     75     72     73     77

     98    103    101     96     96
     95     95    105     93     94
     98    101    105     99    103
    102    103     92    107    101
    100     99     92     95    103

    102    107    105    102    100
     98    101    110    100     98
    104    106    109    105    108
    107    106     97    108    108
    102    103     97    101    109

     94    100     98     92     92
     90     91    101     89     91
     96     96    102     95     98
     99     99     90    102     99
     96     95     90     92     99

     85     93     90     87     86
     82     83     95     83     85
     86     90     95     89     93
     93     91     82     96     95
     87     89     82     84     93

     79     87     84     78     80
     76     78     85     76     77
     82     81     89     81     85
     85     84     76     87     83
     82     78     76     75     84

     63     70     65     63     65
     61     63     70     62     63
     65     64     69     65     69
     69     67     60     72     66
     64     65     60     62     68

     65     71     68     63     63
     61     62     70     59     63
     64     69     71     65     68
     69     67     61     69     68
     66     64     61     62     69

     67     73     69     67     66
     62     64     75     64     65
     68     70     75     68     74
     72     71     62     74     72
     71     69     62     64     71

     68     78     75     70     70
     67     69     81     69     69
     71     77     81     73     77
     77     74     65     79     76
     73     73     65     70     76

     65     75     69     66     65
     62     64     74     63     64
     67     69     76     68     72
     71     70     62     74     73
     66     65     62     65     72

     64     74     68     64     63
     60     63     74     61     62
     66     68     73     66     72
     70     69     58     71     70
     67     63     58     64     71

     60     70     64     61     61
     57     59     69     59     59
     64     65     70     63     68
     67     63     56     67     65
     62     59     56     59     67

     58     66     63     57     58
     53     59     68     55     57
     59     62     66     61     66
     62     62     52     65     63
     59     58     52     56     63

     46     52     48     45     45
     41     44     51     41     43
     46     49     53     46     52
     49     49     41     51     50
     45     44     41     44     49

     37     45     41     38     38
     37     36     45     37     39
     40     39     45     40     42
     43     39     34     45     42
     39     38     34     39     40

     35     42     37     34     35
     31     33     39     32     37
     38     37     41     37     41
     38     38     32     39     37
     35     35     32     33     36

     32     35     34     32     31
     30     30     36     29     30
     30     35     40     31     37
     35     35     28     35     32
     32     31     28     30     34

     17     26     23     24     24
     17     19     23     19     22
     22     21     24     20     26
     23     21     20     25     21
     23     18     20     20     20

     14     16     16     15     15
     12     13     17     14     15
     16     16     16     16     19
     18     17     14     16     16
     16     15     14     15     16

     16     18     17     15     16
     15     14     18     14     16
     15     16     19     16     18
     17     18     14     18     15
     16     14     14     13     17

     25     29     29     24     26
     25     23     32     21     26
     26     28     31     27     30
     27     27     23     32     26
     27     27     23     25     26

     28     34     32     29     28
     27     27     34     26     29
     30     31     36     31     37
     32     30     27     35     32
     30     30     27     27     33

     33     39     38     32     34
     30     33     43     32     33
     36     36     42     35     40
     38     37     28     41     36
     35     34     28     33     38

     33     43     40     34     34
     31     34     43     33     35
     36     38     43     37     43
     41     39     31     43     39
     35     36     31     34     39

     33     40     39     33     34
     30     32     42     30     34
     35     38     43     36     40
     40     38     30     41     37
     35     34     30     34     37

     34     40     39     33     33
     30     33     41     32     32
     36     36     42     35     41
     37     37     30     42     37
     37     34     30     33     38

     33     41     37     33     32
     29     32     41     29     32
     34     35     42     34     40
     38     37     30     41     37
     33     33     30     33     38

     28     36     34     29     30
     27     29     37     28     28
     32     34     38     31     37
     35     33     26     38     32
     32     30     26     29     36

     29     37     33     31     29
     26     28     36     27     29
     31     33     38     32     36
     35     33     25     37     33
     32     30     25     29     34

     27     34     33     28     27
     25     27     36     24     27
     28     31     37     29     34
     33     31     24     35     29
     30     28     24     27     33

     27     32     32     28     27
     24     27     34     26     26
     29     31     35     29     34
     32     32     23     35     30
     29     27     23     27     31

     23     30     28     23     23
     22     23     31     22     24
     25     28     30     24     30
     29     28     21     30     27
     26     25     21     24     27

     22     28     26     22     21
     20     21     28     20     22
     23     26     29     23     28
     27     26     19     28     25
     24     23     19     23     25

     20     26     24     20     19
     18     19     26     18     21
     21     24     28     21     25
     24     24     18     26     23
     21     21     18     21     24

     16     23     18     16     16
     14     15     19     13     15
     18     16     21     16     20
     18     18     13     20     17
     16     16     13     16     18

     10     13     11     10     10
      9      9     13      8      9
     10     10     12      9     12
     12     10      7     14     10
     11     10      7      8     10

      4      6      4      5      5
      2      2      6      3      5
      4      5      5      4      6
      3      4      3      6      4
      5      3      3      3      4

      3      4      5      3      4
      2      3      5      2      3
      3      3      4      4      4
      4      3      4      5      3
      4      3      4      2      4

      5      5      6      3      5
      3      3      7      4      4
      5      5      6      5      6
      6      6      4      6      4
      5      4      4      4      3

      4      6      5      5      5
      3      3      7      3      5
      4      5      7      5      6
      5      4      4      6      3
      4      4      4      4      3

      6      8      6      6      7
      5      4      8      5      5
      6      7      9      6      9
      7      7      4      7      7
      7      5      4      5      7

      9     14     12     10     11
      9      8     14      9     10
     11     11     13     11     14
     12     13      9     15     11
     11     10      9      9     11

     11     16     13     12     12
     10     11     17     11     11
     13     14     18     12     15
     15     14     10     16     13
     15     12     10     11     14

     10     16     13     11     12
     10     10     14      9     11
     11     12     14     11     15
     13     13      8     15     11
     12     10      8      9     14

     11     16     13     11     12
     10     10     16     10     11
     11     14     16     11     15
     15     14      9     15     13
     12     11      9     11     13

      9     14     12      9     10
      7      8     14      8      9
     10     10     14     10     13
     13     11      8     13     12
     12      9      8      9     12

     11     15     12     10     11
     10     10     16     10     11
     11     14     15     11     17
     14     14      9     14     12
     12     11      9     10     12

     10     15     15     12     12
     10     10     17     10     11
     12     13     18     12     16
     15     13      9     16     13
     13     11      9     11     13

     12     17     16     13     12
     11     11     20     11     11
     14     15     17     12     16
     15     14      9     17     13
     14     13      9     12     15

     12     18     15     12     13
     10     12     18     10     12
     13     15     19     13     17
     16     15     10     16     14
     13     12     10     12     13

     11     15     14     12     12
     10     11     15     10     12
     12     13     16     12     16
     15     14      9     15     12
     13     12      9     10     13

     10     14     12     10     11
      9      9     16      9     10
     10     12     15     11     16
     13     12      7     14     11
     13     10      7     10     12

     10     15     14     12     12
     10     11     15     10     12
     12     13     17     12     16
     15     14      9     15     12
     13     12      9     10     13

     12     13     14     12      6
     11     12     16     12      8
     15     12     11     13     14
     16     14     13     17     13
     12     12     13     10     10

     17     13     15     12     10
     12     13     10     15     11
     14     15     16     12     15
     12     11     12     12     11
     11     15     12     10     14

     11     11     12     11     12
     13     11     11     10     11
     13     18     15     12     12
     13     15     10     12     14
     11     10     10      9     13

     15     12     12     12     12
      7     11     13     12     10
     10     14     11     11     13
     12      9     11     13     13
      9     12     11     11     14

     11     10     10     12     11
     11      7     12      8     13
     11     11      8     10     10
     10      9     12     11      6
     12     12     12     11     13

      9     10      5      6      9
      7      6      9      7      9
      8      9      6      8     10
      8      8      6      8     10
     10      8      6      4      9

     63     76     92     95     72
     47     32     15     20     58
     50     35      7     31     33
     -5     33      0     13     13
     15      4      0     -4     26

      4      5      2      4      3
      4      2      6      3      4
      5      6      4      3      6
      3      5      2      6      5
      3      4      2      4      5

      3      4      2      1      3
      2      2      4      2      2
      3      3      3      4      5
      2      4      2      4      2
      2      4      2      2      3

      0      3     -1      0      0
      0      0      0      0      0
      1      0      0      1      0
      0      0      0      2      0
     -1      1      0      0      0

      0      0      0      0     -2
      0     -1      0     -2      0
      0      1      0      0      2
      0      0     -1      0      0
      0      2     -1     -1      0

      0      0      0      1     -1
      1      0      3      0      2
      0      4      0      2      0
      0      0     -4      0      0
      0      2     -4      0      0

      0      0      0      0      0
      0      0      0     -1      0
      1      1      1      0      1
      1      1     -1      0      1
     -2     -1     -1      0      0

      3     -3     -1     -1     -4
     -1      0      0      0     -3
      3      4      3      6      4
      1     -1      0     -1      3
      0      2      0     -3      7

      2      1      2      0      1
      2      0      0     -5     -1
      1      3      1      0      5
     -1      0     -1      0      0
     -1     -1     -1     -4      0

      2      0      1      1      0
      0      1      1     -3      0
      1      2      0      2      2
      1      0     -1      0      3
      1      0     -1      0      0

      0      0      1      2      0
      1      3      2      0      1
     -1      0      1      2      1
      1      1     -1      0      0
      0      0     -1     -1      0

      2      0      1      0      0
      3      0      2     -1      1
      2      1      0      0      4
      2      0      1      1      3
      2      1      1      0      2

      2      0      2      1      0
      1      2      0      0      1
      3      1      2      2      0
      3      2      0      1      0
      0      3      0      2      2

      2      2      4      4      0
      0      2      0      2      3
      4      3      4      3      3
      2      1      2      1      1
      0      3      2      2      3

      2      3      2      5      3
      5      3      5      3      3
      1      3      4      2      4
      0      1      2      2      4
      4      1      2      5      3

      2      1      1      3      1
      1      0      2      0      2
      2      3      2      2      4
      2      4      4      3      1
      2      1      4      1      4

      1      4      3      5      3
      4      2      2      1      2
      4      2      3      4      5
      4      1      4      4      1
      1      3      4      1      3

      5      8      5      5      5
      3      5      7      4      8
      7      8      6      7      8
      5      5      8      4      7
      4      5      8      5      8

     11      7     10      9      8
      7      9      7      6      9
      9      8      9      8     10
      7     10      7     10      7
      8     11      7      6      9

     11     11     10      9     10
     10     11     10      7      8
     11     13     13     11     10
      9     12     11     12     10
      9     10     11      8      8

     13     11     12     12     10
     11     10     11     10      9
     11     12     12     11     11
     12     11      8     11     12
     12     10      8     10     10

     11     11     11     11     11
     10     10     12     12     12
     11     10     10     11     12
     10     13     11     14     13
      9     10     11     10      9

     15     14     15     14     15
     12      7      7     10     14
     12     12     14     13     12
     13      9     13     16     15
     11     10     13     11     12

     13     14     11     12     14
     13     10      9      9     13
     15     12     10     14     12
     12     14     11     13     14
     12     12     11     12     12

     12     12     11     10     10
     11     12     10      8     11
     11     13     11     14     11
     11     11     12     12     11
     12     10     12     12     10

     12     12     11     11      8
     10     10     12      9     10
     10     10      9     11     11
     11     10      9     13     11
     10     12      9      9      9

     11     13      9     11      9
     11     11     10      8     12
      9     10      9      8     12
     10     13      8     11     11
     10     11      8      7     10

     12     11     10     11      9
      9      9     10      9     10
     12     10     10     10     11
     12     11     11     11     12
     10      9     11     11     11

     10     10      9      8     10
     10     10     10     11      9
     11      9      9     10      8
     10     12     10     11     10
      8     10     10      8      9

      9      9      9      9      6
      8      9      7      6      8
      9      9      9      9      8
     10      9      8      9      9
      8     10      8      8     10

     10      9     10     10      7
     10     10      9      8     11
     11     10     10     10     11
      9     10      8     10     10
      9      9      8      8     12

     10     10     10      7      7
     10      9     11      8      9
      8     10      9     10      8
      9      9      9     11     12
      8     10      9      7      9

      7      8     10      9      6
      7      7      9      8      9
     12      8      9      8     10
      8      9      9      9      9
     10     10      9      7      9

      8      7      8      9      7
     10      7      8      7      9
      9      9      8      8      7
      8     10      9      9      8
      9      9      9      7     10

     10     10     10      9      7
      9      7      8      7      8
      8      9      6      9      9
      7     10     10      7      7
      9     10     10      7      9

      6      6      7      8      7
      6      9      9      5      7
      8     10     10      8      8
      8      8      7     10      7
      6      8      7      8      8

      7      8      8      9      6
      8      9      8      6      7
      9      7      8      7      9
      9      8      8      7      9
      7      9      8      7      9

      7      7      8      8      6
      6      8      6      7      6
      7      8     11      6      9
      8      7      8      9      7
      6      6      8      6     10

      9      7      6      8      7
      7      7      8      6      8
      9      8      7      7      8
      8      8      6      9      6
      5      7      6      7     10

      6      8      5      6      5
      7      4      6      5      8
      7      7      6      6      8
      8      6      5      6      8
      6      6      5      5      8

      5      6      5      7      3
      6      8      6      5      7
      7      7      5      4      8
      7      2      6      7      6
      6      9      6      4      7

      6      9      4      9      3
      3      5      8      3      5
      6      6      7      6      5
      7      6      5      6      6
      6      6      5      5      5

      4      5      3      4      2
      5      5      6      3      3
      6      4      5      2      4
      3      4      4      3      3
      7      4      4      3      6

      4      6      5      5      3
      3      5      5      3      6
      6      6      6      5      5
      5      5      3      5      6
      4      5      3      1      5

      4      4      4      4      3
      5      2      4      3      4
      5      5      4      5      3
      4      4      4      6      4
      2      5      4      3      3

      5      3      3      3      2
      3      3      2      3      2
      4      4      3      3      2
      3      3      2      4      5
      4      3      2      4      2

      2      4      3      2      0
      2      2      3      0      1
      3      3      3      3      3
      2      4      2      2      3
      1      3      2      2      3

      1      2      0      2      1
      0      1      1      0      2
      1      3      0      1      2
      0      4      0      0      1
      0      2      0      2      2

      1      2      2      0      1
      0      1      1      0      0
      0      1      1      2      1
      0      1     -1      0      0
      0      2     -1      0      0

      0      0      1      0      0
      0     -1      1      0      0
      0      0      0      0      1
      0      0     -1      1      0
     -1      0     -1      0      0

      1      0      0      1      0
      1      0     -1      0      0
      0      1      0     -1      0
      0      1      0     -1      0
      0      1      0     -1      0

      0      2      1      0      1
     -1      0      0      0      0
      0      2      1      0      1
      0      0     -1      0      0
      0      0     -1      0      1

      1      0      0      0     -1
      0     -1     -1      0      0
      1      0      0      0      1
      0      0      0      0     -1
     -1      0      0     -2      0

      1      0      0      0      0
     -1     -1      1      0      0
      3      1      0      0      3
      0      0     -1      0      0
      0      0     -1      0      0

      0      1      0      0      0
      0      0      0     -2      0
      0      0     -1      0      0
      2     -2      0      1      0
      0      1      0     -1      0

      0      0     -1     -3      0
      2      1     -1     -1     -2
      0      2      0      0      1
      0      0     -1      2      0
     -1      0     -1      0      0

      0     -1      0      0      0
      0      0      0      0      0
      1      2      1      0      0
      0     -1      0      1      2
      0      1      0     -1     -1

      0     -1      1      0      0
      0      0      1      0      0
      0      1      0      0      1
     -1      0      0      0      0
      1      1      0      0     -1

      0      1      0      0      0
     -1      1     -1      0      0
      0      0     -1      1      1
      0      0     -1      0      0
     -1      0     -1      0      0

      0      0      0      0      1
      0      0      0      0      0
      1      1      0      0      1
      0      0      0      0      0
     -2      0      0      0      0

      0      1      0      1      0
      0      0      0      0     -1
      1     -1     -1      0      0
      0      0      0     -1     -1
      0      0      0      0     -1

      0      0      0      1      0
      0     -1      0      2      0
     -2      1      0     -1      0
      0      0      0      0      0
      0      0      0      1      0

      0      0      0      1      0
      0     -1      0      1      0
      0      0     -1      0      2
     -1     -1      0      0      0
     -1      0      0      1     -1

      0      0      0      0      0
      0     -2     -1      1     -2
     -1      0      0     -1      0
      0     -1      0      0      0
      0     -1      0      0     -1

      0      1     -1      1      0
      0      0      0      1      0
     -1      1      0      0     -1
     -1      0     -1      0      0
      1      0     -1      0     -1

      0      1      0      1     -1
      0     -1      1      0      0
      0      1      1      0      0
      1      0      0      0      0
      1     -1      0      0      0

     -1      0      1      0      0
      0      1      0      0      0
     -1      1      2      0      0
      0      0     -1      0      1
      0      0     -1      0      0

      0      2      1      0      0
      1      2      2      1      0
      0      1      1      1      1
      1      0      1      1      2
      2      2      1      0      0

      2      2      2      1      0
      2      3      2      4      2
      2      2      4      2      3
      1      3      3      2      2
      2      2      3      2      0

      2      3      2      2      3
      2      2      3      4      0
      1      4      3      2      3
      2      3      3      2      3
      3      3      3      2      3

      2      2      2      1      2
      2      2      1      3      1
      1      2      3      2      2
      1      2      2      2      4
      0      0      2      2      0

      0      0      1      2      1
      2      0      0      0      0
      2      2      0      1      0
      0      1      0      2      0
      0      0      0      0      0

      0      2      2      2      1
      1      2      0      3      1
      0      0      2      2      0
      0      2      1      1      0
      1      0      1      2      0

      3      3      3      2      3
      2      3      3      3      3
      2      2      3      3      2
      2      2      2      4      4
      3      3      2      3      4

      4      4      4      2      4
      5      3      6      5      2
      2      4      5      5      4
      4      3      4      4      5
      4      6      4      4      3

      3      3      2      4      2
      3      3      4      2      2
      4      2      3      3      3
      2      3      3      4      3
      3      3      3      3      2

      2      3      3      1      2
      2      2      2      4      2
      2      3      3      2      3
      3      1      3      3      3
      2      0      3      4      1

      4      4      3      3      2
      2      3      2      3      3
      2      3      4      3      3
      2      3      3      4      3
      3      2      3      3      2

      3      4      4      3      2
      3      3      3      3      3
      3      4      3      2      4
      4      3      2      3      4
      4      3      2      4      2

      4      4      4      5      3
      5      3      2      5      3
      4      4      5      3      4
      4      3      4      5      6
      5      4      4      5      3

      4      5      4      5      4
      5      4      4      5      4
      4      5      5      5      4
      5      4      4      5      4
      5      3      4      5      3

      3      4      4      2      4
      4      4      4      4      2
      3      3      4      3      4
      4      3      6      4      4
      3      4      6      3      4

      2      4      3      3      4
      2      3      4      5      4
      3      3      3      3      5
      5      4      4      6      3
      3      3      4      4      3

      4      4      2      3      4
      3      4      3      4      2
      4      3      6      4      3
      5      4      3      3      5
      4      2      3      4      3

      4      4      2      3      3
      5      5      4      5      3
      2      3      4      3      2
      4      4      3      5      4
      3      2      3      3      2

      4      4      4      5      4
      4      3      3      5      3
      5      5      3      4      3
      3      4      3      5      4
      3      3      3      2      4

      4      4      4      3      2
      3      1      4      5      2
      3      3      6      4      5
      4      5      3      4      4
      4      3      3      4      2

      2      4      3      4      3
      3      2      2      5      3
      4      3      4      3      3
      5      6      3      4      4
      3      2      3      4      4

      3      5      3      3      3
      5      3      4      4      2
      3      4      3      3      4
      3      4      4      4      5
      2      4      4      4      1

      2      3      2      4      4
      4      3      4      4      1
      3      3      2      2      4
      3      4      4      2      3
      2      4      4      2      3

      4      2      2      3      2
      2      2      3      4      2
      2      5      4      3      2
      3      4      3      2      2
      3      3      3      4      2

      5      4      4      3      1
      4      4      3      5      1
      2      3      5      1      5
      3      4      4      3      2
      1      3      4      3      3

      5      3      3      3      2
      4      2      3      5      2
      1      3      5      1      4
      2      4      3      4      3
      4      3      3      2      2

      3      3      3      4      2
      4      1      5      5      1
      2      3      4      2      4
      2      4      4      4      4
      3      4      4      3      3

      2      3      3      5      1
      2      3      1      4      1
      4      2      3      2      2
      3      3      3      5      3
      2      3      3      3      4

      2      3      4      2      2
      2      4      3      3      1
      2      3      3      2      3
      3      4      3      3      3
      1      4      3      3      2

      3      4      2      6      2
      3      1      3      4      2
      1      2      1      4      3
      3      4      3      3      5
      3      3      3      3      4

      2      2      2      2      1
      2      1      3      2      2
      3      4      4      2      4
      2      4      3      3      4
      4      3      3      2      3

      4      2      3      3      2
      3      2      2      3      1
      1      1      2      4      2
      3      3      3      4      5
      3      2      3      3      2

      1      3      2      3      2
      1      2      3      3      1
      3      3      3      0      3
      1      5      2      3      5
      2      2      2      2      2

      0      1      1      4      3
      2      2      2      3      1
      1      0      2      1      2
      0      2      2      3      3
      3      4      2      4      2

      3      3      2      1      0
      4      0      1      2      0
      1      1      2      2      2
      1      1      3      1      3
      2      1      3      2      3

      1      1      2      3      1
      2      1      2      3      0
      1      2      2      2      2
      0      2      2      3      2
      1      0      2      3      2

      1      3      1      1      2
      2      2      2      2      0
      2      5      0      2      2
      2      2      1      2      2
      1      0      1      2      3

      2      2      0      2      4
      0      1      2      2      0
      2      2      2      0      0
      2      4      1      3      3
      2      0      1      2      1

      1      2      1      3      2
      3      0      1      3      1
      1      1      1      1      0
      2      1      2      0      1
      0      0      2      0      0

      3      3      0      0      0
      2      3      0      2      0
      1      0      0      2      2
      1      3      0      2      2
      1      2      0      2      1

      2      2      1      4      0
      1      1      3      1      0
      0      1      0      0      1
      0      1      2      2      3
      0      0      2      2      2

      1      0      1      1      3
      1      0      1      2     -1
      1      1      2      1      0
     -1      1      1      3      1
      0      0      1      2      0

      0      2      2      2      0
      0      1      1      3      0
      0      0      3      0      1
      0      0      0      1      0
      1      0      0      0      1

      1      2      0     -1      0
      0      0      1      4      0
      0      2      1      0      0
      1      1      0      1      1
      0      0      0      1      2

      1      1      1      1      0
      1      3      4      1      0
      1     -2      3      0      3
      2      0      0      2      1
      0      0      0      2      3

      0      2      1      0      0
      0      1      1      1      0
      0      1      0     -1     -1
      0      0      0      0      1
      0      0      0      2      0

      0      2      2      0      1
      1      0     -1      0     -2
     -2      1      3      0      1
      0      1      0      0      2
      2     -1      0      0      0

     -1      4      2      0     -4
     -1     -2      0      0     -1
      0      2      0     -2      2
      0      3     -1      1      3
      1      0     -1     -2     -2

      0     -1     -1      1      0
      2      0      0      1      0
      0      0      1     -1      0
      0      0      0      1      0
      2     -1      0      0      1

     -2      4      0      2     -1
      0      0      2      0      0
     -1      0     -2      1      1
     -1      1      2      0      1
      0     -2      2      3     -1

      1      2      0      0      0
      2     -1      0      0     -1
      0      0      1      1      0
      0     -1      1     -2      0
      0      0      1     -1      1

      1      2      0     -3      0
      0      0      0      1     -1
      0      0      0     -2      0
     -4      1      0      0      0
      0     -3      0      3     -2

     -1      2      0     -1      0
     -2     -2      2     -1     -1
     -3      1      0     -2      0
      0      0      0      0     -2
     -2      0      0      1      2

      0      0      0      1     -2
      0     -1      0      1     -1
      0     -4     -1      0      0
      1      0      0      0      0
      0      0      0     -1      0

