;
; ENVI ASCII Output of file: E:\Imaging\ROI_AVIRIS_TestSet\5_2_2.img [Wed Dec 06 10:39:43 2017]
; File Dimensions: 5 samples x 5 lines x 224 bands
; Line Format    : (5i7)
;
    484    500    483    483    503
    507    504    487    508    479
    476    495    493    483    497
    485    482    507    512    512
    490    513    473    491    501

    572    562    594    594    573
    588    587    583    585    566
    547    568    594    560    579
    590    579    585    594    594
    598    588    581    585    611

    623    613    619    619    619
    611    597    627    614    599
    609    623    613    637    608
    623    639    627    625    625
    632    634    623    624    614

    783    770    783    783    784
    771    773    780    789    776
    764    780    784    768    779
    786    790    784    780    780
    805    779    783    790    796

   1152   1146   1145   1145   1148
   1148   1141   1145   1139   1147
   1147   1149   1155   1135   1163
   1155   1152   1153   1155   1155
   1163   1153   1150   1143   1154

   1191   1193   1207   1207   1209
   1204   1201   1196   1196   1197
   1201   1205   1204   1192   1204
   1202   1211   1205   1205   1205
   1208   1219   1207   1212   1220

   1131   1123   1126   1126   1128
   1137   1126   1120   1137   1120
   1117   1131   1130   1143   1138
   1134   1139   1146   1132   1132
   1130   1135   1150   1139   1147

   1041   1041   1046   1046   1049
   1038   1038   1046   1036   1035
   1040   1033   1047   1042   1035
   1057   1049   1049   1048   1048
   1050   1056   1055   1047   1052

   1126   1122   1125   1125   1126
   1127   1114   1120   1121   1124
   1120   1121   1127   1122   1119
   1133   1136   1133   1120   1120
   1134   1136   1138   1132   1134

   1139   1133   1134   1134   1140
   1145   1133   1131   1132   1137
   1146   1135   1135   1136   1126
   1144   1143   1133   1137   1137
   1148   1154   1150   1142   1151

   1098   1101   1098   1098   1098
   1099   1095   1091   1103   1093
   1108   1098   1105   1094   1091
   1105   1108   1097   1100   1100
   1111   1114   1109   1106   1104

   1025   1026   1032   1032   1033
   1032   1022   1023   1027   1033
   1034   1026   1031   1031   1023
   1036   1034   1039   1036   1036
   1045   1044   1043   1038   1033

    970    966    970    970    968
    976    964    962    963    959
    978    975    974    966    961
    979    976    973    972    972
    979    979    983    983    974

    869    875    873    873    874
    877    870    864    867    865
    880    870    870    871    862
    882    874    877    879    879
    879    884    887    882    877

    792    784    783    783    785
    791    782    790    782    781
    797    784    789    782    783
    795    796    790    791    791
    800    796    797    794    791

    692    685    696    696    694
    694    690    685    694    688
    692    693    697    688    692
    697    708    697    692    692
    706    704    697    693    689

    610    605    615    615    610
    612    612    605    603    597
    610    614    611    605    600
    618    617    616    602    602
    622    622    617    612    612

    577    576    578    578    578
    580    575    574    568    566
    578    578    578    573    567
    585    583    581    572    572
    589    587    583    580    579

    543    545    540    540    545
    546    538    542    532    535
    546    542    544    541    533
    551    549    546    540    540
    555    550    547    548    546

    502    501    504    504    502
    506    501    497    497    496
    508    507    506    497    496
    514    513    505    502    502
    518    514    511    512    510

    459    458    462    462    457
    460    455    459    453    453
    466    461    457    455    451
    468    468    463    456    456
    474    472    463    460    465

    424    422    418    418    422
    421    415    418    411    411
    422    419    423    413    411
    426    425    428    413    413
    433    431    430    424    426

    389    389    387    387    386
    392    388    389    385    382
    392    393    388    381    378
    397    395    392    385    385
    395    397    395    394    389

    339    347    342    342    340
    341    343    343    339    339
    344    344    344    334    333
    351    346    348    339    339
    353    349    353    349    346

    320    318    319    319    319
    316    319    313    313    311
    320    317    318    315    313
    319    325    322    317    317
    327    329    326    320    323

    310    303    303    303    306
    304    305    303    299    300
    306    307    308    299    303
    314    308    310    304    304
    315    314    312    308    311

    286    279    280    280    285
    287    283    282    282    278
    293    287    283    280    277
    289    291    288    287    287
    295    294    291    290    288

    261    262    261    261    262
    266    257    263    257    256
    267    264    266    259    254
    270    268    267    263    263
    271    268    265    268    267

    251    254    249    249    253
    250    251    253    252    248
    250    251    245    247    245
    257    254    255    251    251
    265    261    255    254    255

    231    229    232    232    231
    232    231    230    229    230
    234    234    230    228    229
    236    231    233    229    229
    239    240    237    234    237

    224    216    216    216    218
    220    219    216    213    218
    220    220    218    217    216
    227    222    221    216    216
    228    224    224    221    221

    216    216    213    213    213
    214    215    213    214    210
    218    216    213    213    208
    219    216    216    216    216
    226    220    219    217    217

    216    217    214    214    215
    214    218    210    208    211
    218    216    211    209    208
    219    215    216    210    210
    228    217    218    222    215

    216    214    213    213    213
    214    215    212    214    210
    219    216    211    213    208
    220    217    216    215    215
    227    219    218    217    217

    200    193    201    201    197
    196    204    199    193    197
    206    199    196    196    194
    205    200    200    197    197
    214    200    202    203    201

    177    169    178    178    172
    174    177    175    171    172
    182    179    174    172    171
    183    179    177    174    174
    188    177    175    179    180

    159    148    155    155    155
    150    156    152    151    152
    162    155    148    150    147
    161    158    158    154    154
    166    154    157    159    158

    151    141    148    148    148
    146    151    143    146    146
    154    149    144    146    142
    152    152    153    148    148
    158    148    150    154    148

    138    130    133    133    132
    133    137    133    133    134
    143    135    133    131    132
    139    137    138    132    132
    144    137    139    137    135

    108    101    103    103    104
    103    106    102    102    106
    111    105    102    101    101
    111    109    108    104    104
    115    104    104    107    107

    114    106    114    114    110
    108    113    109    109    111
    118    112    107    110    106
    118    117    115    110    110
    124    110    114    113    112

    128    115    125    125    117
    121    124    118    118    121
    129    122    117    117    117
    128    128    126    118    118
    133    119    121    126    122

    127    113    122    122    118
    120    125    118    119    122
    133    125    116    117    119
    129    128    127    119    119
    133    119    121    125    123

     75     66     74     74     70
     70     75     71     71     73
     78     74     69     71     70
     79     77     75     71     71
     79     71     72     74     71

     98     87     95     95     91
     92     96     92     94     94
    102     96     89     91     91
    101    100     98     91     91
    105     91     92     98     93

    102     89    102    102     97
     97    100     94     98     98
    107    101     91     94     95
    106    105    103     94     94
    108     94     98    102     97

     95     82     92     92     87
     88     92     87     90     92
    101     94     84     89     88
     97     96     96     87     87
     99     87     90     93     91

     86     75     86     86     82
     82     86     80     84     85
     94     85     78     81     80
     92     93     89     83     83
     93     80     84     86     82

     84     69     78     78     74
     74     79     73     76     78
     87     79     74     75     74
     86     84     82     75     75
     84     73     76     80     76

     64     56     65     65     60
     60     63     60     62     63
     69     63     59     59     60
     66     68     65     59     59
     68     59     61     64     60

     64     54     63     63     59
     60     64     58     63     65
     71     64     58     60     61
     68     68     65     59     59
     69     60     60     65     62

     66     57     66     66     63
     64     66     61     62     66
     73     65     58     64     63
     72     70     70     62     62
     74     60     65     68     64

     71     60     71     71     66
     67     70     68     70     72
     82     71     62     68     64
     79     79     75     67     67
     78     65     67     71     67

     69     55     66     66     61
     63     67     62     65     64
     75     66     58     63     63
     72     70     70     63     63
     75     60     62     66     63

     67     54     63     63     59
     59     64     59     63     64
     72     65     58     60     62
     72     70     65     60     60
     70     57     60     65     61

     64     51     60     60     55
     55     61     56     58     58
     69     58     51     57     55
     65     66     63     56     56
     67     55     58     62     56

     62     48     59     59     55
     54     57     54     56     59
     65     57     51     54     53
     63     62     61     52     52
     66     52     54     58     54

     47     37     46     46     42
     42     47     42     47     44
     48     44     39     43     42
     51     51     47     41     41
     49     41     42     46     42

     41     32     39     39     36
     38     40     36     40     42
     47     37     33     37     37
     43     43     42     37     37
     42     35     39     39     36

     36     28     35     35     34
     34     36     31     34     37
     39     35     30     32     35
     40     40     37     34     34
     40     30     32     36     33

     33     26     34     34     30
     29     32     29     31     35
     36     31     27     29     30
     32     36     35     30     30
     37     28     29     32     30

     22     16     23     23     21
     21     23     19     22     24
     20     20     19     19     21
     20     22     22     20     20
     20     18     18     22     20

     16     11     15     15     12
     15     16     14     15     15
     18     14     11     14     14
     18     18     18     14     14
     16     13     15     16     14

     16     13     17     17     16
     13     17     14     16     18
     16     15     15     15     16
     17     18     17     15     15
     15     14     15     15     13

     27     20     27     27     24
     23     26     23     25     28
     30     25     21     24     24
     29     31     28     23     23
     28     22     23     25     23

     31     22     30     30     27
     28     29     26     29     30
     33     27     23     27     26
     34     34     30     26     26
     31     25     26     29     27

     36     27     34     34     30
     31     35     30     35     35
     40     32     27     30     32
     38     41     36     29     29
     37     29     31     34     32

     38     26     35     35     33
     32     35     32     35     37
     43     35     29     33     34
     42     43     39     33     33
     40     29     32     36     32

     36     25     35     35     31
     31     34     30     35     35
     41     35     28     31     32
     40     41     36     31     31
     40     29     31     34     32

     35     25     35     35     30
     31     34     30     33     36
     41     34     28     31     32
     40     41     36     31     31
     39     29     31     35     32

     35     24     35     35     30
     30     33     30     35     34
     42     33     26     32     31
     40     40     35     30     30
     38     28     30     33     31

     32     22     30     30     28
     27     30     25     29     30
     37     28     24     29     27
     36     36     33     27     27
     34     24     27     31     28

     31     21     31     31     27
     27     30     26     31     30
     36     29     24     28     28
     36     36     33     27     27
     34     24     27     30     28

     29     19     29     29     25
     26     29     26     27     30
     35     28     22     26     26
     34     32     30     25     25
     32     23     24     28     25

     29     19     29     29     24
     24     27     23     27     29
     34     27     22     25     26
     35     33     29     24     24
     33     22     25     26     24

     26     17     25     25     21
     22     25     22     24     25
     31     24     20     22     23
     28     29     26     22     22
     30     20     22     25     22

     24     16     23     23     20
     21     23     20     22     23
     29     22     18     20     22
     26     28     25     20     20
     28     18     21     23     20

     23     14     22     22     19
     19     21     19     21     21
     27     20     16     18     20
     24     26     24     19     19
     26     16     20     21     19

     18     11     16     16     15
     14     16     14     17     17
     21     17     13     15     15
     20     20     17     15     15
     19     13     14     17     15

     10      6     11     11     10
      8      9      9     11     11
     13      9      7      9      9
     12     13     12      9      9
     11      7      9      9      8

      4      3      4      4      4
      3      4      4      6      4
      3      4      3      4      3
      5      5      5      4      4
      4      3      3      6      3

      4      2      5      5      3
      3      3      3      4      4
      4      3      3      3      3
      3      4      3      3      3
      4      3      3      3      4

      5      3      6      6      5
      4      6      4      5      5
      5      4      3      5      4
      5      5      5      5      5
      6      4      5      5      4

      5      2      5      5      4
      4      6      4      5      5
      5      4      3      4      4
      3      5      5      5      5
      4      4      4      3      3

      7      4      7      7      6
      5      8      5      6      7
      7      6      4      6      6
      7      7      7      6      6
      8      5      5      7      6

     11      7     11     11      9
      9     11      9     10     12
     14     10      8     10      9
     13     13     12     10     10
     12      8      9     10      9

     13      8     13     13     10
     11     12     10     13     12
     16     12      9     11     12
     15     16     12     11     11
     15     10     11     13     11

     12      7     12     12      9
     10     11     10     14     12
     13     10      8     10     11
     13     14     12     11     11
     13      8      9     10     10

     12      7     12     12     10
     10     12     10     12     12
     15     11      8     11     11
     15     14     13      9      9
     14      9      9     11     11

     11      6     11     11      8
      8     11      8     11     10
     13      9      7      8     10
     13     12     10      9      9
     11      8      8     10      9

     13      6     12     12     10
     10     12     10     12     11
     15     11      9      9     10
     13     14     12      9      9
     14      8     10     11     10

     12      6     13     13     10
     10     12      9     12     13
     14     11      8     10     11
     16     14     13      9      9
     14      9     10     11      9

     14      7     13     13     10
     11     14     11     13     14
     16     12      8     11     12
     16     16     14     11     11
     15      9     11     14     12

     14      7     14     14     10
     11     14     10     13     14
     17     13     10     11     12
     17     17     15     11     11
     13      9     10     13     10

     12      7     11     11     11
     10     12     10     12     12
     15     12      8     11     11
     14     16     14     10     10
     12      8     10     13     11

     12      6     11     11      9
     10     11      9     11     12
     14     10      7     10     10
     13     13     12     10     10
     12      9      9     10      9

     12      7     11     11     11
     10     12     10     12     12
     15     12      8     11     11
     14     16     14     10     10
     13      8     10     13     11

     16      7      8      8     14
     13     11     13     12      8
      9     13     13     16     14
     13      7     13     12     12
     10     12     10     11     13

     16     13     12     12     11
      7      8      6     12     13
     13     11     12      9      7
     13     17     11     11     11
     10     13     11     14     10

     11     13     13     13     14
      9     13     12      7     11
      9     13     14     10     11
     13     13     11      9      9
     10      8     10     11     12

     10     11     11     11     13
      9     10     10     13     10
     11     11     11     11      9
     14     10     14     13     13
      9      8     12     10     16

      9      9      9      9     14
     10     10      9      7      8
      9      9     10     10      9
      7      7      9      7      7
      8     10      9     11     10

     10      7      8      8     10
      9      8      7      6      8
      4      5      6      7      7
      9     10      9      7      7
      8      6      6      6      7

      2      1      2      2      5
      1      0      6      5      6
      6     16      6     13      3
     -4      5     -4      2      2
     16      0      3     -7      1

      5      2      5      5      7
      3      5      5      0      4
      3      4      4      3      5
      4      4      5      1      1
      3      2      3      4      4

      2      1      1      1      1
      2      2      2      3      4
      1      1      4      0      3
      3      3      4      1      1
      1      0      2      2      3

      0      0      0      0      1
      0      0      0      0      1
      0      1      0      0      0
      1      1      0      0      0
      0      1     -1      0      1

      0     -1      0      0      2
      0      0      0      0     -1
      0      0      0      1      1
      1      0      0     -1     -1
     -1      1      0      0      2

      1      2     -2     -2      0
      0      0      1      0      0
      1     -1      0      0      0
      1      0     -1      0      0
      0      0      0      0      1

      1     -1      0      0      1
      0      1      1      2      2
     -1      1      0      0      0
      3     -1      1      0      0
      0      0      0      0      1

      0     -3      0      0      3
     -4     -1     -6     -2     -4
      0      2      4      4      0
      4      1      0      6      6
     -2     -1      0      1     -1

      1     -3     -1     -1      5
     -2      1      0      0      2
     -3     -1      0      0      0
      4      0      2      0      0
     -3      1      0     -1     -1

     -1      0     -1     -1      3
      0      2      0      0      1
     -1      0      0      0      1
      0      1      0      0      0
      1      0      1      3      1

      0      2     -2     -2      5
      1      3      1      0      2
      1      0      0      0      0
      2      1      0      0      0
      2      0      0      1      0

      0      1      1      1      1
     -1      3      1      0      2
      2      0      2      0      0
      1      3      0      1      1
      0      1      0      0      0

      0      0      0      0      5
      0      2      2      0      2
     -1      3      0      2      2
      3      1      2     -2     -2
      1      1      0      3      0

      3      1      1      1      1
      1      3      0      2      4
      4      1      4      3      4
      3      4      3      4      4
      0      1      4      1      5

      5      3      3      3      4
      3      1      3      5      2
      3      4      3      3      2
      4      3      3      1      1
      0      1      1      3      1

      2      4      2      2      4
      2      1      2      2      2
      1      2      2      4      1
      3      5      2      3      3
      2      1      1      2      4

      2      2      3      3      4
      2      5      3      0      3
      3      5      3      3      3
      3      3      4      2      2
      2      1      1      5      2

      4      5      4      4      8
      6      8      7      7      6
      6      7      5      8      3
      7      7      6      5      5
      4      5      4      5      6

      8      8      7      7      8
      6      8      9     10      7
      7     11      8      9      8
     10     10      7      6      6
      8      9      6      9      9

     10      8      9      9     13
      9      9     10      9      8
     10      9      8      8      8
     11     11     13      8      8
     10      8      9     11      8

     10      9     11     11     10
     10     11     12     10     12
     11     11      9      9     11
     11     12      9      9      9
     11     10     10     12     11

     11     11     10     10     12
      9     10     12      8      8
     10     10      9     10     11
     11     11     11      8      8
     10     11     10     10      9

     11     14     12     12     13
     10     15     14     14     10
     11     12     11     11     13
     13     15     15     13     13
      9     12     11     10     10

     13     11     10     10     11
     10     13     12     10     10
     11     10     10     11     11
     12     12      9     11     11
     10     10     12     12     12

      9     10     12     12     11
     11     10     10      9     10
     11     11     13     11     10
     11     12     12     10     10
      9      9      9     10     10

     10     10      7      7     11
      8      7     10     10      9
      9      8      8      9      8
      8     10      7      8      8
     10      7      8      8      8

     10      9      8      8      9
      8     10     10      8      6
      8      9     10     11      9
     10     11      9      8      8
     10     10     11      9      9

     10      9     11     11     10
      9      9      9     10     10
      9      9      9     10      9
     11     12      7      7      7
      9      7      9      8     10

      9      9      7      7      9
      8      7      9      8      8
     11      7      9     11     10
     11     11      8      8      8
      9      9      8      9      9

      9      8      8      8      9
      7      8     10      7      7
      9      8      9      7      8
      7      9      9      7      7
      8      7      7      8      9

      9      9      8      8      9
      8     10      9      7      9
      8      9      9      9      9
      9     12      9     10     10
     10      8      9      8     12

      8      7      8      8      8
      8      8      7      6      7
     10      8      9      7      8
      8     10      9      8      8
      8      7      9      6      7

      7      7      6      6      8
      6      6      7      7      6
      7      9      9      9      8
     10     10      8      8      8
     10      8      8      7     10

      6      8      8      8      8
      6      7      7      6      8
      7      8      6      8      6
      8      9      7      6      6
      8      6      8      8      6

      6      8      8      8      9
      7      7      8      6      8
      7      7      9      7      7
      9     10      7      8      8
      7      7      8      7      7

      8      7      7      7      8
      6      9      7      6      6
      7      7      8      8      8
      8      7      8      5      5
      9      8      6      8      7

      5      6      7      7      9
      7      8      8      7      6
      5      7      8      8      8
      9      9      8      4      4
      8      7      8      9      6

      7      7      5      5      7
      4      6      7      4      7
      7      8      6      6      7
      7      8      6      5      5
      8      6      6      5      6

      4      7      7      7      8
      5      7      6      6      8
      8      7      5      8      4
      7      8      6      6      6
      7      6      7      6      5

      5      6      7      7      7
      6      7      5      4      6
      5      6      6      5      6
      7      6      7      6      6
      5      6      5      5      8

      7      4      5      5      8
      5      5      5      4      5
      5      4      4      5      6
      5      6      6      5      5
      4      5      3      4      6

      4      4      4      4      6
      4      5      4      4      6
      5      4      5      6      5
      6      7      5      5      5
      4      5      4      5      6

      5      4      5      5      5
      2      5      5      5      6
      5      4      5      5      3
      5      5      6      3      3
      1      3      5      3      3

      3      2      4      4      3
      4      3      3      4      3
      4      2      4      6      3
      6      4      4      4      4
      4      4      4      3      5

      5      5      4      4      5
      3      5      4      5      4
      4      3      1      5      4
      4      3      3      4      4
      5      3      4      6      5

      5      4      2      2      3
      2      2      2      4      3
      3      3      5      5      4
      3      3      3      3      3
      2      3      3      2      3

      3      3      3      3      4
      0      3      4      4      1
      3      3      3      3      1
      5      3      2      1      1
      2      2      2      4      3

      1      0      0      0      1
      2      2      1      4      1
      1      1      1      2      1
      2      3      1      0      0
      0      1      1      0      2

      1      1      0      0      1
      0      3      0      2      1
      0      1      0      2      0
      0      2      0      0      0
      0     -1      0      0      2

      0      0      0      0      1
      0      0      0      0     -1
      0      0      0      1      0
      0      1      0      0      0
     -2      0      0      0      0

      0      0      0      0      1
      0      0      0      1      2
     -1      0      0      1     -1
      1      0     -1     -2     -2
      0     -1      2      0      1

      0      0      0      0      0
      1      0      0      0      2
      0      0      1      0      0
      0     -1      0      1      1
      0      0      0      0      0

      1      0      0      0      0
      0     -2     -2      0      0
     -1      0      0      0      1
      0      0      0     -1     -1
      0     -2      0      0      0

      0      1     -1     -1      1
      0      0      1      0      2
     -1      0      0      0      0
      3      1      0     -2     -2
      0      0      0      0      2

      0     -1      1      1      2
     -1      0      0     -1      0
      1      0      0      0      0
     -1      0      2      0      0
      0      0     -1      0      0

     -1      0      0      0      1
     -1      1      0      0      0
      0     -1      0      0     -2
      3      0     -1      0      0
      2     -1      0      0      0

      0      0      2      2      0
      0      0      1      0      1
      0      0      2      0     -1
      1      1      0     -1     -1
      0     -2      0      0      1

      0     -1      0      0      1
      0      0      0      0      1
      1      0      0     -2      2
      1      0      1      0      0
      2      0      0      0      0

      0      1      0      0      1
      0      0      1      2      0
      1      0      0      0      2
      1      1      0      2      2
     -1      0      0      0     -1

     -1      0      0      0      0
      0      0      0      0      1
      0      0      0      0      3
      1      0     -2      1      1
      2     -1      2      0      0

      1      0     -1     -1      2
      0      0      0      0      0
      1     -1      1      0      3
      1      0     -1      0      0
     -1      0      0      0      0

      1      0     -1     -1      0
      1     -1      0      1      1
      0     -1      1     -2      0
      1      0      0      0      0
     -1      0      0      0      0

      1      1      0      0      1
      0      2      0      1      0
      1      0      0      0      2
      2      0      0      1      1
     -1      0      2     -2      0

      0      1      0      0      0
      0      0      1      2      1
      1      0      0     -1      0
      1      0      0      0      0
     -1      0      0      0      0

      2      1      0      0      1
     -1     -1      1      0      2
      0      0      0      0      1
      2      0      0      1      1
      1      0      0      0      0

      2      0      0      0      1
      0      0      1      0      1
      0      0      2     -1      1
      2      0      0      0      0
      0      0      0      0      1

      1      0      0      0      0
      1      1      0      0      0
      0      0      1     -1      2
      1      0      1      2      2
      0      0      2      0      0

      2      2      2      2      1
      1      0      0      1      0
      1      1      1     -1      2
      3      1      2      3      3
      0      1      1      0      0

      2      4      2      2      3
      1      0      2      1      3
      3      1      3      1      4
      3      2      3      3      3
      1      3      3      1      1

      3      4      2      2      1
      2      3      4      4      4
      4      1      3      1      4
      4      2      1      3      3
      2      3      3      3      3

      2      2      2      2      3
      1      2      3      3      1
      1      2      2      1      2
      3      2      2      1      1
      2      1      2      1      0

      1      1      0      0      0
      0      0      1      0      1
      1      1      2      0      3
      2      0      0      2      2
      0      1      1      0      1

      0      1      1      1      1
      2      1      2      2      2
      2      1      2      0      2
      2      1      0      0      0
      1      3      1      0      1

      3      4      3      3      2
      2      2      4      2      3
      4      2      2      2      5
      2      2      2      2      2
      2      3      3      1      2

      4      4      4      4      4
      3      3      3      4      4
      4      5      4      3      5
      4      4      3      4      4
      4      3      3      4      3

      4      4      3      3      3
      3      2      2      5      3
      3      4      3      2      4
      4      4      1      4      4
      4      3      4      4      2

      2      1      3      3      2
      2      2      1      2      2
      2      2      3      1      3
      4      3      2      3      3
      3      3      3      0      3

      4      3      3      3      3
      1      3      2      3      2
      3      2      3      2      5
      3      2      2      3      3
      3      3      3      2      3

      5      4      3      3      2
      2      3      4      4      4
      4      3      4      2      4
      5      3      3      5      5
      2      3      3      2      2

      5      3      3      3      5
      5      3      3      4      3
      3      3      4      2      4
      5      3      3      4      4
      4      3      5      3      5

      4      5      4      4      3
      4      5      4      5      3
      5      3      5      1      3
      5      3      3      3      3
      4      5      5      3      4

      3      5      4      4      4
      4      4      3      5      4
      4      3      4      2      4
      4      3      4      3      3
      4      4      5      3      3

      5      3      3      3      3
      4      3      4      4      3
      5      3      3      1      4
      4      4      3      3      3
      3      3      3      2      4

      2      4      4      4      3
      3      3      3      5      4
      4      3      4      3      4
      5      3      4      3      3
      4      4      4      3      3

      5      5      4      4      3
      4      4      3      5      4
      6      2      4      2      4
      3      4      3      4      4
      3      4      3      3      3

      4      3      4      4      2
      3      3      2      5      3
      4      3      4      3      4
      3      4      4      4      4
      3      3      4      3      2

      3      4      2      2      3
      3      2      3      4      4
      4      3      3      1      5
      4      2      3      2      2
      3      3      4      2      1

      4      3      2      2      3
      2      2      3      3      2
      4      3      4      2      4
      4      2      2      4      4
      3      2      2      2      1

      4      4      3      3      3
      4      5      3      4      3
      4      3      4      2      2
      3      2      5      4      4
      4      3      2      4      2

      5      4      2      2      2
      3      4      4      2      4
      3      2      4      1      2
      2      3      3      3      3
      2      3      4      2      4

      4      3      3      3      2
      1      2      2      3      3
      3      3      3      2      5
      3      3      3      4      4
      3      2      4      2      2

      5      4      2      2      3
      3      3      3      3      3
      4      3      4      2      4
      3      3      3      5      5
      3      2      3      2      1

      3      3      4      4      4
      2      3      3      4      3
      4      2      4      1      3
      4      3      4      3      3
      2      1      4      4      1

      2      3      3      3      2
      2      3      2      2      3
      4      3      3      2      5
      5      4      4      3      3
      0      2      3      2      1

      3      3      2      2      1
      4      2      3      4      4
      4      1      5      2      3
      3      3      3      3      3
      2      2      2      2      1

      2      4      3      3      2
      3      3      4      2      3
      3      3      1      3      3
      2      2      5      3      3
      2      2      4      2      1

      3      2      3      3      3
      4      3      4      3      3
      5      1      2      0      5
      4      3      3      4      4
      3      2      4      3      3

      3      3      1      1      3
      2      2      2      3      3
      3      4      4      1      3
      2      3      3      1      1
      1      3      2      2      2

      2      4      1      1      2
      3      1      1      4      2
      5      2      2      0      5
      5      2      3      2      2
      0      1      3      2      0

      3      2      4      4      1
      1      4      2      3      2
      4      3      3      1      2
      4      3      4      2      2
      2      2      1      0      2

      1      3      2      2      1
      2      2      4      3      4
      2      2      2      2      3
      4      5      1      5      5
      1      2      5      2      1

      3      2      2      2      2
      2      0      1      2      3
      3      0      1      0      3
      5      3      3      4      4
      1      1      3      1      3

      3      2      0      0      2
      4      1      1      2      2
      3      1      2      0      3
      3      2      1      2      2
      0      2      3      0      1

      2      2      3      3      2
      3      1      1      2      2
      4      1      1      1      2
      4      0      3      4      4
      3      3      3      0      1

      2      2      2      2      3
      2      2      1      3      0
      2      2      3      1      3
      5      3      0      2      2
      1      3      1      1      0

      3      4      0      0      1
      3      0      4      3      0
      2      1      1      0      2
      0      3      3      3      3
      2      1      1      3     -1

      2      1      2      2      0
      3      2      1      0      0
      2      1      1     -1      2
      4      1      2      1      1
      1      2      1      3      0

      1      1      0      0      0
      2      2      1      2      3
      2      2      2      0      1
      2      0      0      2      2
      1      1      0      1      2

      0      1      0      0      1
      2      2      0      0      1
      1      2      2      0      2
      2      3      1      2      2
      0      0      2      0      1

      0      1      2      2      0
      1      0      1      1      1
      1      2      0      0      1
      1      0      1      3      3
      2      0      0      0      0

      1      2      1      1      1
      1      1      0      0      2
      1      1      1      1      2
      2      0      2      3      3
      0      0      2      2      0

      1      2      0      0      1
      0      2      0      0      1
     -2      2      1     -1      1
      1      1      1      3      3
      0      2      0      1     -1

      0      1      0      0      1
      3      0      1      0      2
      0      1      0     -1      0
      2      2     -1      1      1
     -1      0      2      0      0

     -1      1      0      0      0
      3      0      1      0      3
      2      2      1     -4      3
      0      0     -2      1      1
      0      0      0      0      0

     -3      0     -4     -4      2
      0      0      0      0      6
      2     -1      0     -1      2
      3      3      0      2      2
     -2      2     -4      4     -2

      1      1      0      0     -1
     -1      0      0      1      4
      2      0      0      1      0
      1      0      1      3      3
      0      1      1      0      0

      0      0      0      0      0
      0      0      1      0      3
      1      0      1      0      1
      1      2     -1      1      1
      0      2      1      0     -2

      1      0      1      1      1
      3      0      0      0      0
      2      0      2     -4      0
      2      2      1      3      3
      0      3     -1      0      3

      0      0      0      0      0
      0     -3     -2     -1      3
     -1     -1      1     -2      2
      2      0      0      3      3
     -2     -2      1      0      0

     -1      0      0      0      1
      0      0      0     -1     -1
      0      1      1      0      3
      0      1     -1     -1     -1
     -2     -1      0     -1     -1

     -2     -2      0      0      0
     -1     -1      1      2      3
      1      0     -1     -1      1
      0      0      2      0      0
      0     -2     -1      0      0

