;
; ENVI ASCII Output of file: E:\Imaging\ROI_AVIRIS\5_2_5.img [Fri Nov 17 11:59:52 2017]
; File Dimensions: 5 samples x 5 lines x 224 bands
; Line Format    : (5i7)
;
    512    522    521    505    518
    518    531    531    515    507
    517    521    507    528    552
    517    523    516    526    529
    518    523    526    500    521

    615    632    616    623    622
    615    637    605    632    607
    613    602    592    627    637
    612    618    614    608    625
    618    605    598    597    625

    645    650    670    661    667
    653    673    660    660    660
    654    651    658    664    678
    663    654    659    663    667
    653    659    658    645    648

    817    830    848    831    832
    816    837    825    845    832
    835    817    819    839    848
    830    839    822    825    849
    837    835    820    819    827

   1185   1210   1234   1240   1233
   1193   1207   1226   1247   1233
   1210   1197   1197   1233   1255
   1210   1210   1211   1201   1237
   1228   1213   1198   1213   1197

   1257   1270   1299   1286   1283
   1262   1257   1273   1299   1307
   1290   1261   1258   1287   1306
   1279   1280   1266   1261   1289
   1288   1269   1271   1253   1267

   1193   1197   1219   1218   1215
   1192   1195   1209   1216   1225
   1202   1190   1187   1209   1226
   1203   1201   1197   1193   1208
   1209   1200   1204   1181   1185

   1089   1107   1115   1136   1116
   1096   1095   1115   1128   1129
   1111   1097   1097   1117   1138
   1113   1112   1109   1092   1115
   1121   1124   1108   1094   1098

   1172   1197   1207   1215   1212
   1182   1186   1194   1225   1216
   1199   1183   1178   1214   1216
   1210   1205   1187   1189   1204
   1205   1202   1191   1180   1182

   1182   1208   1229   1239   1224
   1206   1201   1210   1243   1243
   1223   1201   1206   1220   1247
   1227   1224   1204   1202   1224
   1224   1224   1206   1185   1196

   1151   1173   1195   1207   1188
   1163   1168   1181   1204   1205
   1191   1171   1161   1184   1203
   1183   1193   1168   1164   1182
   1196   1190   1171   1158   1162

   1072   1098   1118   1127   1117
   1098   1092   1107   1131   1145
   1116   1095   1105   1109   1128
   1115   1114   1100   1094   1116
   1110   1117   1103   1086   1084

   1013   1028   1054   1058   1052
   1029   1030   1050   1062   1058
   1047   1040   1030   1046   1064
   1052   1054   1033   1030   1044
   1048   1059   1045   1021   1018

    911    926    952    956    950
    924    932    945    958    956
    949    929    933    940    963
    943    943    928    930    934
    948    940    931    915    923

    821    839    858    862    863
    833    833    852    864    871
    853    841    843    863    864
    856    853    845    841    849
    855    856    847    837    833

    723    744    750    760    754
    737    736    756    766    767
    749    743    746    758    761
    751    756    741    738    753
    752    762    740    735    737

    636    651    662    671    667
    645    651    664    671    671
    658    654    657    670    669
    665    661    649    654    663
    666    667    654    646    656

    605    619    630    633    632
    612    617    630    637    639
    624    624    622    635    633
    631    626    618    621    628
    632    633    624    614    619

    573    587    597    594    596
    578    582    596    602    606
    588    593    587    600    596
    596    589    587    587    592
    597    597    592    581    581

    536    543    554    556    558
    546    547    554    562    557
    554    544    553    561    556
    558    558    555    546    558
    556    559    548    545    553

    490    500    506    515    516
    494    499    509    511    512
    505    496    502    508    516
    506    507    503    505    507
    510    510    505    496    496

    447    460    464    469    465
    458    459    467    474    468
    464    460    468    471    471
    465    466    460    459    466
    474    476    463    457    458

    421    424    431    432    431
    419    426    432    438    430
    431    428    428    433    432
    434    438    432    427    432
    430    436    432    423    425

    374    374    381    384    383
    376    380    381    385    381
    382    383    382    386    386
    386    388    379    377    378
    387    391    380    377    378

    349    349    355    357    357
    349    357    359    359    356
    353    359    353    354    355
    355    359    354    354    354
    357    363    354    352    349

    333    338    344    345    349
    333    342    343    346    345
    343    345    343    344    346
    346    347    345    339    339
    344    350    346    339    343

    312    316    322    317    318
    314    318    321    322    321
    320    319    320    323    316
    322    324    321    319    319
    318    326    319    314    315

    291    293    292    295    297
    293    294    295    298    297
    296    293    295    295    297
    299    301    297    294    296
    299    304    293    289    290

    278    281    280    285    282
    279    281    283    284    283
    282    283    283    279    280
    291    288    284    278    278
    287    291    284    277    279

    257    257    258    260    261
    258    263    263    266    264
    263    259    264    261    259
    266    269    259    259    261
    262    269    262    259    256

    244    245    247    245    246
    242    247    250    252    246
    246    243    244    245    239
    248    249    248    243    244
    252    254    250    241    243

    239    242    243    243    244
    240    241    243    243    236
    240    240    240    238    236
    243    244    247    239    237
    245    250    240    236    241

    237    244    241    238    246
    240    240    242    242    238
    242    234    236    237    235
    241    240    248    239    234
    247    252    238    239    242

    239    242    242    243    245
    240    240    243    244    236
    240    241    240    238    236
    243    245    247    239    239
    245    250    241    235    241

    223    227    221    222    231
    221    223    226    228    222
    223    220    221    226    219
    227    227    235    224    227
    230    232    224    223    227

    196    201    195    197    208
    195    196    198    202    196
    198    197    195    197    190
    199    200    203    196    196
    204    207    198    196    200

    173    177    175    172    180
    171    171    177    179    174
    173    174    172    175    169
    177    176    182    172    174
    177    183    177    173    177

    167    171    168    166    173
    164    167    167    175    164
    166    166    165    168    161
    169    169    172    168    169
    174    171    172    164    172

    152    157    150    149    158
    147    150    153    156    148
    151    152    152    151    148
    153    155    157    154    155
    156    156    157    149    158

    121    121    117    116    124
    116    114    121    125    116
    118    118    119    118    114
    118    119    121    117    122
    124    121    123    118    122

    131    129    127    125    132
    122    121    127    130    123
    122    126    125    125    121
    125    128    130    125    128
    130    128    129    122    130

    140    142    136    135    146
    132    133    141    143    137
    137    139    143    138    132
    136    139    142    136    144
    141    139    142    137    145

    142    144    137    135    148
    131    135    139    144    136
    138    142    137    139    135
    138    140    144    138    145
    142    142    145    135    149

     83     87     84     81     89
     79     78     84     85     81
     80     85     82     83     78
     82     84     85     85     87
     88     87     85     79     87

    111    112    106    105    117
    102    103    108    112    105
    105    110    110    108    102
    108    110    110    108    114
    111    110    114    107    113

    119    117    111    113    121
    106    107    116    118    108
    110    116    115    114    107
    111    114    118    111    121
    117    115    120    111    118

    109    105    101    103    112
     98     97    104    109    100
    103    109    105    104     98
    102    105    107    103    112
    110    104    108    101    111

    100     99     97     95    103
     88     90     97    102     93
     94    100     97     95     93
     95     97    101     95    103
     99     98    103     93    103

     91     92     84     87     96
     82     84     89     94     87
     84     92     90     88     82
     88     88     89     88     95
     92     88     95     86     91

     74     71     70     69     78
     66     65     73     75     68
     67     74     71     70     66
     70     72     72     71     74
     73     71     74     67     75

     74     73     69     70     77
     66     68     71     76     69
     69     77     71     70     67
     70     71     73     70     77
     74     72     76     68     75

     79     77     74     73     83
     70     69     77     81     72
     72     80     74     76     70
     74     75     78     73     82
     79     74     80     73     80

     84     84     77     78     85
     73     75     79     84     76
     76     86     82     79     74
     77     80     83     78     86
     86     80     86     77     88

     81     76     71     72     86
     68     69     76     81     71
     72     79     75     74     69
     73     79     79     73     80
     79     74     81     71     81

     77     79     72     71     80
     66     66     71     80     69
     70     78     73     73     70
     72     76     77     72     80
     78     72     78     72     80

     75     72     65     67     75
     63     61     68     74     67
     65     71     67     67     63
     69     70     72     65     75
     72     69     75     66     77

     69     69     62     64     72
     60     59     65     71     62
     61     70     66     64     59
     66     68     67     62     70
     69     65     72     62     72

     54     51     48     51     56
     45     45     50     56     49
     49     56     51     49     48
     49     52     52     48     57
     55     52     57     48     55

     46     45     41     42     50
     39     36     43     48     39
     42     48     43     43     40
     44     46     43     41     50
     47     41     48     41     48

     43     39     38     39     43
     36     35     39     43     37
     39     43     38     39     37
     39     39     39     39     43
     44     39     46     38     43

     36     33     35     35     39
     31     30     36     40     34
     34     40     35     35     33
     34     36     34     34     41
     39     34     40     33     40

     24     22     23     23     27
     21     19     21     26     21
     22     25     22     24     24
     22     21     21     22     26
     26     21     27     20     26

     16     16     15     15     19
     13     14     18     19     14
     15     22     17     14     16
     15     15     14     15     18
     16     14     17     14     18

     17     17     17     17     21
     16     15     16     21     15
     17     20     15     17     15
     16     17     16     17     20
     21     18     19     15     19

     32     28     30     29     33
     26     25     28     34     26
     29     34     28     27     27
     29     30     28     27     33
     32     27     32     26     31

     34     33     32     33     38
     27     29     33     36     31
     31     36     32     31     30
     33     34     34     32     38
     36     32     40     31     34

     42     39     40     38     44
     35     35     40     44     37
     38     45     38     38     36
     39     41     38     37     44
     43     39     43     36     43

     45     40     39     40     48
     34     34     41     45     39
     38     47     39     39     39
     40     42     40     38     47
     46     40     48     37     44

     44     41     39     38     49
     34     35     38     45     38
     39     46     39     37     36
     39     42     40     38     47
     44     39     46     36     44

     44     40     38     40     47
     32     33     38     44     38
     37     47     37     38     35
     39     41     40     36     46
     45     39     45     37     44

     41     40     37     37     45
     32     33     37     45     37
     37     46     38     37     35
     38     40     37     36     44
     44     37     44     36     43

     39     36     35     35     43
     30     30     35     41     33
     33     42     34     34     31
     34     35     36     33     41
     40     34     39     33     40

     38     36     34     34     41
     30     29     35     39     32
     34     40     34     34     31
     34     36     35     32     41
     40     33     41     32     39

     34     32     32     31     38
     27     26     32     36     30
     31     39     31     31     29
     31     34     32     30     39
     37     32     38     30     36

     34     34     30     32     40
     26     26     32     36     31
     31     38     30     30     28
     32     34     32     30     37
     35     31     36     29     35

     33     30     27     28     34
     24     23     27     35     27
     27     34     28     27     25
     29     32     29     27     35
     33     28     33     26     31

     30     28     25     26     32
     22     21     25     31     25
     25     31     25     25     23
     26     28     26     24     32
     30     25     31     24     29

     27     25     24     24     29
     20     20     24     28     23
     23     29     22     23     22
     23     25     24     21     30
     27     22     28     21     27

     20     19     18     18     20
     15     14     20     22     17
     18     24     18     19     17
     20     18     18     18     24
     22     18     23     18     21

     12     11     12     11     14
      9      9     11     13     10
     11     14     11     10     10
     11     11     10     11     14
     12     10     13     10     14

      4      5      5      5      4
      3      3      5      6      3
      4      6      3      5      5
      3      5      3      5      8
      4      3      6      4      5

      4      3      3      4      4
      3      2      3      5      3
      3      6      3      2      4
      3      3      3      3      4
      3      3      5      4      5

      5      3      5      5      5
      5      4      5      5      5
      4      6      5      5      5
      5      4      4      4      6
      5      4      6      4      6

      6      5      5      4      6
      4      4      5      6      4
      4      6      3      3      4
      5      5      4      4      7
      5      4      6      4      6

      8      7      7      6      8
      5      5      6     10      6
      6     10      6      6      7
      7      7      7      7     10
      8      6      8      6      8

     13     13     11     12     15
     10      9     12     16     12
     11     15     11     11     10
     12     12     11     11     16
     15     11     16     10     13

     16     14     14     15     17
     11      9     14     17     14
     13     17     14     13     14
     14     15     14     13     18
     17     12     17     12     16

     14     13     12     13     15
     10      9     11     17     13
     12     17     12     13     12
     14     13     12     12     16
     16     11     16     11     15

     15     14     13     13     18
     10      9     12     17     13
     12     17     13     12     14
     13     14     13     12     18
     16     12     17     11     16

     13     11     11     12     17
      8      8     11     13     10
     11     15     12     12     11
     11     12     10     11     16
     14     10     15      9     14

     15     14     13     13     16
     10      9     13     15     13
     11     17     13     12     12
     12     13     12     11     17
     16     12     15     11     16

     15     15     13     14     18
     10     11     13     18     12
     14     18     13     13     11
     14     14     12     12     17
     17     13     17     12     16

     18     14     14     14     19
     11     11     14     19     12
     13     19     14     15     14
     13     16     14     13     18
     17     14     18     12     16

     17     16     14     15     19
     11     10     15     18     13
     13     19     15     14     13
     15     16     15     13     21
     17     14     20     13     17

     16     13     14     13     19
     11     10     13     17     12
     12     17     13     13     13
     14     14     14     12     18
     15     13     16     12     15

     14     13     12     13     17
     10      9     13     16     13
     11     15     11     12     11
     13     12     11     11     17
     15     11     15     10     14

     16     13     14     13     19
     11     10     13     17     12
     12     17     13     13     13
     14     14     14     12     18
     15     13     16     12     15

     13     11     16     14     16
     21     14     11     14     14
     14     17     13     15     14
     15     13     12     16     15
     16      8     10     12     15

     15      8     13     12     16
     14     15     15     14     10
     12     12     20     12     11
     13     12      9     12     12
     15      8     14     15     10

     11     13     15     11     13
     13     15     13     11     12
     12     15     14     12     11
     13     11     14     16     14
     10     10     12     12     12

     11     12     13     10     14
     12     13     12     15     12
     11     13     14     12     13
     11     11     10     13     14
     13     14     13      9     13

     11     11     12     10     12
     11     11     11     14     10
     11      7     12     10      8
     10      9     12     12     13
     12     11     11      7      9

      7      6      8      6      9
      8     10      9     12      7
      8      8      8      7      9
      7      7      7     10      9
     10      8      9      7      8

      1     -8     11      7      7
     -5      6     -1    -14      0
    -15    -16      3     14     -8
      1    -23    -25    -22    -24
    -17     -7     -4    -14      1

      6      6      3      5      6
      3      5      4      5      4
      6      3      6      3      4
      5      4      4      3      6
      4      5      5      3      6

      4      4      4      3      2
      2      3      2      3      1
      2      1      4      2      2
      0      1      4      5      4
      4      2      3      1      2

      1      1      1      0      1
      0      1      0      1      0
      0      0      3      1      0
     -1      0      0      0      0
      0      0      0      1      1

      0      0      1      0      0
     -1      0     -1      1      0
     -1     -2      2      1      0
     -1      0     -1      1      1
      0     -1      0     -3      1

      0      1      0      3     -2
     -3     -1      2      1      0
      0      1      0      2     -1
      1      1      0      0      1
     -1      1     -1     -1      1

      0      0      1     -1      2
      0      2      1      0      0
      0      0      1      1      2
      0      1      0      0      0
      1      0      0      0      0

     -3     -5     -2     -1     -5
      0      0     -2     -3     -5
     -1     -2      0      3     -2
     -5      0      0     -1      0
      1      0      0      0      3

      1      0      2     -1      1
      0      2      1      0      0
      0     -3      1      2      1
     -1      0     -1      2      1
      0      1      1      0      3

      0      1      1      0      2
      0      3     -1      0     -1
     -2     -3      2     -1      0
      1      2      2      1      3
      2      1     -1     -1      3

     -1      2      2      0      1
      0      3      2      1      1
      1     -2      4      4      0
      1      1      0      1      1
      3      1      0      0     -1

      1      2      0      0      3
      1      1      0      0     -1
      0      2      2      0      0
      1      3      2      2      1
      0      0      0      0      1

      0      2      1      0      4
      1      2      0      0      0
      0      0      1      0     -2
     -1      3      0      2      0
      0      0      1      2      1

      2      1      4      2      3
      3      4      3      5      0
      2      1      2      2      2
      1      1      4      2      4
      3      4      2      1      2

      3      4      3      0      4
      3      4      2      5      3
      2      3      5      3     -1
      1      4      1      4      4
      2      2      5      3      4

      2      4      5      2      7
      2      4      3      0      3
      1      0      4      3      5
      0      3      1      3      5
      2      0      2      0      2

      2      5      4      4      5
      1      5      3      5      3
      4      2      5      2      4
      2      3      3      6      3
      3      2      0      3      0

      7      6      7      3      7
      5      7      7      7      7
      4      7      5      6      6
      8      8      6      7      5
      8      7      7      3      6

     10      8      8      8     10
      9     10     10     10     10
     10      8     12      9      6
      8      8     10     13      7
      9      8      8     10      8

     11     11     11      9     12
     11      8     10     12     10
     11     10     13     10     10
     10     11      8     11     11
     11      9     11      9     10

     10      8     12     10     10
      9      9     11     11      9
     10     11     12     10     11
     11     10     13     11     12
     11     11     11     10     11

     12     12     12     12     13
     10     11      9     13     11
     12     13     15     11     12
     10     12     11     13     11
     12     12      9     10     10

     13     13     15     13     13
     10     14     12     13     16
     15     13     17     16     14
      8     15     12     11     11
     10     16     10     11     16

     12     11     13     12     13
     12     11     12     12     11
     12     13     13     11     11
     13     12     10     12     10
     11     10     13     11     13

     10     11     13     11     12
      9     10     14     14     12
     11     11     11     12     10
     10     13     11     12     13
     12     12     11      8     11

      9      9     11      9     11
     11     11      9     11     11
     12      9      9      8     10
     11     11     10     10     10
     10     10     10      7     10

     10      9     10      9      9
     10     12      9      9      7
     11      9     10     10      7
     12     10      8     13     10
     12     10      9     11      9

     11     10     10     10     10
     12     11      9     10      8
     13     10     14     10     10
     10     12      8     11     11
     12     10     11      9     10

      8      9      8      9     10
     10     11     11      8      7
     10      9     11     11      9
      8     10      7      9     10
      9     11     10      9     10

     10      9     10      8      9
      8     10      9     11      7
      9      8      9      7      9
      7      9      9     11     10
      9      9     10     10      8

      8     10     10     11     10
      9     10     10     10     11
      9     11     11      9      8
     10     11     10     10      9
     10     10     10      9     10

      8      9      9      9     10
      7      9      9      9      7
     11      9      9      9      8
     10     10      7     11     11
      9      9      9      9      9

      8      9     10      7      9
      6      9     10      8      8
      8      9      9      9      7
      7      9      8     10     10
      9      9     10      8      8

      9     10      8      8      9
      9      7      9     10      8
      8      8     10      8      9
      8      8      8     10      8
     10      8      9      7      9

      8      8      7      7     10
      8      7      9      9      8
      8      7      9      9      7
      8      9      7      9      7
     10      9      9      8      8

      8      8      9      8      9
      8      7      8      9      8
      8      8      9      8      8
      8      9      7     10      9
      8      9      6      6      8

      7      7      8      7      9
      7      7      9      8      6
      9      7      8      7      9
      7     10      7      9      7
      9      7      7      7      7

      7      7      8      8      8
      4      6      8      9      7
      6      6      6      7      7
      7      7      8      9      7
      8      7      9      7      8

      7      8      5      5      9
      4      8      5      7      8
      6      7      7      5      7
      7     10      5      7      6
      6      8      8      7      7

      6      6      6      6      6
      6      6      6      7      7
     10      6      8      8      7
      5      7      7      7      4
      7      6      9      6      6

      6      6      6      6      7
      4      9      7      6      4
      6      6      6      6      8
      6      8      5      5      4
      7      6      6      6      5

      4      4      6      4      5
      4      5      6      5      6
      5      6      5      6      6
      5      6      5      6      6
      6      6      7      4      7

      6      5      4      5      4
      0      3      3      5      2
      6      7      7      5      4
      5      7      5      6      3
      6      6      3      3      5

      4      3      5      2      5
      6      5      4      6      3
      5      5      6      4      4
      4      5      7      5      5
      6      5      4      3      5

      3      3      3      5      5
      3      6      3      4      3
      3      4      5      4      5
      3      4      3      4      4
      6      4      5      2      4

      2      3      4      2      5
      4      4      4      3      2
      3      3      2      2      1
      2      4      4      3      2
      4      2      3      2      5

      3      3      4      2      3
      2      3      2      2      3
      2      1      3      2      2
      4      3      3      3      4
      1      2      4      2      4

      2      1      2      1      3
      1      3      0      0      0
      1      2      3      1      0
      3      1      0      1      1
      2      2      2      1      2

      0      0      3      0      2
     -1      1      1      3      1
      0      0      2      1      0
      0      2      0      2      1
      1      1      1      0      2

     -3      0     -1      0      0
      0      0      0      0      0
      0      0      0      0     -1
     -1      0     -1      2      0
      0      0      0      0      1

      0      0      0      0      2
      0      1      2      0      1
      0      0      0      0      1
      0      2      1      0      1
      0      0      0      0      0

      0      0     -1      0      1
      1      1      0      1      0
      0      0      1      0      0
      1      0      0      1      0
      0     -1      0     -1      0

     -2      0      0     -2      1
      1      2     -1      2      0
     -1      0      0      0      0
      0      0     -1      3     -1
      0      0     -1      0      0

     -1      0      1     -2      1
      0      0      1      1     -1
      1      0      2      0      0
      0      0      0      2      0
      0      0      0      1     -2

      1      0      0      0      0
     -1      0      0      0     -2
      0      0      0     -1      1
      0      2     -2      1      2
      1      0      0      1      0

      0      1      4     -2      1
     -3     -1      0      1      1
      0      1      0      0      0
      0      1      0      0      0
      1      1      0      0      0

     -1      1      0      0      0
     -2      0      2      2      0
      0     -2      0      0     -2
      0      0     -1      3      0
      0     -1      0      0      0

      1     -1      0     -2      0
      1      2      0      0      1
      0     -1      0      0     -1
      0      0      0      0      1
      0      1      1     -3      0

      2      0      0     -1      0
      1      1     -1      0      0
      0      0      1      0      0
      1     -1      2     -2      1
      0      0     -1      0     -1

      0      0      0      0      0
      3      1     -1      0      0
      0      0      0      0      0
      1      1      0      0      0
      0      0      0     -2      0

      0     -1     -1     -2      0
      2      1     -1      1      1
      0      0      2      0     -2
      0     -1     -1      0      0
      0      2      0      0      0

      1      0      0     -2      0
      2      3      0      0      3
      0      0      0     -1     -2
      1      0      0     -1      1
      0      0      0      0      0

      0      0      0     -2      0
      2      1      0      0      1
      1     -1      2      0      0
      1      0      0     -2      2
      0      0      0      0      0

      0      0      0      0      0
      2      0      1      0      1
      0      0      0      0     -1
      1      0      0      0      0
     -1      1      0     -1      0

      1      1      1     -1      0
      0      1      0     -2      0
      0      0      1      0      0
      1      0      0      0      0
     -1      0      0      0      0

      2      0      0      0      0
      0      1      1      1      2
      0      1      0     -1      0
      2      0      1      0      0
      0      0      1      0      0

      0     -1      0      0      2
      1      1      0      0      2
      2      0      0      0      0
      1      0      0     -1      1
      0      1      1      0      0

      1      1      1      0      1
      3      2      2      2      2
      1      2      2      0      0
      3      2      0      0      2
      1      2      3      1      0

      2      2      3      0      3
      2      2      1      0      3
      1      1      1      1      3
      4      1      2      2      1
      3      2      2      2      2

      2      2      3      1      4
      3      3      2      2      4
      1      3      3      2      3
      3      3      2      3      2
      2      3      3      2      3

      3      2      2      1      2
      3      3      3      2      3
      2      1      1      0      1
      2      1      1      1      1
      1      1      1      0      0

      2      0      0      0      2
      2      1      2      0      2
      1      1      3      0      2
      2      0      0      1      1
      0      1      1      0      0

      1      0      0      0      1
      2      1      1      0      2
      1      1      0      0      1
      2      1      0      0      1
      0      2      0      2      0

      4      1      3      1      4
      4      2      3      3      4
      5      2      3      1      2
      5      3      3      3      4
      3      2      3      2      3

      4      4      2      4      5
      4      4      5      4      4
      5      4      5      2      3
      5      5      5      4      5
      4      5      3      3      2

      3      2      1      4      3
      4      3      3      4      4
      5      3      5      2      1
      6      3      3      3      3
      4      4      3      2      1

      3      2      0      1      3
      5      3      1      1      3
      4      2      3      3      1
      3      2      3      1      3
      3      4      3      2      1

      4      3      3      2      2
      4      2      3      3      3
      3      3      5      2      3
      4      3      3      3      1
      2      4      4      2      1

      4      4      4      4      4
      4      3      4      3      5
      3      3      4      3      3
      5      4      3      2      3
      4      4      4      3      2

      4      3      3      3      4
      5      5      4      5      5
      4      3      5      3      3
      5      2      4      3      4
      4      7      4      3      3

      4      3      3      4      5
      3      4      4      3      5
      4      3      4      3      4
      5      2      5      3      4
      4      5      4      4      2

      4      3      3      3      4
      5      5      5      4      5
      5      4      4      2      3
      6      4      4      3      5
      3      4      4      4      3

      3      2      4      2      5
      6      4      3      4      5
      4      4      4      2      4
      4      3      4      2      5
      4      3      4      4      2

      3      4      4      4      4
      6      4      4      3      4
      4      4      4      2      4
      5      5      4      4      5
      3      4      3      4      5

      5      3      3      3      4
      4      4      3      3      4
      3      2      5      3      3
      5      4      2      3      4
      4      5      4      4      2

      3      3      2      1      2
      4      4      3      2      5
      4      4      5      2      3
      4      3      2      3      5
      2      4      2      3      4

      3      3      3      2      3
      4      5      5      3      4
      5      3      4      2      3
      5      3      5      3      4
      4      5      3      3      3

      5      1      2      2      2
      5      4      2      1      4
      5      5      4      1      2
      3      2      2      2      2
      3      4      3      2      3

      5      2      2      0      2
      3      4      4      3      4
      5      3      3      3      5
      5      4      2      4      3
      2      4      2      2      2

      3      2      1      1      4
      2      3      3      2      5
      5      4      4      3      2
      5      5      3      2      2
      1      4      2      4      3

      4      4      3      1      4
      2      5      3      3      4
      3      5      4      2      2
      5      2      2      1      3
      2      3      3      2      3

      4      1      2      2      3
      4      4      4      4      4
      2      4      5      3      3
      5      3      4      2      3
      4      4      3      2      1

      5      3      2      1      3
      4      5      2      3      3
      4      3      4      3      2
      4      3      2      1      4
      4      4      2      3      3

      3      3      4      2      3
      3      5      3      2      4
      3      5      6      4      2
      7      3      4      2      2
      3      3      4      1      1

      5      2      1      2      2
      4      3      3      4      5
      3      4      3      1      1
      4      2      2      2      3
      2      4      3      2      1

      3      2      3      0      2
      4      5      3      4      6
      2      3      2      2      3
      5      2      2      3      5
      2      2      2      3      2

      3      2      2      1      2
      3      4      2      2      2
      4      1      3      1      1
      2      2      4      2      2
      3      4      1      0      3

      3      1      1      1      3
      2      3      3      3      4
      2      2      3      4      1
      4      1      2      3      2
      2      4      3      3      1

      3      1      3      2      1
      2      4      3      2      3
      2      3      3      2      2
      4      4      3      1      2
      2      3      3      2      0

      3      1      1      2      4
      1      3      4      2      2
      4      3      3      3      2
      5      3      2      3      3
      2      2      2      2      2

      5      3      0      1      2
      5      4      2      2      3
      0      4      2      3      1
      3      2      1      2      2
      2      5      1      3      1

      3      1      2      1      2
      3      4      2      1      2
      3      3      3      1      0
      5      2      2      1      1
      3      3      3      1      1

      1      1      2      1      1
      4      4      2      3      4
      2      3      5      2      0
      3      2      2      3      0
      2      2      2      3      2

      2      2      1      0      2
      2      2      1      2      3
      1      0      0      2      2
      4      1      1      1      1
      0      3      2      0      2

      2      3      1      0      3
      3      4      4      1      4
      2      2      1      3      2
      3      2      2      2      1
      2      5      1      1      2

      3      0      1      0      4
      1      4      2      1      2
      3      2      0      2      2
      3      1      1     -1      0
      0      4      1      1      0

      2      3      2      0      0
      1      4      2      1      3
      2      1      1      1      3
      1      0      0      0      2
      1      3      1      3      0

      3      1      1      0      2
      1      2      0      2      4
      2      0      1      2      0
      3      0      3     -1      0
      0      0      2      1      0

      0      0      0      0      2
      2      3      1      0      2
      1      1      1      1      0
      3      0      0      0      1
      0      2      1      1      2

      0      0      0     -1      2
      0      3      3      0      2
      2      2      1      1      1
      0      1      2      0      3
      0      1      2      1      3

      2      0      0     -2      1
      0      1      0      2      2
      0      2      1      2      0
      5      1      1      2      2
      0      3      3      1      0

     -1      0      0      0      1
     -1      3      1      0      1
      0      0      2      2      0
      4      0      1      3      1
      0      1      2      0     -1

      0     -1      0     -2      0
      0      2      1      0      2
      2      2     -1      0      2
      1      0      1     -2      1
      2      1      1      0      0

      1     -1      0      0      1
      1      3      0     -1      4
      1      1      1      0      0
      1      1      1     -3      1
      1      0      1      3      3

      0     -1      1     -1      2
     -3      2     -1      0      3
      3      1      0      2     -1
      3      0     -2      3     -1
      0      2      1      2     -2

      0      1      0     -2      1
      2      2      0      0      3
      3      0      2      1     -1
      3     -2      1      0     -1
     -2      5      1      0      0

      0      0      0     -3      0
      0      3      0     -2     -1
      1      0      0      1      0
      2      0      0      1      0
      0      0      0      0     -1

      1      0      0      0      1
      1      3      0     -2      2
      0     -1      1      3      0
      0      0      1     -3     -1
      2      2     -1     -1      1

      0     -1     -2      0      1
      0     -1      1      2      0
      0     -1      0      0      0
      3      1      3      1      0
      0      0      0      1     -1

      0      0      0     -1      2
     -2      0     -1     -3      0
     -1      0      1     -1      2
     -1      0      0     -1      1
      0      2      1      3     -1

      1     -1      4     -1      0
      0     -2     -1      2      2
      0     -1      1      2      1
      0     -2      1      1      3
      0      1      3      2     -3

