;
; ENVI ASCII Output of file: E:\Imaging\ROI_AVIRIS\5_2_4.img [Fri Nov 17 11:59:44 2017]
; File Dimensions: 5 samples x 5 lines x 224 bands
; Line Format    : (5i7)
;
    537    509    520    515    517
    529    511    511    510    516
    531    519    498    512    520
    509    514    525    509    519
    509    514    525    509    520

    601    617    611    612    625
    626    614    614    604    613
    616    623    607    616    625
    624    621    629    623    622
    624    621    629    623    618

    663    657    655    673    657
    672    649    649    662    661
    670    678    651    660    643
    652    654    661    663    635
    652    654    661    663    650

    843    836    821    826    837
    828    822    822    827    834
    845    842    833    836    835
    835    830    825    842    823
    835    830    825    842    823

   1234   1233   1213   1240   1220
   1228   1216   1216   1205   1217
   1245   1240   1221   1232   1215
   1246   1238   1252   1237   1215
   1246   1238   1252   1237   1232

   1299   1282   1284   1282   1273
   1285   1284   1284   1275   1271
   1313   1317   1293   1290   1296
   1310   1304   1297   1296   1274
   1310   1304   1297   1296   1286

   1228   1210   1207   1218   1211
   1222   1204   1204   1203   1199
   1230   1229   1207   1225   1217
   1233   1230   1228   1222   1213
   1233   1230   1228   1222   1208

   1123   1122   1116   1118   1121
   1122   1119   1119   1111   1102
   1138   1136   1123   1127   1119
   1122   1130   1131   1131   1125
   1122   1130   1131   1131   1113

   1215   1213   1211   1207   1206
   1208   1211   1211   1198   1194
   1226   1230   1211   1219   1207
   1223   1211   1221   1218   1213
   1223   1211   1221   1218   1208

   1229   1242   1231   1231   1226
   1228   1228   1228   1221   1208
   1243   1250   1224   1243   1243
   1243   1245   1241   1242   1229
   1243   1245   1241   1242   1225

   1199   1187   1184   1186   1188
   1192   1179   1179   1179   1170
   1203   1207   1197   1197   1202
   1202   1207   1205   1201   1197
   1202   1207   1205   1201   1192

   1127   1120   1121   1118   1107
   1116   1115   1115   1099   1103
   1132   1135   1119   1125   1115
   1133   1126   1126   1128   1119
   1133   1126   1126   1128   1116

   1054   1050   1048   1047   1047
   1051   1049   1049   1040   1043
   1066   1072   1066   1063   1068
   1065   1062   1066   1064   1055
   1065   1062   1066   1064   1048

    953    950    951    948    940
    950    939    939    937    937
    959    970    949    957    957
    960    962    954    960    951
    960    962    954    960    949

    862    862    857    859    852
    860    852    852    846    841
    874    879    858    860    869
    859    866    873    869    868
    859    866    873    869    862

    762    760    762    760    747
    758    746    746    747    745
    767    770    762    762    761
    765    759    769    765    762
    765    759    769    765    761

    665    670    678    669    660
    666    665    665    663    656
    676    677    668    677    676
    666    669    678    671    674
    666    669    678    671    670

    633    636    640    635    627
    635    630    630    624    623
    643    642    637    638    643
    633    638    641    638    639
    633    638    641    638    636

    600    601    602    600    593
    603    593    593    584    588
    609    606    604    597    608
    599    605    603    605    603
    599    605    603    605    601

    563    560    564    558    553
    557    553    553    549    548
    564    570    567    561    562
    560    562    567    568    560
    560    562    567    568    565

    507    514    512    516    508
    509    504    504    506    502
    509    518    512    517    515
    509    516    515    517    511
    509    516    515    517    514

    471    469    476    470    457
    467    466    466    462    464
    473    479    470    474    473
    468    475    478    477    475
    468    475    478    477    469

    439    437    440    437    429
    434    430    430    426    429
    437    439    439    442    445
    438    439    440    441    441
    438    439    440    441    437

    386    383    390    384    382
    381    380    380    383    380
    393    394    395    391    391
    386    388    393    395    388
    386    388    393    395    388

    364    357    363    361    352
    358    358    358    352    354
    363    366    362    365    362
    357    360    366    365    364
    357    360    366    365    366

    348    346    350    346    344
    347    344    344    339    340
    348    352    346    351    354
    343    350    351    353    347
    343    350    351    353    349

    322    325    327    323    317
    318    320    320    312    319
    327    329    325    327    324
    323    325    330    327    326
    323    325    330    327    325

    301    299    302    299    292
    296    295    295    293    293
    303    305    301    306    302
    300    305    300    308    296
    300    305    300    308    301

    286    286    290    287    283
    281    280    280    282    280
    291    291    292    293    290
    286    288    294    289    284
    286    288    294    289    287

    267    265    267    265    264
    264    261    261    258    263
    271    269    268    266    269
    268    266    271    267    266
    268    266    271    267    268

    254    249    251    250    244
    245    246    246    245    247
    255    257    254    255    254
    250    256    255    251    252
    250    256    255    251    255

    246    242    251    249    242
    243    242    242    244    243
    253    252    246    248    252
    245    249    248    249    249
    245    249    248    249    251

    247    241    243    246    235
    239    244    244    245    244
    250    252    241    250    248
    241    245    244    245    250
    241    245    244    245    249

    246    242    251    249    243
    242    242    242    245    242
    253    252    245    249    251
    245    248    247    249    249
    245    248    247    249    251

    229    225    231    229    227
    225    228    228    231    228
    238    239    227    232    232
    226    231    227    231    231
    226    231    227    231    234

    206    200    206    203    198
    199    202    202    204    200
    208    206    199    210    205
    200    203    200    205    207
    200    203    200    205    207

    179    179    181    181    174
    175    179    179    182    179
    183    185    175    183    180
    174    180    176    181    182
    174    180    176    181    183

    176    165    175    176    170
    167    171    171    174    168
    178    172    167    176    174
    170    173    168    176    172
    170    173    168    176    178

    157    151    157    164    156
    151    159    159    156    153
    161    163    156    163    157
    152    157    153    160    161
    152    157    153    160    158

    121    121    123    124    122
    119    122    122    122    118
    124    126    120    125    120
    119    119    118    125    123
    119    119    118    125    126

    128    125    131    135    131
    123    132    132    134    125
    134    134    126    135    128
    128    127    125    133    132
    128    127    125    133    135

    139    134    141    146    141
    133    142    142    147    139
    146    147    139    146    141
    137    143    136    144    144
    137    143    136    144    148

    143    138    145    149    143
    133    145    145    147    138
    148    146    138    148    140
    139    142    138    145    147
    139    142    138    145    148

     84     83     87     92     87
     81     88     88     88     83
     88     88     80     91     84
     82     86     83     86     89
     82     86     83     86     90

    109    108    114    118    113
    106    113    113    114    107
    116    116    107    119    109
    108    111    105    112    114
    108    111    105    112    115

    116    114    118    125    121
    109    119    119    121    112
    120    122    112    124    114
    116    115    111    120    121
    116    115    111    120    123

    106    103    107    116    109
    100    108    108    112    102
    111    112    102    114    105
    103    106     99    109    111
    103    106     99    109    112

     98     99    102    106    101
     94    104    104    105     96
    104    105     95    106     97
     96     97     94    103    105
     96     97     94    103    105

     89     88     92    100     93
     85     93     93     98     87
     94     94     84     96     90
     88     89     86     92     94
     88     89     86     92     94

     72     71     76     79     74
     67     74     74     78     70
     75     77     69     79     71
     71     73     69     76     75
     71     73     69     76     77

     72     72     75     82     75
     68     76     76     77     70
     79     78     69     79     71
     69     73     68     77     76
     69     73     68     77     78

     77     75     78     85     80
     73     80     80     83     73
     80     82     73     85     73
     75     76     72     80     79
     75     76     72     80     82

     80     79     84     90     87
     73     84     84     86     80
     86     87     78     89     80
     81     81     76     84     86
     81     81     76     84     86

     78     75     78     85     81
     72     80     80     82     73
     80     81     71     85     76
     75     75     71     79     80
     75     75     71     79     81

     74     72     75     84     79
     69     78     78     79     71
     78     79     70     80     72
     76     74     69     80     80
     76     74     69     80     79

     70     69     75     79     73
     65     74     74     75     68
     74     73     66     78     69
     70     69     65     73     73
     70     69     65     73     74

     65     65     69     75     70
     61     68     68     73     63
     70     71     64     76     65
     66     65     64     69     70
     66     65     64     69     73

     53     51     53     57     55
     48     54     54     58     51
     56     54     47     57     47
     51     52     47     54     55
     51     52     47     54     55

     44     45     46     51     46
     40     45     45     48     42
     48     45     41     49     41
     44     44     43     45     47
     44     44     43     45     47

     40     41     43     45     42
     35     41     41     47     40
     44     41     36     45     39
     37     39     38     44     41
     37     39     38     44     42

     36     38     35     41     37
     32     36     36     40     35
     38     39     32     41     35
     36     34     34     40     37
     36     34     34     40     38

     25     25     21     27     21
     17     23     23     27     21
     25     23     20     30     24
     19     24     22     26     22
     19     24     22     26     24

     16     16     17     20     17
     14     17     17     18     15
     17     17     14     19     15
     14     15     16     17     16
     14     15     16     17     16

     17     20     20     22     19
     15     20     20     20     18
     20     20     17     22     18
     17     18     18     21     17
     17     18     18     21     19

     30     32     33     35     31
     26     32     32     36     29
     32     32     27     36     29
     30     29     28     33     32
     30     29     28     33     31

     36     35     36     40     36
     31     38     38     39     33
     37     36     32     41     33
     34     35     31     37     36
     34     35     31     37     37

     39     43     43     46     42
     35     43     43     46     39
     43     43     38     48     38
     39     39     37     43     41
     39     39     37     43     44

     42     43     45     49     45
     38     47     47     49     40
     46     46     39     51     40
     43     42     40     44     45
     43     42     40     44     45

     41     42     44     49     45
     36     46     46     48     39
     45     44     38     50     38
     41     40     37     45     44
     41     40     37     45     46

     41     41     44     49     44
     37     44     44     46     39
     46     44     38     50     38
     40     41     37     45     44
     40     41     37     45     43

     39     40     44     48     43
     35     43     43     47     38
     43     44     36     48     37
     40     39     35     43     41
     40     39     35     43     43

     38     37     39     45     41
     32     40     40     44     34
     41     41     33     44     32
     36     36     32     41     38
     36     36     32     41     40

     36     38     39     44     40
     32     41     41     42     35
     40     40     33     44     33
     36     35     32     40     39
     36     35     32     40     40

     33     35     37     42     38
     30     38     38     41     32
     36     38     30     42     30
     33     33     31     37     37
     33     33     31     37     38

     32     34     36     41     36
     29     38     38     40     32
     36     37     31     42     29
     33     33     29     39     37
     33     33     29     39     37

     31     32     32     37     33
     26     34     34     36     28
     33     32     27     38     27
     29     30     26     34     31
     29     30     26     34     31

     28     29     30     34     30
     24     31     31     33     26
     30     30     25     35     25
     28     27     25     31     29
     28     27     25     31     29

     24     26     27     31     27
     21     29     29     30     23
     28     28     22     32     23
     26     24     23     29     26
     26     24     23     29     27

     19     21     21     25     22
     16     22     22     25     18
     21     22     17     24     18
     19     19     17     22     21
     19     19     17     22     20

     12     12     12     16     12
      9     14     14     15     12
     14     12     10     15     10
     11     11     11     14     12
     11     11     11     14     13

      3      5      4      6      4
      4      4      4      6      4
      6      4      4      5      4
      3      5      4      5      4
      3      5      4      5      5

      3      3      4      5      4
      3      3      3      4      4
      4      3      2      4      4
      4      5      2      4      3
      4      5      2      4      4

      4      6      3      7      5
      4      4      4      6      4
      6      4      3      6      4
      4      5      4      5      5
      4      5      4      5      4

      4      5      4      6      5
      4      6      6      6      6
      5      5      4      5      5
      4      5      4      6      5
      4      5      4      6      5

      9      7      8      9      8
      5      7      7     10      7
      8      8      6     10      6
      8      8      6      7      8
      8      8      6      7      8

     14     13     14     17     15
     10     14     14     17     12
     13     14     11     16     11
     13     13     12     13     13
     13     13     12     13     14

     16     16     16     20     18
     13     17     17     20     13
     16     17     13     20     13
     14     14     12     17     16
     14     14     12     17     17

     15     14     14     19     16
     11     17     17     18     13
     15     15     12     18     13
     14     12     11     15     15
     14     12     11     15     15

     15     16     15     19     17
     11     17     17     19     14
     16     16     12     18     13
     14     14     11     17     15
     14     14     11     17     16

     14     14     14     18     15
      9     14     14     17     13
     15     13     11     16     11
     13     12     11     14     14
     13     12     11     14     14

     15     17     16     18     16
     11     16     16     18     14
     16     16     12     19     12
     14     14     12     16     16
     14     14     12     16     17

     14     15     17     21     17
     11     17     17     19     13
     16     17     13     21     13
     14     14     11     18     16
     14     14     11     18     17

     15     17     18     22     19
     13     18     18     21     14
     18     18     15     22     13
     16     15     13     18     16
     16     15     13     18     19

     16     17     17     20     19
     12     19     19     21     15
     16     17     13     20     13
     15     15     13     18     17
     15     15     13     18     17

     15     16     16     20     15
     11     17     17     20     13
     17     17     13     20     12
     15     14     13     16     16
     15     14     13     16     16

     13     15     16     18     16
     11     15     15     17     13
     15     16     12     18     11
     13     13     11     16     14
     13     13     11     16     16

     15     16     16     20     15
     11     18     18     20     13
     17     17     13     20     12
     15     14     13     16     16
     15     14     13     16     16

     13     14     17     18     15
     13     15     15     17     16
     17     15      9     14     17
     15     14     15     13     15
     15     14     15     13     16

     14     10     11     14     15
     18     14     14     14     17
     16     15     13     14     14
     15     15     16     17     17
     15     15     16     17     15

     15     12     15     16     13
     19     11     11     16     18
     13     15     10     10     17
     14     16     16     12     14
     14     16     16     12     14

     14     12     15     16     13
     15     17     17     15     11
     16     17     14     14     16
     17     15     19     14     16
     17     15     19     14     14

     14     13     12     14     12
     14     11     11     13     11
     16     11     11     12     13
     12     13     14     13     14
     12     13     14     13     12

     11     11     11     10     10
     10     10     10     10      9
     12      7      8      9      9
     12      9      8     10     10
     12      9      8     10      8

     41     38     45     49     48
     37     31     31     37     42
     44     36     39     40     44
     49     46     46     39     34
     49     46     46     39     23

      2      4      6      5      6
      5      5      5      7      5
      5      6      5      5      3
      7      5      3      4      6
      7      5      3      4      7

      5      3      3      4      5
      2      4      4      3      4
      2      3      3      4      4
      3      4      3      2      3
      3      4      3      2      3

      2      2      0      1      0
      0      0      0      1      2
      0     -1      2      0     -1
      1      2      1      0      0
      1      2      1      0     -1

      1      0      0      1      0
      0      1      1      1      0
      1      0      0      0     -1
      1      2      0     -1      0
      1      2      0     -1     -1

      1      3     -3      2      0
      0      0      0      2      0
      0      3      0      1     -2
      0      0      0     -1     -1
      0      0      0     -1      0

      0      2      1      0      0
      0      1      1      1      0
      1      0      0      1      3
      0      1      1      0     -1
      0      1      1      0      0

      0     -2     -1     -5      0
      8      3      3      5      2
      4      5      5      0      2
      3      9      3      0      4
      3      9      3      0      2

      0      3      1      2      0
     -3      0      0      0      0
     -1      1      0     -1      0
      0      1      0      0      1
      0      1      0      0      2

      0      0     -1     -1      0
      2      0      0      3      1
      0     -1      1      0     -2
      1      1      3      0      1
      1      1      3      0      0

      0      2      0      0     -1
      1      0      0      2      1
      0      1      1      0      0
      1      0      0      0      0
      1      0      0      0      0

      2      0      0      1     -1
      2     -1     -1      0      3
      2      0      1      0     -1
      0      0      0      3      3
      0      0      0      3      0

      2      1      0      1      3
      3      1      1      2      4
      1      1      0      1     -1
      2      1      2      1      2
      2      1      2      1      2

      2      1      0      4      2
      1      0      0      3      2
      4      2      0     -1      0
      0      2      1      1      1
      0      2      1      1      2

      4      4      2      2      4
      3      3      3      5      4
      5     -1      1      2      3
      5      3      2      3      0
      5      3      2      3      2

      2      4      1      2      1
      2      2      2      5      4
      3      3      2      2      1
      4      3      3      4      2
      4      3      3      4      2

      6      6      4      4      2
      5      2      2      3      5
      5      4      6      2      1
      5      3      2      4      4
      5      3      2      4      4

      8      9      9      7      5
      9      8      8      6      7
      9      8      6      7      6
      7      7      6      7      8
      7      7      6      7      6

     12     11     11     10      9
     12      8      8     11     11
     11     10     11     10     11
     10     13     11      9     10
     10     13     11      9     10

     14     13     13     11     13
     13     10     10     12     12
     11     13     13     13     13
     13     13     11     13     12
     13     13     11     13     15

     14     13     14     14     14
     15     10     10     13     14
     14     12     13     15     13
     13     14     14     13     12
     13     14     14     13     14

     13     15     15     14     13
     16     13     13     14     14
     16     16     13     15     15
     15     12     14     15     14
     15     12     14     15     13

     18     11     18     18     13
     16     15     15     16     16
     16     17     13     14     15
     15     15     14     15     16
     15     15     14     15     16

     16     16     14     17     15
     13     13     13     18     18
     17     15     15     16     17
     14     16     14     14     15
     14     16     14     14     16

     16     14     14     14     14
     15     13     13     14     14
     12     14     13     13     15
     13     14     15     13     15
     13     14     15     13     16

     13     13     13     12     13
     12      9      9     12     14
     13     13     11     15     11
     15     13     11     13     12
     15     13     11     13     12

     12     15     13     12     12
     12      9      9     13     15
     16     14     13     14     15
     13     11     13     13     14
     13     11     13     13     14

     14     12     14     13     12
     13     11     11     14     12
     13     14     11     14     14
     16     12     15     12     13
     16     12     15     12     15

     11     11     13     12      9
     10      9      9     13     10
     14     14     12     13     14
     13     11     11     11     11
     13     11     11     11     13

     13     12     11     12     12
     13     11     11     10     11
     11     13     10     11     11
     13     11     12     10     13
     13     11     12     10     13

     13     13     13     12     13
     11     10     10     11     12
     14     13     11     12     13
     13     12     13     13     13
     13     12     13     13     14

     11     11     11     12     12
     12     10     10     12     12
     12     13     12     12     12
     12     13     12     12     13
     12     13     12     12     14

     11     10     12     12     10
     11     11     11     10     11
     13     11     11     12     10
     12     11     12     13     11
     12     11     12     13     10

     10     11     11     10     11
     11     10     10     10     10
     13     12     10     10     10
     11     11     13     11     12
     11     11     13     11     12

     10     11     10      9     10
     10      9      9     12     11
     12     10     12     10     11
     11     11     12     10     11
     11     11     12     10     13

     10     10     11     11     10
      9     10     10      9     11
     12     10      9      9     10
      8     11     11     11      9
      8     11     11     11     12

     10     12      8     11     10
     10     11     11     10      9
     11     11     10     11      9
     10     12     12     11      8
     10     12     12     11     11

      9      9     11      8      7
      9      8      8      9      9
     10     10     10      9      9
      9     10      8      9      8
      9     10      8      9      9

     11     11      9     11      8
      8      8      8      9      8
     11     11      8     10     10
      7     10     10      8      8
      7     10     10      8      9

      9      8     10      8      8
     10      7      7      9      8
      9     10      8     11     10
      8      9      8      8      8
      8      9      8      8      8

      6      7      9      9      8
      7      5      5      8      7
     10      8      8      8      8
      7      8      8      8      7
      7      8      8      8      8

      9      8      8      7      7
      8      7      7      8      8
      7      7      6      9      8
      7      8      6      7      9
      7      8      6      7      6

      7      5      7      6      8
      7      6      6      3      7
      8      7      6      6      6
      6      6      5      6      6
      6      6      5      6      8

      8      5      7      6      5
      5      5      5      7      5
      6      5      5      7      5
      6      6      5      6      6
      6      6      5      6      6

      5      5      4      5      4
      4      6      6      7      6
      6      6      5      5      5
      7      4      7      6      7
      7      4      7      6      6

      5      6      3      5      4
      4      5      5      5      4
      5      4      3      4      5
      4      4      3      2      4
      4      4      3      2      4

      4      5      2      4      3
      4      4      4      3      2
      4      4      3      2      2
      2      3      4      2      3
      2      3      4      2      3

      3      2      1      0      1
      3      2      2      2      4
      3      2      2      1      0
      0      0      1      0      3
      0      0      1      0      0

      1      1      0      1      0
      0      1      1      2      1
      1      0      1      1      1
      1      2      3      0      1
      1      2      3      0      0

      0      0      0      1      0
      0     -1     -1      1      1
      0      0      0      0      0
      2      0      0      0      0
      2      0      0      0      0

      0      0     -1      1     -1
      0      0      0      1      0
      1      0      0      0      0
      1      1      0      0      0
      1      1      0      0      0

      0      3      0      0      0
      0      0      0      3      0
      1     -1      0      0     -1
      0      0      0      0      2
      0      0      0      0      0

      0      0     -1      0      0
     -1      0      0      0      0
      0     -1     -1      1      0
      0      0     -2     -2      0
      0      0     -2     -2      0

     -1      0      0      0      0
      1      0      0      0      0
      2      0     -1     -1     -2
      0      0      0      0      0
      0      0      0      0      0

      1      1      0      0      1
      0      0      0      0     -1
      0      2      1      0     -2
      0     -1      0      0      0
      0     -1      0      0      0

      1      0      0      0      0
      0     -1     -1      1      0
     -1      2      0      0     -2
      0      0      0      0      0
      0      0      0      0      0

      1      0      0      0      0
      0      0      0      1      1
      1      0      0      1     -1
      0      1      1      0      0
      0      1      1      0      0

      1      0      0      0     -1
      0      0      0     -1      0
      0      2      0      0      0
      0      1      1      0      0
      0      1      1      0     -1

      0      0      0      0      0
      1      0      0      0      0
      0      1      0     -1     -2
      0      1      0      0     -1
      0      1      0      0      0

      0      0     -1     -1      0
      0      0      0      0      0
      0      1      1      0      0
      0     -1      0      1      0
      0     -1      0      1      0

     -1      0      0     -1     -1
      1     -1     -1      0      0
      1      2      0     -1     -1
      0     -2      0      0      0
      0     -2      0      0      0

      0      0      0      0      0
      0      0      0      0     -2
      0      2      0     -2      0
      0      1      1      0     -1
      0      1      1      0      0

      0     -1      0      0      0
     -1      0      0      0      0
      1      0      0     -1      1
     -1      0     -1      0     -1
     -1      0     -1      0      0

      1      0      0     -1     -2
      0      0      0      0     -1
      0      1      2      0      0
     -1      0      0      1     -1
     -1      0      0      1      0

      1      0      0     -1      1
      0      0      0     -1     -1
      1      2      0      0      0
      0      0      0      1      0
      0      0      0      1      0

      0      0      0     -2     -1
      1      0      0      0     -1
      1      1      0      0     -2
      0      0      1      0      0
      0      0      1      0      0

      0      1      0      0      0
      1      0      0      0     -1
      0      2      0      0      0
     -1      0      2      1      0
     -1      0      2      1      0

      1      1      1      0      1
      1      0      0      0      1
      3      3      3      1      0
      1      1      2      1      2
      1      1      2      1      2

      2      3      3      1      2
      2      2      2      2      3
      3      4      3      2      4
      2      4      4      3      3
      2      4      4      3      3

      3      3      4      3      3
      3      3      3      2      3
      4      5      4      3      3
      2      3      5      4      3
      2      3      5      4      3

      2      2      2      1      0
      3      2      2      2      1
      1      3      2      3      1
      1      2      3      3      0
      1      2      3      3      2

      0      1      0     -1      0
      1      0      0      0      1
      1      3      1      0      0
      0      2      2      0      0
      0      2      2      0      1

      1      2      0      2      0
      2      1      1      0      0
      1      1      0      0      0
      0      2      2      1      0
      0      2      2      1      1

      3      5      3      3      3
      3      2      2      3      4
      5      6      4      3      4
      4      3      5      2      4
      4      3      5      2      5

      5      6      4      6      3
      6      5      5      4      5
      6      5      5      6      6
      5      5      6      6      5
      5      5      6      6      5

      4      5      6      3      4
      4      5      5      4      5
      5      5      4      4      4
      3      4      6      6      5
      3      4      6      6      5

      3      3      2      4      3
      4      4      4      2      1
      5      4      3      3      3
      2      4      4      4      3
      2      4      4      4      3

      4      4      4      2      1
      3      2      2      2      2
      3      5      3      5      4
      3      3      3      4      3
      3      3      3      4      4

      3      5      4      4      5
      4      5      5      4      4
      5      5      4      4      4
      4      3      5      4      4
      4      3      5      4      4

      5      6      5      3      5
      6      4      4      6      5
      7      6      5      4      5
      4      6      4      4      4
      4      6      4      4      6

      6      5      5      5      4
      5      5      5      5      3
      6      6      6      5      5
      4      5      7      7      5
      4      5      7      7      6

      6      5      6      5      3
      7      6      6      4      4
      7      6      6      5      5
      5      7      5      5      6
      5      7      5      5      4

      5      5      5      5      5
      6      4      4      4      3
      6      8      6      6      4
      5      4      6      6      5
      5      4      6      6      6

      6      5      6      5      5
      5      4      4      6      4
      5      6      6      6      5
      5      6      4      5      5
      5      6      4      5      5

      6      6      6      5      6
      5      5      5      6      5
      4      7      4      5      5
      3      5      6      6      6
      3      5      6      6      5

      6      5      6      5      6
      5      4      4      4      4
      4      5      4      6      4
      4      5      5      5      4
      4      5      5      5      5

      3      6      5      4      4
      5      4      4      4      4
      6      6      6      5      5
      4      5      7      6      4
      4      5      7      6      5

      5      5      6      5      3
      4      4      4      4      4
      6      5      4      4      6
      2      5      5      4      5
      2      5      5      4      4

      6      5      3      4      4
      4      3      3      3      3
      7      7      7      5      5
      5      5      6      4      4
      5      5      6      4      6

      5      5      5      5      4
      4      3      3      3      4
      3      5      5      4      4
      5      5      5      4      4
      5      5      5      4      4

      4      5      5      4      5
      3      5      5      3      3
      7      5      5      5      6
      2      4      5      4      5
      2      4      5      4      4

      4      4      6      5      5
      3      3      3      3      3
      4      7      5      4      4
      3      4      4      4      4
      3      4      4      4      4

      4      6      6      3      2
      4      3      3      2      4
      4      6      6      4      6
      4      4      6      5      4
      4      4      6      5      6

      3      4      4      3      3
      5      4      4      5      5
      4      7      5      4      4
      6      4      5      3      3
      6      4      5      3      6

      4      5      5      5      3
      5      3      3      4      4
      6      7      5      4      5
      3      3      6      5      5
      3      3      6      5      5

      3      4      4      3      3
      3      3      3      2      4
      7      6      3      4      4
      3      5      4      5      5
      3      5      4      5      5

      3      4      4      3      4
      2      3      3      2      4
      3      4      5      3      3
      3      5      3      5      2
      3      5      3      5      4

      3      3      4      3      3
      3      3      3      3      2
      6      6      4      4      4
      4      4      4      4      2
      4      4      4      4      3

      2      4      4      3      2
      4      4      4      3      4
      3      5      4      4      4
      4      3      3      4      2
      4      3      3      4      4

      2      5      3      2      1
      2      2      2      3      4
      5      5      5      3      2
      3      2      4      4      3
      3      2      4      4      4

      2      3      3      3      2
      2      1      1      1      1
      3      4      3      2      4
      2      3      4      3      2
      2      3      4      3      2

      3      3      5      4      4
      3      1      1      2      2
      3      5      4      1      5
      1      3      5      5      3
      1      3      5      5      4

      5      2      2      1      1
      1      1      1      1      2
      2      4      5      2      3
      3      3      4      4      2
      3      3      4      4      4

      4      1      2      5      3
      2      2      2      4      3
      3      5      5      1      3
      0      3      3      6      5
      0      3      3      6      2

      3      2      4      0      3
      0      0      0      1      0
      3      3      2      1      1
      1      2      3      2      2
      1      2      3      2      4

      3      1      3      1      2
      2      0      0      0      0
      3      4      4      2      0
      3      3      1      1      2
      3      3      1      1      4

      1      2      3      1      1
      2      0      0      1      4
      2      4      4      0      1
      1      2      3      4      3
      1      2      3      4      2

      2      0      1      1      3
      2      0      0      0      0
      2      4      4      2      1
      0      1      2      2      1
      0      1      2      2      0

      0      2      2      0      2
      2      1      1      1      1
      2      4      1      1      1
      1      1      1      1      1
      1      1      1      1      3

      0      1      2      0      1
      3      1      1      0      1
      2      4      0      0      3
      0      2      0      1      1
      0      2      0      1      4

      4      1      2      1      0
      1      0      0     -1      1
      2      5      4      2      2
      3      1      1      0     -1
      3      1      1      0      2

      2      0      0      3      0
      3      0      0      0      1
      2      2      2      0      2
      1     -1      0      1      0
      1     -1      0      1      4

      1      0      1      0      0
      0      1      1      1     -1
     -1      4      0      0      0
      0      0      3      1      0
      0      0      3      1      0

      0      1      3      0      2
     -2      1      1      0      0
      1      3      0      0      1
     -2      0      2      0     -1
     -2      0      2      0      3

      4      0      0      2      0
      0      1      1     -1      1
      0      2      0      0      0
     -1      2      0      3      1
     -1      2      0      3      2

      2      3      1      0     -1
      0      1      1      2      0
      0      2      0      0      0
     -1     -2      0      4     -1
     -1     -2      0      4      3

      1      1      0      0      2
      3      1      1      0      1
      2      2      3      0      1
      0      3      0      2      1
      0      3      0      2      0

      2     -1      3      0      0
      0      1      1      1      1
      2      2      1      0      1
     -1      0      0      0      0
     -1      0      0      0      1

     -2      0      4      0      0
      1      0      0      0     -3
      3      0      0     -1     -1
      0      0      0      3      0
      0      0      0      3      1

     -1      1     -1      0     -1
      0     -2     -2     -1      0
      0      0      0      0     -1
      0      0      2      2     -1
      0      0      2      2     -2

      0      0      2      0      1
      0      0      0      1      0
      0      1      0      0      0
     -1      1     -1      0     -2
     -1      1     -1      0     -3

