;
; ENVI ASCII Output of file: E:\Imaging\ROI_AVIRIS\5_2_16.img [Fri Nov 17 12:01:19 2017]
; File Dimensions: 5 samples x 5 lines x 224 bands
; Line Format    : (5i7)
;
    529    515    496    513    506
    504    519    496    513    506
    485    509    506    513    527
    485    509    506    513    527
    517    509    518    511    546

    610    609    620    599    590
    582    615    620    599    590
    611    604    602    585    607
    611    604    602    585    607
    603    621    589    620    605

    663    639    646    657    644
    653    642    646    657    644
    640    655    646    650    650
    640    655    646    650    650
    648    649    646    640    664

    822    812    810    818    815
    809    819    810    818    815
    812    807    812    810    805
    812    807    812    810    805
    824    820    795    817    820

   1206   1202   1194   1209   1187
   1201   1209   1194   1209   1187
   1196   1190   1208   1205   1190
   1196   1190   1208   1205   1190
   1200   1201   1197   1206   1191

   1262   1270   1255   1259   1253
   1259   1253   1255   1259   1253
   1260   1256   1246   1250   1247
   1260   1256   1246   1250   1247
   1250   1261   1250   1253   1252

   1188   1195   1188   1189   1179
   1176   1184   1188   1189   1179
   1179   1177   1174   1182   1185
   1179   1177   1174   1182   1185
   1175   1198   1188   1185   1190

   1113   1107   1103   1089   1091
   1073   1094   1103   1089   1091
   1097   1095   1088   1081   1093
   1097   1095   1088   1081   1093
   1084   1096   1087   1085   1095

   1200   1188   1181   1199   1178
   1182   1188   1181   1199   1178
   1183   1176   1167   1176   1181
   1183   1176   1167   1176   1181
   1179   1196   1182   1174   1174

   1211   1220   1206   1213   1201
   1199   1191   1206   1213   1201
   1203   1193   1189   1190   1207
   1203   1193   1189   1190   1207
   1200   1214   1204   1184   1183

   1181   1174   1166   1171   1161
   1165   1166   1166   1171   1161
   1164   1158   1154   1150   1161
   1164   1158   1154   1150   1161
   1167   1173   1173   1150   1148

   1108   1098   1099   1112   1089
   1094   1090   1099   1112   1089
   1100   1084   1071   1093   1093
   1100   1084   1071   1093   1093
   1089   1099   1095   1075   1086

   1050   1046   1038   1035   1032
   1033   1031   1038   1035   1032
   1037   1021   1020   1026   1035
   1037   1021   1020   1026   1035
   1035   1047   1031   1016   1012

    947    949    944    940    936
    932    933    944    940    936
    934    928    912    920    935
    934    928    912    920    935
    930    947    931    922    919

    864    858    855    852    857
    848    851    855    852    857
    851    840    833    848    852
    851    840    833    848    852
    855    853    849    836    835

    764    773    760    764    752
    749    752    760    764    752
    759    744    740    747    750
    759    744    740    747    750
    756    771    755    747    741

    679    684    674    678    672
    667    668    674    678    672
    674    658    655    663    665
    674    658    655    663    665
    672    680    667    655    651

    649    647    641    641    639
    634    637    641    641    639
    639    625    625    633    635
    639    625    625    633    635
    639    644    632    620    620

    618    609    607    604    605
    601    605    607    604    605
    603    592    594    601    604
    603    592    594    601    604
    605    606    597    585    588

    569    574    562    572    562
    562    565    562    572    562
    564    555    550    562    555
    564    555    550    562    555
    564    575    563    548    548

    529    524    523    525    519
    515    516    523    525    519
    520    511    506    516    521
    520    511    506    516    521
    521    527    520    506    504

    481    483    482    480    475
    477    476    482    480    475
    473    469    472    473    478
    473    469    472    473    478
    481    484    475    467    466

    448    445    447    447    444
    449    444    447    447    444
    441    437    436    439    445
    441    437    436    439    445
    448    449    442    432    434

    403    399    398    398    392
    395    395    398    398    392
    394    390    387    389    390
    394    390    387    389    390
    401    402    390    390    385

    374    371    371    373    367
    368    368    371    373    367
    367    362    368    367    369
    367    362    368    367    369
    372    380    367    360    359

    362    363    362    358    353
    356    360    362    358    353
    355    351    351    355    355
    355    351    351    355    355
    362    363    356    348    348

    338    336    337    335    336
    335    333    337    335    336
    332    328    330    330    334
    332    328    330    330    334
    334    337    335    328    326

    314    312    311    312    310
    309    310    311    312    310
    309    304    304    306    308
    309    304    304    306    308
    312    310    305    304    304

    299    301    298    296    296
    298    299    298    296    296
    293    295    295    296    291
    293    295    295    296    291
    300    302    296    289    294

    283    274    275    279    274
    274    278    275    279    274
    275    272    272    274    273
    275    272    272    274    273
    277    276    274    271    271

    261    260    262    259    255
    258    261    262    259    255
    259    257    254    263    263
    259    257    254    263    263
    265    264    259    255    257

    259    255    256    261    255
    256    256    256    261    255
    258    255    256    256    256
    258    255    256    256    256
    255    259    255    248    253

    254    253    251    264    251
    252    255    251    264    251
    254    256    251    255    252
    254    256    251    255    252
    255    257    255    244    248

    259    255    257    261    256
    255    256    257    261    256
    257    254    255    255    255
    257    254    255    255    255
    258    260    254    247    254

    239    236    240    247    240
    238    241    240    247    240
    236    240    237    235    234
    236    240    237    235    234
    243    244    241    228    242

    209    212    214    217    214
    208    214    214    217    214
    209    210    211    212    208
    209    210    211    212    208
    219    220    210    199    210

    187    183    189    191    186
    184    185    189    191    186
    183    185    187    184    184
    183    185    187    184    184
    194    190    183    177    186

    178    180    182    184    182
    176    180    182    184    182
    171    178    180    177    176
    171    178    180    177    176
    190    181    175    168    181

    164    159    167    168    165
    159    166    167    168    165
    158    159    161    160    160
    158    159    161    160    160
    172    169    161    155    168

    125    125    128    127    129
    126    128    128    127    129
    124    124    125    122    122
    124    124    125    122    122
    137    129    125    117    131

    132    132    140    136    133
    134    135    140    136    133
    132    131    134    129    131
    132    131    134    129    131
    146    141    132    125    141

    144    145    153    153    150
    143    149    153    153    150
    145    146    147    145    144
    145    146    147    145    144
    163    155    146    136    154

    145    144    153    150    150
    148    150    153    150    150
    144    145    147    145    142
    144    145    147    145    142
    164    154    143    139    156

     87     87     92     89     91
     90     87     92     89     91
     86     84     89     86     86
     86     84     89     86     86
    101     95     86     83     97

    114    113    120    116    118
    115    119    120    116    118
    114    112    115    112    112
    114    112    115    112    112
    131    123    113    108    124

    117    119    130    126    124
    120    127    130    126    124
    119    116    121    118    120
    119    116    121    118    120
    140    129    120    112    133

    110    108    117    113    114
    111    115    117    113    114
    109    104    109    108    105
    109    104    109    108    105
    129    117    107    102    122

    100    102    108    105    106
    101    107    108    105    106
    100     98    102     98     99
    100     98    102     98     99
    121    109    101     95    112

     91     92     99     95     97
     94     98     99     95     97
     89     87     91     89     91
     89     87     91     89     91
    108    101     92     85    101

     71     73     79     77     79
     73     78     79     77     79
     70     71     73     71     72
     70     71     73     71     72
     88     77     72     67     83

     74     71     82     77     79
     75     78     82     77     79
     72     70     73     73     73
     72     70     73     73     73
     92     80     72     68     83

     75     77     85     81     83
     80     81     85     81     83
     75     72     78     75     76
     75     72     78     75     76
     96     85     73     70     90

     82     82     91     87     88
     83     89     91     87     88
     82     76     85     81     78
     82     76     85     81     78
    104     91     81     75    100

     79     77     83     81     85
     79     82     83     81     85
     75     73     78     75     76
     75     73     78     75     76
    100     85     77     69     91

     75     76     84     79     81
     78     83     84     79     81
     74     71     76     74     73
     74     71     76     74     73
     96     83     73     65     89

     71     71     80     76     78
     72     75     80     76     78
     68     66     71     69     67
     68     66     71     69     67
     92     78     68     62     84

     68     67     77     74     74
     68     73     77     74     74
     65     62     66     66     66
     65     62     66     66     66
     88     74     63     58     80

     54     51     59     53     58
     53     59     59     53     58
     50     50     54     51     49
     50     50     54     51     49
     69     58     50     46     64

     44     46     50     47     49
     44     49     50     47     49
     42     42     43     42     43
     42     42     43     42     43
     61     48     43     38     52

     41     40     44     42     42
     41     44     44     42     42
     38     38     40     38     39
     38     38     40     38     39
     55     45     39     36     52

     38     37     43     37     39
     36     37     43     37     39
     33     36     36     33     35
     33     36     36     33     35
     48     40     34     31     43

     23     25     23     23     24
     23     28     23     23     24
     23     23     21     25     24
     23     23     21     25     24
     30     23     24     20     30

     16     16     19     16     17
     16     17     19     16     17
     14     15     15     16     16
     14     15     15     16     16
     21     16     14     13     18

     17     19     22     18     20
     19     19     22     18     20
     17     16     18     15     20
     17     16     18     15     20
     25     19     18     15     22

     29     32     37     31     33
     30     31     37     31     33
     28     27     30     28     29
     28     27     30     28     29
     43     33     28     25     38

     35     34     40     35     39
     36     37     40     35     39
     34     29     34     33     32
     34     29     34     33     32
     47     37     32     29     45

     41     40     47     42     43
     42     43     47     42     43
     37     36     40     39     38
     37     36     40     39     38
     58     47     39     33     52

     41     42     51     44     48
     43     47     51     44     48
     41     39     43     40     40
     41     39     43     40     40
     63     50     40     35     58

     40     41     48     44     47
     43     45     48     44     47
     40     38     42     38     39
     40     38     42     38     39
     59     49     39     35     56

     39     40     47     43     46
     42     44     47     43     46
     39     36     40     38     39
     39     36     40     38     39
     56     48     38     33     53

     39     39     48     42     44
     40     42     48     42     44
     39     37     39     36     36
     39     37     39     36     36
     57     46     38     32     53

     37     36     43     40     39
     37     38     43     40     39
     34     33     37     34     34
     34     33     37     34     34
     54     43     34     30     47

     35     35     43     38     40
     37     40     43     38     40
     34     32     36     33     34
     34     32     36     33     34
     55     42     34     29     48

     33     33     41     36     39
     36     38     41     36     39
     31     29     33     31     32
     31     29     33     31     32
     52     39     31     26     45

     32     32     39     35     38
     34     36     39     35     38
     31     30     32     29     30
     31     30     32     29     30
     50     38     30     27     47

     28     29     37     32     33
     30     33     37     32     33
     26     25     29     26     27
     26     25     29     26     27
     47     33     27     23     40

     26     26     34     29     31
     28     30     34     29     31
     25     23     26     25     25
     25     23     26     25     25
     43     31     25     21     37

     25     24     31     27     29
     25     28     31     27     29
     23     21     23     23     24
     23     21     23     23     24
     39     29     23     19     33

     19     19     23     21     22
     20     21     23     21     22
     17     17     18     17     17
     17     17     18     17     17
     29     22     18     14     26

     11     11     15     12     13
     12     15     15     12     13
     11     10     10      9     11
     11     10     10      9     11
     18     12     11      9     17

      4      4      7      4      3
      5      6      7      4      3
      4      4      4      3      5
      4      4      4      3      5
      8      5      5      3      6

      2      3      6      4      4
      4      5      6      4      4
      3      3      2      3      4
      3      3      2      3      4
      6      3      4      2      5

      5      5      7      5      6
      6      5      7      5      6
      4      4      3      4      5
      4      4      3      4      5
      8      5      5      4      6

      5      5      6      4      6
      5      6      6      4      6
      4      4      4      5      5
      4      4      4      5      5
      9      5      5      3      8

      7      8      9      7      8
      7      9      9      7      8
      7      6      7      6      6
      7      6      7      6      6
     11      8      8      5     10

     13     13     17     14     13
     13     13     17     14     13
     11     11     12     11     11
     11     11     12     11     11
     19     15     11     10     18

     15     15     18     16     16
     15     18     18     16     16
     14     12     13     13     13
     14     12     13     13     13
     23     17     13     11     22

     13     13     18     14     16
     14     15     18     14     16
     12     11     12     12     12
     12     11     12     12     12
     23     16     12      9     18

     14     14     18     16     18
     14     16     18     16     18
     14     11     13     12     12
     14     11     13     12     12
     21     16     14     10     21

     12     13     15     11     14
     12     14     15     11     14
     11     10     11     11     11
     11     10     11     11     11
     19     14     11      9     19

     13     14     19     16     16
     14     16     19     16     16
     12     11     12     13     13
     12     11     12     13     13
     23     15     12     10     20

     14     13     18     16     18
     14     16     18     16     18
     12     11     13     12     12
     12     11     13     12     12
     22     17     12     10     21

     15     16     20     17     19
     16     17     20     17     19
     14     12     14     13     14
     14     12     14     13     14
     28     19     13     11     23

     15     15     20     16     20
     15     17     20     16     20
     14     13     15     13     13
     14     13     15     13     13
     25     18     14     11     23

     14     13     18     16     16
     14     17     18     16     16
     14     11     13     12     13
     14     11     13     12     13
     23     16     14     10     20

     13     12     18     14     15
     13     15     18     14     15
     12     10     12     10     11
     12     10     12     10     11
     22     14     11      8     20

     14     13     18     16     16
     14     17     18     16     16
     14     11     13     12     13
     14     11     13     12     13
     23     16     14     10     20

     10     10     16     15     14
     14     15     16     15     14
     11     14     14     14     12
     11     14     14     14     12
     14     10     10     14     12

     13     12     11     14     16
     16     14     11     14     16
     12     16     11     16      8
     12     16     11     16      8
     16     11     11     11     13

     17      7     14     10     15
     15     15     14     10     15
      7     10     14     12     16
      7     10     14     12     16
     16     13     15     13     10

     14     13     11     14     17
     12     15     11     14     17
     10      9     12     12     10
     10      9     12     12     10
     15      7     11     17     11

     12     11     12     12     10
     13     10     12     12     10
     10     13     10     12      9
     10     13     10     12      9
     14      9     12     14      9

     10      8     10     10     10
      9      9     10     10     10
      7     10      8      9      8
      7     10      8      9      8
     10      7      9      9      8

     41     65     39     42     58
     62     64     39     42     58
     73     64     73     42     68
     73     64     73     42     68
     36     41     34     41     28

      6      5      5      4      4
      5      6      5      4      4
      2      3      2      6      3
      2      3      2      6      3
      4      3      4      4      6

      2      3      4      3      2
      3      4      4      3      2
     -1      3      2      3      2
     -1      3      2      3      2
      4      2      1      2      3

      0      0     -1      0      0
      0      2     -1      0      0
     -2      0     -1      1      1
     -2      0     -1      1      1
      2      0      0      0      0

      0      0      0      0      0
      2      0      0      0      0
     -3      1     -1      3      0
     -3      1     -1      3      0
      0      0      0      0      0

      1     -3      0      2      0
      0      1      0      2      0
     -1      0      0      0      0
     -1      0      0      0      0
      1     -1      0     -1      0

      0      0      0      0      0
      0      0      0      0      0
     -2      1      0      0      0
     -2      1      0      0      0
      0      2      0      0      1

      1      0     -2      1      3
      4      2     -2      1      3
     -3      0      0     -4      1
     -3      0      0     -4      1
      3      0      8      3      3

      0      0      1      1      1
     -2      0      1      1      1
      0      0     -2     -1      1
      0      0     -2     -1      1
      1     -2      0      0      3

      0      0      0      1      0
     -2     -1      0      1      0
     -1      1      0      0     -1
     -1      1      0      0     -1
      0     -1      0      0     -1

      0      2      0      0      2
      0      1      0      0      2
     -2      0      0      0      0
     -2      0      0      0      0
      1      0      1      0      1

      0      1      2      1      5
      0      2      2      1      5
      1      1      0      1      3
      1      1      0      1      3
      0      1      1     -2      0

      1      0      1      2      1
      2      0      1      2      1
     -1      0      0      0      2
     -1      0      0      0      2
      1      0      2      1      1

      0      5      3      3      4
      0      3      3      3      4
     -1      4      3      1      0
     -1      4      3      1      0
      5      3      4      1      1

      2      4      2      4      4
      4      4      2      4      4
      1      4      4      3      3
      1      4      4      3      3
      0      4      3      5      3

      1      1      1      3      2
      3      1      1      3      2
      0      2      2      3      0
      0      2      2      3      0
      2      3      3      2      3

      4      3      3      3      4
      4      4      3      3      4
      1      4      3      2      4
      1      4      3      2      4
      3      4      3      4      4

      7      7      7      6      6
      9      3      7      6      6
      4      4      7      7      8
      4      4      7      7      8
      7      6      4      8      4

     10      8      7      9      9
      8     10      7      9      9
      7      8      8     11     10
      7      8      8     11     10
     10      7      9      8      8

     11     11     11     10     11
     11     11     11     10     11
     10     12      9     10      9
     10     12      9     10      9
     11     11     11     10     11

     12     12     11     13     12
     11     11     11     13     12
      9     13     12     10     11
      9     13     12     10     11
     11     12     12     11     11

     13     13     14     12     11
      9     12     14     12     11
     10     13     12     12     13
     10     13     12     12     13
     13     12     12     10     11

     11     11     15     14     14
     15     12     15     14     14
      7     12     14     10     11
      7     12     14     10     11
      7     12     12     11     12

     14     15     16     12     13
     13     12     16     12     13
     11     14     12     11     12
     11     14     12     11     12
     14     13     15     14     12

     10     12     12     12     14
     13     13     12     12     14
     10     13     15     12     12
     10     13     15     12     12
     13     11     13     11     11

      9     10     11     12     13
     12     10     11     12     13
      8     11     10     12      9
      8     11     10     12      9
     11     11     11      9     11

     11     10     12      9     12
     10     12     12      9     12
     11     11     12      9      9
     11     11     12      9      9
     13     10     10     10     12

     10     11     13     11     12
     12     11     13     11     12
      8     10     10     11     12
      8     10     10     11     12
     11     10     12     11      8

      9     11      9      9     10
     10      9      9      9     10
      9     12     10     11      8
      9     12     10     11      8
     10     10      9     10      9

     11      9      9     11     10
      9     11      9     11     10
      8      8      8      8      8
      8      8      8      8      8
      9     10      9      8      9

      8     11     11     11     10
     11     11     11     11     10
      7      9      9     11     10
      7      9      9     11     10
     12     12      9     10     10

     10      8     10      7      9
      8     11     10      7      9
      8      8     10     10     10
      8      8     10     10     10
      9      9     10      8     10

      7      8      6     10      9
      9      9      6     10      9
      6      7      9     11      9
      6      7      9     11      9
      9      8      8      8      7

      8     10      9      9      9
     10      8      9      9      9
      8      9      8     11      9
      8      9      8     11      9
     10      9      9      7     10

      8      9      8      8      9
     10      9      8      8      9
      7      8      8      7      8
      7      8      8      7      8
      9     10      7      7      7

      9      8      7      8      9
      8      9      7      8      9
      8      9      7      9      8
      8      9      7      9      8
      9      7      9      9      9

      8      7      8      9      9
      8      8      8      9      9
      6     11      8      9      8
      6     11      8      9      8
      9      9      9      8      8

      9      6      5      9      9
      8      7      5      9      9
      6      6      9      7      8
      6      6      9      7      8
      8      7      7      7     10

      7      6      7      8      7
      7      6      7      8      7
      6      9      6      9      8
      6      9      6      9      8
      7      6      7      8      7

      6      6      5      7      8
      7      7      5      7      8
      5      8      7      8      7
      5      8      7      8      7
      6      6      7      7      6

      7      6      6      7      7
      7      5      6      7      7
      5      6      8      6      6
      5      6      8      6      6
      6      8      7      6      6

      5      5      7      5      8
      7      6      7      5      8
      4      8      6      8      5
      4      8      6      8      5
      4      5      5      5      6

      6      4      6      6      7
      5      3      6      6      7
      5      6      7      5      4
      5      6      7      5      4
      6      6      4      6      7

      3      4      5      5      4
      6      4      5      5      4
      4      6      4      6      5
      4      6      4      6      5
      4      5      6      3      5

      3      3      6      5      6
      5      4      6      5      6
      3      4      5      3      5
      3      4      5      3      5
      4      3      5      5      4

      3      3      5      3      5
      4      5      5      3      5
      2      2      4      2      2
      2      2      4      2      2
      3      4      3      3      2

      3      2      2      3      4
      3      5      2      3      4
      1      1      0      2      2
      1      1      0      2      2
      1      3      2      1      2

      0      1      2      3      1
      1      3      2      3      1
      2      4      1      3      1
      2      4      1      3      1
      3      2      1      0      2

      2      0      0      1      1
      0      2      0      1      1
      0      0      0      0      0
      0      0      0      0      0
      1      2      0      1      1

      0      1      0     -1     -1
      1     -1      0     -1     -1
     -1      1      0      0     -1
     -1      1      0      0     -1
      0      0     -1      0      0

      0      0      0      1      0
      0      0      0      1      0
     -2     -1      0      0      0
     -2     -1      0      0      0
     -1      0      0      0      0

      0      0      0     -1      0
      0      0      0     -1      0
      0      1      0     -1      0
      0      1      0     -1      0
      2      0     -1     -1      1

      0     -1     -1      0      0
     -1      0     -1      0      0
      0     -2      0      2      0
      0     -2      0      2      0
     -1      1      0      2     -1

      1      0      1      0      1
      0      0      1      0      1
     -1      0     -1      0     -1
     -1      0     -1      0     -1
      0      0      0      0      2

     -1     -1      0     -2      0
     -1      0      0     -2      0
     -2      0      0      0     -1
     -2      0      0      0     -1
      0      2      0      0      0

      0      0      0     -1      2
      0      0      0     -1      2
     -2      0      0      0     -1
     -2      0      0      0     -1
      0      2     -1     -1     -1

      1      0     -1     -2      0
     -1      0     -1     -2      0
     -1      0      1      0      0
     -1      0      1      0      0
      0      0      0      0     -2

      0      0      2      1      2
      0      0      2      1      2
      0      0     -1      0      0
      0      0     -1      0      0
      1     -2      0      0     -1

      0      0      0      0      0
      0      0      0      0      0
      1      0      0      0     -1
      1      0      0      0     -1
      0      0      0      0      1

      0      0      0      0      0
      0      0      0      0      0
     -2      0      0     -1      1
     -2      0      0     -1      1
      1     -1      2      0      0

      0      0      0      0      1
      0      0      0      0      1
      0      0     -1      0      0
      0      0     -1      0      0
     -1      0      0      0      0

      0      0      0      0      0
     -2     -1      0      0      0
      0      0      0      1      1
      0      0      0      1      1
      0     -2      0      0      0

      0      0      0     -1      0
     -1      0      0     -1      0
     -1      0     -1      0      3
     -1      0     -1      0      3
      0      0      0      0      0

      0      0      1      0      0
      0      0      1      0      0
      0      0      0      0      1
      0      0      0      0      1
      1     -1      0      0      1

      0      0      0      0      2
      0      0      0      0      2
      0      0     -1      0      0
      0      0     -1      0      0
      0     -2      1      1      0

      0      0      0      0      0
      0      0      0      0      0
      0      0     -2      0      0
      0      0     -2      0      0
      1     -1      1      0      0

      0      0      0      0      2
     -1      0      0      0      2
      0     -1      0      0      0
      0     -1      0      0      0
      1      0      1      0      0

      2      2      2      0      2
      0      0      2      0      2
      0      0      1      1      2
      0      0      1      1      2
      2      1      0      1      1

      2      2      4      2      3
      0      1      4      2      3
      2      2      1      2      3
      2      2      1      2      3
      1      1      3      1      0

      3      4      4      3      5
      2      1      4      3      5
      3      3      2      5      4
      3      3      2      5      4
      3      2      3      3      4

      1      2      1      0      2
      0      1      1      0      2
      2      1      3      2      1
      2      1      3      2      1
      4      2      2      1      1

      0      0      0      0      0
      0      0      0      0      0
      1      0      0      1      0
      1      0      0      1      0
      0      0      2      1      1

      0      2      2      1      2
      0      2      2      1      2
      2      2      1      1      0
      2      2      1      1      0
      0      0      2      1      0

      4      3      3      3      4
      1      2      3      3      4
      3      3      1      4      2
      3      3      1      4      2
      3      3      2      3      2

      5      5      6      4      5
      5      4      6      4      5
      4      4      3      2      4
      4      4      3      2      4
      5      3      5      5      4

      4      4      4      4      4
      4      4      4      4      4
      5      3      4      4      3
      5      3      4      4      3
      3      3      6      4      3

      2      2      2      3      3
      1      2      2      3      3
      2      3      1      2      2
      2      3      1      2      2
      4      1      4      3      2

      4      3      4      3      3
      1      3      4      3      3
      4      3      2      3      3
      4      3      2      3      3
      3      1      2      2      2

      4      5      3      3      3
      2      2      3      3      3
      4      4      2      3      3
      4      4      2      3      3
      3      3      3      5      2

      4      5      5      3      4
      4      3      5      3      4
      5      4      3      4      5
      5      4      3      4      5
      4      3      4      4      5

      4      4      6      5      5
      3      4      6      5      5
      5      4      4      4      4
      5      4      4      4      4
      4      3      4      4      3

      5      6      5      3      5
      3      5      5      3      5
      5      6      3      4      5
      5      6      3      4      5
      4      4      5      4      5

      4      4      4      5      3
      4      4      4      5      3
      4      4      2      4      4
      4      4      2      4      4
      4      3      4      4      4

      4      4      6      4      6
      3      4      6      4      6
      3      4      4      4      4
      3      4      4      4      4
      3      3      3      4      3

      3      4      4      2      5
      3      4      4      2      5
      4      3      3      3      4
      4      3      3      3      4
      6      3      3      4      4

      3      4      5      4      3
      4      3      5      4      3
      2      3      3      4      4
      2      3      3      4      4
      3      3      3      3      3

      3      2      5      4      3
      3      4      5      4      3
      3      3      3      3      4
      3      3      3      3      4
      3      2      3      3      4

      4      5      4      3      4
      2      3      4      3      4
      3      3      2      3      4
      3      3      2      3      4
      2      2      4      3      3

      5      2      6      4      4
      2      3      6      4      4
      3      3      2      4      3
      3      3      2      4      3
      3      1      3      4      3

      4      4      4      4      3
      1      3      4      4      3
      3      1      3      2      3
      3      1      3      2      3
      2      2      3      4      3

      4      4      5      3      4
      2      1      5      3      4
      3      2      3      2      3
      3      2      3      2      3
      2      3      3      4      2

      2      2      4      1      3
      2      3      4      1      3
      3      3      3      3      4
      3      3      3      3      4
      4      2      4      3      2

      4      4      3      4      5
      2      2      3      4      5
      4      3      2      4      5
      4      3      2      4      5
      2      2      4      4      3

      3      2      3      3      4
      2      3      3      3      4
      3      1      2      2      2
      3      1      2      2      2
      3      3      5      5      3

      2      3      4      3      5
      2      2      4      3      5
      2      2      2      2      2
      2      2      2      2      2
      2      2      2      3      2

      2      3      4      1      1
      3      3      4      1      1
      3      3      2      4      3
      3      3      2      4      3
      2      1      4      3      4

      3      4      2      2      2
      2      1      2      2      2
      3      3      2      1      3
      3      3      2      1      3
      1      1      3      1      2

      0      1      3      3      3
      3      1      3      3      3
      4      2      2      2      2
      4      2      2      2      2
      3      2      4      3      1

      1      2      3      2      1
      2      2      3      2      1
      4      1      2      2      2
      4      1      2      2      2
      3      0      3      4      1

      2      1      2      2      2
      0      3      2      2      2
      2      2      0      2      3
      2      2      0      2      3
      3      2      2      4      3

      1      2      1      2      3
      0      0      1      2      3
      1      1      1      1      3
      1      1      1      1      3
      3      1      3      2      0

      1      2      3      4      1
      1      1      3      4      1
      2      1      1      2      4
      2      1      1      2      4
      2      0      3      2      3

      0      1      3      1      2
      2      2      3      1      2
      1      3      0      3      2
      1      3      0      3      2
      3      2      2      0      3

      2      2      1      3      3
      0      2      1      3      3
      1      2      1      1      2
      1      2      1      1      2
      3      2      3      2      1

      2      0      3      3      1
      1      3      3      3      1
      0      0      0      2      1
      0      0      0      2      1
      2      1      3      0      3

      0      0      3      1      2
      2      0      3      1      2
      1      3      0      2      0
      1      3      0      2      0
      2      1      3      3      1

      1      1      1      2      3
      0      1      1      2      3
      2      2      2      2      3
      2      2      2      2      3
      1      0      3      1      1

      3      2      0      0      0
      0      0      0      0      0
      1      2      1      0      0
      1      2      1      0      0
      1      0      1      1      0

      0      0      1      1      1
      1      1      1      1      1
      0      0      0     -1      0
      0      0      0     -1      0
      0      1      2      0      3

      0      0      0      0      0
      0     -1      0      0      0
      2      1      0      0      2
      2      1      0      0      2
     -1      0      1      1      2

      2      2      3      2      2
      0      1      3      2      2
      2     -1      2      1      2
      2     -1      2      1      2
      0      1      0      0      0

     -2      1      0      1     -2
      0      4      0      1     -2
      1     -1      0      0      3
      1     -1      0      0      3
      3     -1      2      0      0

      1      2      0      2      2
      1      1      0      2      2
      2      5      0     -1      0
      2      5      0     -1      0
     -1      0      1      0      1

      0      1     -1      0      2
     -1      1     -1      0      2
      0      3      0      0      0
      0      3      0      0      0
      1      1      2      1      0

      0     -2      0      0      3
      2      0      0      0      3
     -2      0      1     -2      0
     -2      0      1     -2      0
      2     -1     -1      1      0

      1     -1      1      2      0
     -2      0      1      2      0
      1      1      0      0      1
      1      1      0      0      1
      0     -1      2      3     -1

     -2     -1      0      2      1
     -2     -1      0      2      1
     -1      3     -1      3      2
     -1      3     -1      3      2
      0      0      0      0      0

      0      0      0      0      2
      1      0      0      0      2
      2      0      0      0      2
      2      0      0      0      2
      0      0      2      1      0

     -1      1      1      1      3
      0      1      1      1      3
      0     -2     -2      1      0
      0     -2     -2      1      0
      0     -1     -2     -1      0

      0      0      1      0      1
     -2      0      1      0      1
     -1     -2      0     -1      0
     -1     -2      0     -1      0
     -1      0     -1      0     -1

      0      0     -1      0      5
     -3      0     -1      0      5
     -3      1     -2      0      4
     -3      1     -2      0      4
     -1      0     -2      0     -1

