;
; ENVI ASCII Output of file: E:\Imaging\ROI_AVIRIS\5_2_19.img [Fri Nov 17 12:01:40 2017]
; File Dimensions: 5 samples x 5 lines x 224 bands
; Line Format    : (5i7)
;
    481    490    481    475    475
    481    490    481    475    475
    493    498    481    494    475
    493    498    481    494    475
    483    484    484    467    475

    583    586    593    578    581
    583    586    593    578    581
    579    574    579    583    578
    579    574    579    583    578
    579    583    583    570    573

    631    645    619    634    621
    631    645    619    634    621
    625    636    639    634    635
    625    636    639    634    635
    626    626    626    622    641

    801    810    812    805    809
    801    810    812    805    809
    808    803    804    789    801
    808    803    804    789    801
    804    813    813    804    806

   1171   1183   1172   1181   1178
   1171   1183   1172   1181   1178
   1175   1198   1195   1183   1182
   1175   1198   1195   1183   1182
   1189   1195   1195   1176   1182

   1251   1249   1267   1252   1258
   1251   1249   1267   1252   1258
   1247   1259   1243   1242   1247
   1247   1259   1243   1242   1247
   1264   1258   1258   1252   1252

   1186   1185   1187   1192   1188
   1186   1185   1187   1192   1188
   1173   1180   1178   1187   1187
   1173   1180   1178   1187   1187
   1190   1184   1184   1184   1183

   1094   1104   1101   1098   1106
   1094   1104   1101   1098   1106
   1101   1102   1100   1098   1094
   1101   1102   1100   1098   1094
   1111   1109   1109   1101   1096

   1198   1196   1197   1202   1211
   1198   1196   1197   1202   1211
   1202   1194   1200   1194   1207
   1202   1194   1200   1194   1207
   1196   1199   1199   1198   1205

   1216   1223   1222   1231   1238
   1216   1223   1222   1231   1238
   1228   1221   1223   1221   1225
   1228   1221   1223   1221   1225
   1225   1222   1222   1226   1222

   1187   1188   1197   1192   1200
   1187   1188   1197   1192   1200
   1186   1191   1193   1189   1196
   1186   1191   1193   1189   1196
   1202   1201   1201   1196   1193

   1118   1118   1121   1123   1128
   1118   1118   1121   1123   1128
   1120   1121   1124   1121   1125
   1120   1121   1124   1121   1125
   1119   1133   1133   1126   1123

   1057   1057   1069   1060   1055
   1057   1057   1069   1060   1055
   1062   1053   1060   1049   1062
   1062   1053   1060   1049   1062
   1065   1062   1062   1066   1053

    954    951    960    958    961
    954    951    960    958    961
    957    952    962    954    959
    957    952    962    954    959
    963    961    961    962    963

    873    866    873    877    871
    873    866    873    877    871
    873    872    866    876    871
    873    872    866    876    871
    879    875    875    870    870

    777    771    778    775    774
    777    771    778    775    774
    778    768    771    771    769
    778    768    771    771    769
    779    775    775    775    775

    684    683    683    682    690
    684    683    683    682    690
    682    682    684    685    688
    682    682    684    685    688
    686    687    687    686    686

    649    650    648    652    656
    649    650    648    652    656
    647    649    649    651    653
    647    649    649    651    653
    655    652    652    651    650

    613    617    612    620    620
    613    617    612    620    620
    611    615    613    617    617
    611    615    613    617    617
    623    616    616    615    613

    576    575    573    574    578
    576    575    573    574    578
    581    574    575    572    572
    581    574    575    572    572
    577    583    583    580    575

    523    526    529    531    534
    523    526    529    531    534
    524    530    527    530    527
    524    530    527    530    527
    534    533    533    533    527

    484    486    486    490    488
    484    486    486    490    488
    487    481    483    485    486
    487    481    483    485    486
    487    486    486    486    488

    449    449    451    448    454
    449    449    451    448    454
    453    453    452    452    453
    453    453    452    452    453
    453    451    451    453    448

    398    401    397    400    403
    398    401    397    400    403
    403    401    399    398    402
    403    401    399    398    402
    403    403    403    402    395

    367    372    369    375    376
    367    372    369    375    376
    374    374    373    377    368
    374    374    373    377    368
    377    374    374    377    373

    354    357    363    360    361
    354    357    363    360    361
    360    363    360    362    364
    360    363    360    362    364
    364    363    363    361    362

    334    334    335    337    336
    334    334    335    337    336
    336    338    335    337    338
    336    338    335    337    338
    338    336    336    338    332

    305    309    313    308    307
    305    309    313    308    307
    310    305    313    310    310
    310    305    313    310    310
    309    315    315    313    308

    292    297    296    299    299
    292    297    296    299    299
    295    294    296    294    298
    295    294    296    294    298
    300    295    295    297    295

    272    272    274    275    275
    272    272    274    275    275
    272    276    273    273    276
    272    276    273    273    276
    274    274    274    272    271

    257    254    258    259    258
    257    254    258    259    258
    256    261    258    259    257
    256    261    258    259    257
    262    261    261    257    254

    254    253    251    252    255
    254    253    251    252    255
    255    253    254    250    256
    255    253    254    250    256
    255    252    252    256    252

    251    252    254    249    252
    251    252    254    249    252
    256    253    254    248    256
    256    253    254    248    256
    260    255    255    257    251

    254    254    251    253    255
    254    254    251    253    255
    257    252    253    249    255
    257    252    253    249    255
    254    252    252    256    252

    237    237    238    237    238
    237    237    238    237    238
    239    236    237    230    236
    239    236    237    230    236
    236    235    235    240    238

    204    209    207    208    214
    204    209    207    208    214
    212    205    212    202    210
    212    205    212    202    210
    210    208    208    210    206

    180    188    183    182    188
    180    188    183    182    188
    191    181    182    177    182
    191    181    182    177    182
    180    182    182    185    182

    174    179    176    177    177
    174    179    176    177    177
    183    176    177    168    173
    183    176    177    168    173
    178    176    176    180    176

    159    161    162    163    163
    159    161    162    163    163
    168    159    158    152    157
    168    159    158    152    157
    159    156    156    159    159

    122    127    123    123    126
    122    127    123    123    126
    133    123    122    116    121
    133    123    122    116    121
    123    120    120    124    124

    134    137    131    135    134
    134    137    131    135    134
    140    130    132    124    127
    140    130    132    124    127
    130    129    129    135    133

    143    149    145    147    150
    143    149    145    147    150
    155    144    145    135    141
    155    144    145    135    141
    141    143    143    144    144

    143    153    143    150    148
    143    153    143    150    148
    159    142    145    136    139
    159    142    145    136    139
    139    142    142    150    145

     90     91     88     88     90
     90     91     88     88     90
     94     86     88     81     83
     94     86     88     81     83
     83     85     85     87     86

    112    118    112    114    115
    112    118    112    114    115
    125    111    113    105    109
    125    111    113    105    109
    112    109    109    115    114

    123    127    118    124    121
    123    127    118    124    121
    135    117    117    110    116
    135    117    117    110    116
    116    115    115    121    119

    110    117    109    112    112
    110    117    109    112    112
    122    107    109    100    103
    122    107    109    100    103
    106    104    104    109    110

    100    107    101    104    104
    100    107    101    104    104
    113     98    101     93     97
    113     98    101     93     97
     99     96     96    101    102

     92     99     91     97     95
     92     99     91     97     95
    106     88     91     85     88
    106     88     91     85     88
     88     89     89     92     93

     73     80     73     76     77
     73     80     73     76     77
     83     71     73     67     70
     83     71     73     67     70
     70     71     71     74     74

     74     78     73     79     78
     74     78     73     79     78
     85     71     74     67     70
     85     71     74     67     70
     70     71     71     74     76

     78     86     76     81     80
     78     86     76     81     80
     91     75     77     72     74
     91     75     77     72     74
     75     74     74     77     79

     86     92     82     88     89
     86     92     82     88     89
     95     80     82     74     76
     95     80     82     74     76
     77     78     78     83     83

     79     86     76     83     82
     79     86     76     83     82
     90     74     75     70     73
     90     74     75     70     73
     74     74     74     79     81

     77     85     74     83     80
     77     85     74     83     80
     89     74     75     69     72
     89     74     75     69     72
     71     71     71     75     77

     73     80     69     78     76
     73     80     69     78     76
     83     69     68     62     66
     83     69     68     62     66
     67     66     66     73     74

     69     75     67     73     72
     69     75     67     73     72
     80     66     68     61     62
     80     66     68     61     62
     64     64     64     68     72

     54     60     53     56     56
     54     60     53     56     56
     62     50     49     44     49
     62     50     49     44     49
     49     50     50     53     53

     43     50     45     49     47
     43     50     45     49     47
     54     41     44     37     42
     54     41     44     37     42
     41     43     43     45     45

     41     45     41     44     42
     41     45     41     44     42
     49     38     40     35     38
     49     38     40     35     38
     39     38     38     39     41

     37     41     38     38     38
     37     41     38     38     38
     42     34     37     30     33
     42     34     37     30     33
     34     35     35     36     35

     25     26     25     26     25
     25     26     25     26     25
     30     23     25     21     24
     30     23     25     21     24
     24     24     24     23     23

     17     19     16     16     18
     17     19     16     16     18
     20     17     15     13     15
     20     17     15     13     15
     16     14     14     16     14

     19     20     19     18     20
     19     20     19     18     20
     21     16     18     16     16
     21     16     18     16     16
     17     17     17     17     18

     29     34     29     34     34
     29     34     29     34     34
     36     28     31     26     27
     36     28     31     26     27
     29     28     28     30     30

     35     41     33     40     38
     35     41     33     40     38
     42     34     34     29     32
     42     34     34     29     32
     32     31     31     35     35

     40     48     40     46     43
     40     48     40     46     43
     51     39     40     35     36
     51     39     40     35     36
     36     38     38     39     41

     43     50     42     50     46
     43     50     42     50     46
     53     42     42     36     40
     53     42     42     36     40
     39     39     39     42     45

     42     49     40     46     46
     42     49     40     46     46
     52     39     41     35     37
     52     39     41     35     37
     37     37     37     41     42

     42     49     40     47     46
     42     49     40     47     46
     51     38     40     34     37
     51     38     40     34     37
     37     36     36     41     43

     40     47     40     44     44
     40     47     40     44     44
     52     37     39     32     36
     52     37     39     32     36
     36     35     35     40     40

     37     46     37     42     42
     37     46     37     42     42
     48     35     36     32     33
     48     35     36     32     33
     32     33     33     37     37

     37     44     36     43     40
     37     44     36     43     40
     48     35     36     30     33
     48     35     36     30     33
     34     33     33     37     36

     34     42     34     39     38
     34     42     34     39     38
     44     33     32     27     30
     44     33     32     27     30
     30     31     31     35     35

     35     40     32     38     37
     35     40     32     38     37
     45     31     33     27     29
     45     31     33     27     29
     31     30     30     32     34

     31     38     30     34     32
     31     38     30     34     32
     39     27     29     23     27
     39     27     29     23     27
     26     27     27     28     31

     28     35     27     32     30
     28     35     27     32     30
     36     26     27     22     25
     36     26     27     22     25
     24     25     25     26     28

     25     33     25     29     28
     25     33     25     29     28
     34     24     24     20     22
     34     24     24     20     22
     22     22     22     25     25

     20     22     19     22     24
     20     22     19     22     24
     26     19     19     14     17
     26     19     19     14     17
     18     17     17     20     20

     12     15     12     14     13
     12     15     12     14     13
     17     12     11      9     11
     17     12     11      9     11
     11     10     10     11     11

      5      6      4      6      4
      5      6      4      6      4
      6      5      5      3      5
      6      5      5      3      5
      4      4      4      5      4

      4      4      4      4      4
      4      4      4      4      4
      4      4      4      2      3
      4      4      4      2      3
      4      4      4      2      4

      6      6      4      5      5
      6      6      4      5      5
      6      4      6      3      5
      6      4      6      3      5
      4      4      4      4      4

      4      5      5      6      5
      4      5      5      6      5
      6      4      5      3      4
      6      4      5      3      4
      5      4      4      4      5

      8     10      7      8      9
      8     10      7      8      9
     12      7      8      6      7
     12      7      8      6      7
      6      6      6      7      8

     14     15     12     16     14
     14     15     12     16     14
     17     12     12      9     10
     17     12     12      9     10
     11     10     10     13     13

     15     20     15     18     17
     15     20     15     18     17
     20     13     15     10     12
     20     13     15     10     12
     13     13     13     14     15

     14     16     13     18     16
     14     16     13     18     16
     19     11     12     10     12
     19     11     12     10     12
     12     12     12     14     14

     15     19     14     16     16
     15     19     14     16     16
     18     13     13     10     12
     18     13     13     10     12
     12     12     12     13     14

     12     14     11     15     14
     12     14     11     15     14
     18     12     12      9     10
     18     12     12      9     10
     10     11     11     13     12

     15     18     12     16     15
     15     18     12     16     15
     20     13     14     10     11
     20     13     14     10     11
     12     11     11     14     14

     15     18     13     17     15
     15     18     13     17     15
     20     12     15     10     11
     20     12     15     10     11
     12     12     12     13     14

     16     21     14     20     17
     16     21     14     20     17
     22     15     15     11     13
     22     15     15     11     13
     14     13     13     16     16

     16     21     16     19     18
     16     21     16     19     18
     21     13     15     10     13
     21     13     15     10     13
     13     12     12     15     16

     15     17     14     16     16
     15     17     14     16     16
     21     12     14     10     12
     21     12     14     10     12
     13     12     12     14     14

     13     18     11     16     15
     13     18     11     16     15
     19     11     13      8     11
     19     11     13      8     11
     11     10     10     13     13

     15     17     14     16     16
     15     17     14     16     16
     21     12     14     10     12
     21     12     14     10     12
     13     12     12     14     14

     15      8     12     16     13
     15      8     12     16     13
     15     12     14      9     13
     15     12     14      9     13
     10     16     16     13     13

     15     17     13     14     12
     15     17     13     14     12
     17     14     11     11     14
     17     14     11     11     14
     10     11     11     12     16

     16     15     14     13     12
     16     15     14     13     12
     15     12     11      8     14
     15     12     11      8     14
     13     15     15     13     13

     13     16     13     11     13
     13     16     13     11     13
     14     11     15     12     15
     14     11     15     12     15
     11     10     10     14     16

     12     11     12     14     13
     12     11     12     14     13
     12      7     12      9     12
     12      7     12      9     12
     12     10     10     12     13

      7     10      8      6     10
      7     10      8      6     10
      8      8      8      9      9
      8      8      8      9      9
      9      7      7      8     10

     13     31     31      5     17
     13     31     31      5     17
      4     19     11     17     25
      4     19     11     17     25
     21     10     10     20     42

      7      5      4      4      5
      7      5      4      4      5
      4      3      4      5      5
      4      3      4      5      5
      3      5      5      2      6

      5      3      1      1      4
      5      3      1      1      4
      2      2      4      1      3
      2      2      4      1      3
      3      2      2      2      4

      1      0      0      1     -1
      1      0      0      1     -1
      0     -2      0     -1      0
      0     -2      0     -1      0
      0      0      0      0      1

      0      0      0      0      0
      0      0      0      0      0
      1      1      1     -1      0
      1      1      1     -1      0
      0      0      0      0      0

      0      0     -1      1      0
      0      0     -1      1      0
     -2      0      1      0      0
     -2      0      1      0      0
      0      0      0      0      4

      1      0      0      0      0
      1      0      0      0      0
      0      0      2      0      0
      0      0      2      0      0
     -1      0      0      0      0

     -4     -3     -1     -4     -1
     -4     -3     -1     -4     -1
     -5     -6     -1     -3     -4
     -5     -6     -1     -3     -4
      0      0      0     -1     -2

      0      1      1      0      0
      0      1      1      0      0
      3     -3      0      0      0
      3     -3      0      0      0
      0      0      0      0      1

      0      0     -3      1      0
      0      0     -3      1      0
      1      0      2      0      0
      1      0      2      0      0
      2      0      0     -1      0

     -1      3     -1      0      0
     -1      3     -1      0      0
      3     -1      2      2      1
      3     -1      2      2      1
      0      0      0      1      1

      0      1      0      1      0
      0      1      0      1      0
      3      0      0      0      1
      3      0      0      0      1
      0      1      1      0      0

      1      2      1      0      1
      1      2      1      0      1
      0      0      1      1      3
      0      0      1      1      3
      0      0      0      0      0

      0      2      2      1      2
      0      2      2      1      2
      4      1      3      1      2
      4      1      3      1      2
      2      1      1      1      0

      5      6      4      1      5
      5      6      4      1      5
      3      2      4      0      3
      3      2      4      0      3
      2      2      2      4      4

      4      3      2      2      3
      4      3      2      2      3
      3      1      2      0      2
      3      1      2      0      2
      0      1      1      3      1

      3      5      1      3      4
      3      5      1      3      4
      3      1      6      3      4
      3      1      6      3      4
      3      4      4      3      3

      7      8      5      5      6
      7      8      5      5      6
      8      7      9      6      7
      8      7      9      6      7
      4      5      5      5      6

      8     10     10      9      9
      8     10     10      9      9
      9      8     10      7     11
      9      8     10      7     11
      8      7      7      7      8

     11     11     12     11     10
     11     11     12     11     10
     11      9      8     12     12
     11      9      8     12     12
     11     11     11     11     11

     13     11     11     13     14
     13     11     11     13     14
     11     11     12      9     10
     11     11     12      9     10
     11     12     12     12     12

     10     12     11     11     12
     10     12     11     11     12
     12      9     12     11     12
     12      9     12     11     12
     12     12     12     13     12

     15     12     12     12     16
     15     12     12     12     16
      8     10     11     13     11
      8     10     11     13     11
     11     12     12     12     10

     11     12     13     15     12
     11     12     13     15     12
     13     13     13     13     14
     13     13     13     13     14
      9     13     13     12     13

     13     12     10     11     12
     13     12     10     11     12
     11     10     11     11     14
     11     10     11     11     14
     12     11     11     11     12

     11     10     10     12     10
     11     10     10     12     10
     11      8      9      9     10
     11      8      9      9     10
     10     10     10     10     11

     10     12      9     13     14
     10     12      9     13     14
     10     10     10     10     12
     10     10     10     10     12
     10      9      9      8     11

     10     12      9     10     11
     10     12      9     10     11
     11     11     11      9     12
     11     11     11      9     12
      9      9      9     10     11

     10     10      9     10     11
     10     10      9     10     11
     10      8     10      8     11
     10      8     10      8     11
     10     11     11     11     11

     10     11      9      9     10
     10     11      9      9     10
      9      8     10     11     10
      9      8     10     11     10
      7      8      8      9      9

     10     11     10     10     10
     10     11     10     10     10
     10      8     11      9     11
     10      8     11      9     11
      9     11     11     10      9

     10     10     10     10      8
     10     10     10     10      8
      9      9      8      9     10
      9      9      8      9     10
      9     10     10     10     10

      8      9      8      9      9
      8      9      8      9      9
      9      8      9      8      9
      9      8      9      8      9
      7      9      9      9     10

      8      8      8      8      9
      8      8      8      8      9
      9      8     10      9      9
      9      8     10      9      9
      9      6      6      8     10

      9      9      9      8     10
      9      9      9      8     10
      8      8      9      7     11
      8      8      9      7     11
      8      8      8      9      7

      7      9      9      8     10
      7      9      9      8     10
      7      7      9      7     10
      7      7      9      7     10
      8      9      9      7      8

      7     10      7      9      8
      7     10      7      9      8
      9      8      7      9      8
      9      8      7      9      8
      8      8      8      8     10

      7      7      7      7      8
      7      7      7      7      8
      5      8      7      6      7
      5      8      7      6      7
      8      8      8      8      8

      8      8      9     10      8
      8      8      9     10      8
      8      5      9      6      9
      8      5      9      6      9
      5      8      8      8      7

      7      7      7      8      6
      7      7      7      8      6
      7      5      5      7      7
      7      5      5      7      7
      6      6      6      6      8

      6      7      7      7      8
      6      7      7      7      8
      8      6      7      4      7
      8      6      7      4      7
      5      7      7      8      9

      6      4      4      5      7
      6      4      4      5      7
      6      5      6      5      8
      6      5      6      5      8
      6      4      4      7      7

      5      7      6      7      7
      5      7      6      7      7
      7      5      4      2      7
      7      5      4      2      7
      3      4      4      3      5

      5      5      3      6      6
      5      5      3      6      6
      4      2      3      4      6
      4      2      3      4      6
      4      3      3      5      6

      4      2      4      5      5
      4      2      4      5      5
      2      2      3      3      5
      2      2      3      3      5
      5      2      2      4      4

      2      2      4      5      4
      2      2      4      5      4
      4      2      4      2      5
      4      2      4      2      5
      4      1      1      3      5

      4      4      2      0      3
      4      4      2      0      3
      3      0      3      0      3
      3      0      3      0      3
      1      1      1      3      5

      0      1      0      2      1
      0      1      0      2      1
      2      0      0      1      3
      2      0      0      1      3
      3      0      0      1      1

      0      1      1      0      0
      0      1      1      0      0
      0      0      0      0      1
      0      0      0      0      1
      0      0      0     -1      0

     -1      0      0      0      0
     -1      0      0      0      0
      0      0      0      0      1
      0      0      0      0      1
      1     -1     -1      0     -1

      0      0      0      0      0
      0      0      0      0      0
      0      0     -2     -1      2
      0      0     -2     -1      2
      0      0      0      0      0

      0      0      0      0      0
      0      0      0      0      0
      0     -1      3      1      0
      0     -1      3      1      0
      1     -1     -1      0      1

      0     -1     -1      0      0
      0     -1     -1      0      0
     -2     -1      0     -2      0
     -2     -1      0     -2      0
     -2      0      0     -1      0

      0      0      0      0      1
      0      0      0      0      1
      2     -2      0      0      0
      2     -2      0      0      0
      1     -1     -1      0      1

      1      1      0      0     -1
      1      1      0      0     -1
      0     -1     -1     -1      1
      0     -1     -1     -1      1
     -1      0      0      2     -1

      1     -1      0     -1     -2
      1     -1      0     -1     -2
      1      0      2     -1      0
      1      0      2     -1      0
      0      0      0      1      0

      1      0      0      1      0
      1      0      0      1      0
      0      0     -1     -2      0
      0      0     -1     -2      0
      1      0      0      0      0

      1      1      0      0      0
      1      1      0      0      0
      0      0      0      0      0
      0      0      0      0      0
     -1      1      1     -2      1

      0      0     -1      0      0
      0      0     -1      0      0
      0      0      0      0      0
      0      0      0      0      0
      0      0      0      0      2

      0     -1     -2      0      0
      0     -1     -2      0      0
      0      0      0      0      0
      0      0      0      0      0
     -1      0      0      0      0

      0     -1      1      0      0
      0     -1      1      0      0
      0      0      1      0      0
      0      0      1      0      0
      0      0      0     -1      0

      0      0     -1      0      2
      0      0     -1      0      2
      0      0     -1     -1     -1
      0      0     -1     -1     -1
     -1      0      0     -1      0

      0      0      0      0      0
      0      0      0      0      0
      0      0     -1      0     -1
      0      0     -1      0     -1
     -1      0      0      0      0

      0      0      0      0      1
      0      0      0      0      1
      0      0      0     -1      0
      0      0      0     -1      0
      0      0      0      0      1

      0      0      0      0      2
      0      0      0      0      2
      0      0      0      0      0
      0      0      0      0      0
     -1      0      0      0      0

      0      0      0      0      2
      0      0      0      0      2
      0      0      0      0      0
      0      0      0      0      0
      0      0      0      0      0

      1      0      0      0      1
      1      0      0      0      1
      0      0      1      0      0
      0      0      1      0      0
      1      0      0      0      1

      3      3      1      1      1
      3      3      1      1      1
      0      0      2      0      1
      0      0      2      0      1
      0      0      0      0      0

      3      1      2      4      3
      3      1      2      4      3
      3      2      2      1      1
      3      2      2      1      1
      2      2      2      1      0

      5      3      2      2      3
      5      3      2      2      3
      2      3      4      4      2
      2      3      4      4      2
      3      2      2      2      4

      3      2      1      3      2
      3      2      1      3      2
      2      2      2      1      0
      2      2      2      1      0
      0      2      2      0      3

      3      0      0      1      2
      3      0      0      1      2
      2      1      0      0      1
      2      1      0      0      1
      2      0      0      0      1

      1      1      1      1      1
      1      1      1      1      1
      1      0      2      1      1
      1      0      2      1      1
      2      2      2      0      2

      3      3      2      3      3
      3      3      2      3      3
      3      3      3      1      2
      3      3      3      1      2
      2      4      4      1      3

      3      4      3      3      6
      3      4      3      3      6
      3      3      4      3      4
      3      3      4      3      4
      4      4      4      3      5

      4      2      3      5      4
      4      2      3      5      4
      1      3      3      2      4
      1      3      3      2      4
      4      4      4      3      3

      1      3      3      3      3
      1      3      3      3      3
      3      1      2      2      3
      3      1      2      2      3
      1      3      3      1      4

      3      2      2      3      4
      3      2      2      3      4
      3      3      3      1      2
      3      3      3      1      2
      3      3      3      0      3

      3      4      3      3      4
      3      4      3      3      4
      5      2      6      2      2
      5      2      6      2      2
      4      4      4      3      3

      5      5      3      4      5
      5      5      3      4      5
      3      4      4      2      4
      3      4      4      2      4
      4      4      4      4      5

      5      2      4      5      4
      5      2      4      5      4
      4      3      4      3      4
      4      3      4      3      4
      4      3      3      3      4

      5      2      3      4      5
      5      2      3      4      5
      5      3      3      2      4
      5      3      3      2      4
      4      4      4      3      4

      4      5      4      3      4
      4      5      4      3      4
      3      4      3      3      5
      3      4      3      3      5
      3      5      5      2      4

      4      3      3      2      5
      4      3      3      2      5
      4      4      3      3      5
      4      4      3      3      5
      3      4      4      3      3

      5      4      2      4      4
      5      4      2      4      4
      4      5      4      3      5
      4      5      4      3      5
      2      4      4      2      3

      4      3      4      4      4
      4      3      4      4      4
      4      3      5      4      3
      4      3      5      4      3
      2      5      5      2      4

      4      5      3      5      6
      4      5      3      5      6
      3      3      3      4      3
      3      3      3      4      3
      2      4      4      2      4

      4      3      3      1      5
      4      3      3      1      5
      3      3      1      2      2
      3      3      1      2      2
      2      3      3      3      4

      5      3      2      1      5
      5      3      2      1      5
      5      3      3      3      3
      5      3      3      3      3
      3      4      4      3      3

      4      2      1      2      3
      4      2      1      2      3
      3      1      2      3      2
      3      1      2      3      2
      2      4      4      2      4

      3      3      3      0      3
      3      3      3      0      3
      3      2      2      2      3
      3      2      2      2      3
      1      4      4      2      3

      4      2      2      4      4
      4      2      2      4      4
      3      1      2      3      3
      3      1      2      3      3
      1      4      4      4      3

      4      4      2      4      5
      4      4      2      4      5
      4      3      5      2      3
      4      3      5      2      3
      2      3      3      2      4

      3      2      1      3      3
      3      2      1      3      3
      2      3      2      2      4
      2      3      2      2      4
      2      3      3      3      3

      4      3      2      2      3
      4      3      2      2      3
      3      3      3      2      3
      3      3      3      2      3
      2      2      2      3      4

      4      2      1      3      3
      4      2      1      3      3
      2      2      3      1      2
      2      2      3      1      2
      1      4      4      0      3

      3      2      1      2      4
      3      2      1      2      4
      1      3      3      2      3
      1      3      3      2      3
      3      3      3      3      3

      3      4      2      1      3
      3      4      2      1      3
      4      2      2      2      1
      4      2      2      2      1
      1      2      2      3      3

      3      1      2      1      3
      3      1      2      1      3
      5      2      2      2      2
      5      2      2      2      2
      2      2      2      1      1

      1      3      2      3      3
      1      3      2      3      3
      3      1      2      0      1
      3      1      2      0      1
      0      1      1      1      3

      3      0      1      0      2
      3      0      1      0      2
      3      0      3      2      3
      3      0      3      2      3
      0      2      2      0      2

      2      1      0      2      3
      2      1      0      2      3
      3      1      2      0      1
      3      1      2      0      1
      2      2      2      0      2

      4      1      1      0      2
      4      1      1      0      2
      2      2      2      2      1
      2      2      2      2      1
      0      2      2      1      1

      3      1      2      1      4
      3      1      2      1      4
      3      1      1      2      2
      3      1      1      2      2
      1      2      2      1      1

      2      0      1      1      2
      2      0      1      1      2
      1      1      4      0      2
      1      1      4      0      2
      1      4      4      0      1

      2      0      1      1      2
      2      0      1      1      2
      0      1      2      0      0
      0      1      2      0      0
      2      3      3      0      1

      2      1      1      1      1
      2      1      1      1      1
      1      0      0      2      2
      1      0      0      2      2
      1      2      2      1      3

      1      0      1      0      3
      1      0      1      0      3
      1      1      1     -1      1
      1      1      1     -1      1
      0      2      2      2      0

      0      0      2      1      2
      0      0      2      1      2
      1     -1      1      1      2
      1     -1      1      1      2
      2      1      1     -1     -2

      2      2      0     -1      5
      2      2      0     -1      5
      0     -1      0      0      0
      0     -1      0      0      0
      0      0      0      0      0

      2      1      1      2      3
      2      1      1      2      3
      0      2      1     -1      0
      0      2      1     -1      0
      0      0      0      0      0

      0     -1     -1      0      2
      0     -1     -1      0      2
      3     -2      0      2      0
      3     -2      0      2      0
      2      2      2     -1      1

      2      0      0     -1      0
      2      0      0     -1      0
      1      0     -1     -1      2
      1      0     -1     -1      2
      0      0      0      1      0

      1      2      1      0      0
      1      2      1      0      0
      0      0      1     -2      0
      0      0      1     -2      0
      0      0      0      0      0

      0      3      0      1      0
      0      3      0      1      0
     -1     -4      0     -1      0
     -1     -4      0     -1      0
      2     -4     -4     -4      0

      1     -3     -1      1      0
      1     -3     -1      1      0
      0      0      1      0      0
      0      0      1      0      0
     -1     -3     -3     -1      0

      1      0      0      0      0
      1      0      0      0      0
      1     -2      1     -2      0
      1     -2      1     -2      0
     -1      0      0      1      0

      2      0      1     -2      2
      2      0      1     -2      2
      1      2      0      0      0
      1      2      0      0      0
     -1      1      1     -1      0

      1     -3      1      0      0
      1     -3      1      0      0
     -2     -2      0      2     -1
     -2     -2      0      2     -1
      0      0      0      0     -1

     -1      0      0     -1     -2
     -1      0      0     -1     -2
     -4     -1      0      0     -1
     -4     -1      0      0     -1
     -4      2      2      0      0

      1     -3      3     -1      0
      1     -3      3     -1      0
      0      1     -1     -1      0
      0      1     -1     -1      0
      0     -1     -1     -1      0

