;
; ENVI ASCII Output of file: E:\Imaging\ROI_AVIRIS\5_2_12.img [Fri Nov 17 12:00:47 2017]
; File Dimensions: 5 samples x 5 lines x 224 bands
; Line Format    : (5i7)
;
    495    495    498    491    511
    485    484    495    494    478
    488    489    497    489    498
    484    498    499    501    495
    494    502    501    514    499

    594    586    601    597    587
    579    585    584    587    591
    592    593    587    586    591
    594    587    585    589    590
    590    590    607    613    598

    653    643    655    650    657
    629    640    625    640    629
    631    634    643    635    643
    649    639    652    655    652
    629    640    668    648    658

    824    826    840    835    829
    812    822    829    823    821
    810    812    836    812    819
    815    827    831    817    838
    822    820    838    843    828

   1227   1229   1226   1228   1230
   1207   1218   1207   1202   1211
   1206   1202   1207   1205   1214
   1202   1208   1214   1226   1235
   1207   1212   1206   1227   1230

   1286   1285   1294   1293   1287
   1273   1290   1277   1274   1275
   1266   1262   1276   1269   1272
   1268   1273   1280   1287   1291
   1273   1273   1275   1290   1298

   1200   1217   1222   1214   1217
   1200   1210   1210   1213   1201
   1195   1202   1209   1200   1208
   1197   1203   1208   1227   1217
   1204   1199   1200   1218   1208

   1121   1119   1123   1128   1128
   1119   1119   1119   1111   1121
   1101   1113   1114   1113   1111
   1097   1109   1116   1131   1127
   1107   1106   1108   1119   1121

   1209   1215   1218   1218   1210
   1203   1212   1204   1212   1197
   1188   1204   1209   1199   1204
   1200   1202   1200   1219   1218
   1203   1205   1212   1205   1226

   1227   1235   1234   1234   1229
   1220   1235   1227   1222   1222
   1221   1220   1227   1217   1218
   1213   1226   1229   1232   1241
   1230   1214   1218   1226   1233

   1193   1190   1199   1194   1197
   1186   1197   1191   1186   1187
   1177   1185   1192   1181   1185
   1176   1186   1184   1200   1201
   1196   1182   1185   1196   1196

   1115   1122   1121   1121   1113
   1116   1118   1120   1110   1111
   1105   1117   1116   1109   1112
   1112   1116   1115   1124   1121
   1109   1110   1117   1118   1122

   1054   1051   1055   1054   1057
   1047   1054   1056   1054   1042
   1044   1043   1054   1044   1049
   1043   1049   1060   1060   1061
   1046   1044   1045   1054   1057

    955    940    946    946    940
    943    948    955    947    945
    939    943    951    948    940
    944    945    954    950    952
    945    940    944    950    957

    852    854    855    861    850
    859    860    859    858    860
    845    861    858    861    852
    850    860    857    866    859
    859    856    859    861    863

    761    756    745    757    747
    759    758    763    761    757
    753    761    756    752    753
    753    758    761    765    766
    753    753    751    759    762

    673    659    665    659    673
    669    676    670    668    667
    665    666    665    664    667
    663    671    667    671    672
    670    666    661    671    670

    637    625    631    627    636
    636    638    637    634    632
    631    632    634    629    633
    630    636    634    638    638
    634    633    629    637    637

    599    589    595    593    598
    602    599    602    599    596
    596    597    602    594    598
    596    600    600    604    602
    596    600    597    602    603

    559    550    543    555    547
    560    562    556    555    550
    556    561    562    555    554
    555    555    560    564    571
    551    552    559    561    559

    510    500    502    502    507
    510    515    510    504    507
    506    510    511    505    505
    510    518    517    514    515
    508    510    507    512    519

    471    462    462    461    462
    465    471    467    463    463
    464    469    467    463    465
    469    469    469    473    474
    465    464    467    471    474

    435    427    428    428    427
    436    433    434    430    430
    435    434    435    431    431
    433    441    432    443    441
    431    430    432    436    443

    385    379    378    380    377
    388    386    384    380    381
    384    386    385    378    383
    388    387    388    383    389
    385    384    378    390    391

    355    353    351    351    357
    362    360    358    358    352
    358    359    358    351    357
    355    359    358    362    367
    358    357    359    363    367

    343    336    334    339    339
    348    343    346    340    341
    344    348    344    342    342
    340    348    348    349    349
    342    345    341    349    351

    320    313    315    317    318
    325    323    320    321    312
    319    320    320    321    320
    319    327    323    325    322
    320    319    319    321    324

    293    290    288    291    293
    297    292    295    290    291
    293    299    296    294    291
    295    302    297    300    301
    296    294    296    299    303

    281    280    276    281    282
    284    282    283    281    277
    282    282    282    279    284
    286    285    285    284    288
    280    284    282    285    289

    262    258    258    259    260
    260    260    258    256    258
    258    262    261    257    264
    262    263    263    266    265
    262    261    260    269    267

    245    241    244    250    249
    249    246    246    244    245
    248    250    244    243    251
    250    254    247    250    252
    245    249    247    250    251

    243    239    237    238    239
    242    238    237    241    237
    240    242    246    239    240
    247    247    242    245    246
    241    240    243    246    250

    246    235    237    233    239
    240    237    237    245    237
    242    240    249    236    239
    249    242    239    242    247
    241    237    243    250    249

    243    238    236    238    239
    242    238    236    241    238
    241    242    246    239    241
    246    248    242    245    245
    241    239    244    246    250

    231    222    224    221    226
    223    223    222    228    222
    230    228    231    220    224
    230    227    222    222    228
    227    219    224    229    233

    205    194    195    194    197
    199    198    190    199    197
    199    198    205    194    201
    201    204    196    199    203
    200    196    203    204    204

    179    170    171    170    176
    174    170    166    177    169
    177    174    182    171    176
    175    180    176    177    177
    176    169    179    177    178

    177    162    165    164    167
    166    165    160    169    164
    172    166    178    164    167
    172    174    166    168    173
    172    164    170    174    173

    159    149    152    149    153
    152    150    146    155    151
    158    150    158    152    154
    155    160    151    154    153
    155    146    153    155    155

    123    114    117    114    116
    119    116    113    122    117
    122    118    120    120    119
    122    123    118    123    120
    120    114    124    121    122

    132    122    123    126    126
    127    122    121    127    124
    131    125    132    125    129
    127    130    124    125    128
    128    121    128    130    130

    144    130    132    138    137
    141    134    128    139    135
    142    134    146    139    139
    138    146    137    141    141
    143    133    140    141    142

    143    134    135    135    139
    140    136    131    142    138
    146    136    146    135    142
    138    145    136    142    137
    143    130    142    143    141

     90     76     80     83     84
     85     82     76     84     83
     89     83     87     84     86
     85     89     83     82     85
     87     78     84     88     85

    113    103    106    107    107
    108    106     99    109    109
    113    105    115    106    111
    108    115    107    110    109
    112    101    109    112    113

    121    106    109    113    114
    116    112    106    115    113
    119    112    120    114    116
    115    123    112    116    114
    119    104    116    116    117

    109     98    100    105    107
    107    102     95    106    105
    111    101    109    104    106
    101    112    103    107    104
    108     96    109    107    105

    101     89     93     97     97
    100     94     87     98     93
    104     94    103     97    100
     93    103     95     98     98
    102     89     99    101    100

     91     80     85     89     87
     90     86     80     90     88
     94     87     92     89     91
     87     93     88     93     88
     94     79     93     92     91

     73     65     66     71     70
     73     68     63     72     69
     77     68     73     71     72
     72     78     69     72     70
     75     64     73     74     73

     75     65     68     71     73
     71     69     67     74     71
     76     69     74     71     74
     69     77     70     75     71
     77     64     74     74     75

     78     67     73     73     77
     78     73     68     79     74
     82     71     78     74     77
     74     83     74     78     74
     82     67     79     78     78

     84     73     76     80     82
     83     77     72     80     79
     87     76     83     78     81
     78     86     78     83     78
     83     71     84     85     81

     80     68     71     74     76
     78     75     66     76     75
     79     71     80     75     77
     71     83     73     77     74
     81     66     78     77     77

     77     64     69     73     74
     76     72     64     74     71
     80     69     77     73     76
     71     80     71     75     72
     79     64     78     74     74

     73     62     66     67     68
     68     66     61     69     68
     74     64     72     69     70
     65     75     67     69     68
     73     61     72     72     70

     70     58     60     66     66
     67     63     56     67     64
     71     61     68     66     66
     62     73     64     68     63
     71     56     68     70     66

     54     44     47     49     50
     51     49     45     52     50
     56     48     52     52     53
     47     57     51     54     49
     54     42     53     54     50

     46     39     41     42     44
     45     43     40     44     43
     49     41     43     45     45
     40     47     41     46     44
     48     38     44     46     45

     43     35     39     40     39
     38     37     36     41     38
     43     37     41     39     39
     37     46     39     39     39
     41     33     42     41     40

     37     30     33     37     36
     38     33     30     37     37
     39     34     35     34     36
     34     40     34     36     36
     37     30     36     37     35

     26     21     20     25     25
     25     24     22     22     23
     27     22     23     26     24
     23     26     24     27     21
     26     19     25     26     23

     16     14     14     17     16
     17     15     14     16     17
     20     15     17     16     15
     16     17     16     15     15
     18     13     17     17     16

     20     15     18     19     16
     19     17     14     19     18
     20     16     18     18     18
     16     22     16     19     17
     19     15     20     18     17

     34     26     26     30     29
     30     28     25     30     29
     35     26     31     31     31
     29     33     29     31     29
     32     23     32     30     31

     37     30     31     34     33
     34     30     29     37     34
     38     30     36     33     35
     31     39     34     36     32
     38     27     36     36     34

     43     33     36     39     39
     42     39     33     41     40
     45     35     41     40     42
     38     46     37     41     37
     43     32     43     40     38

     45     35     38     43     43
     43     39     33     45     42
     47     39     43     42     45
     39     47     40     44     38
     46     34     44     42     42

     44     34     37     39     40
     41     39     35     43     41
     46     37     43     42     45
     37     46     39     42     37
     44     33     44     41     38

     45     34     37     40     40
     43     38     33     42     41
     47     36     42     41     43
     37     45     38     41     37
     44     31     43     43     39

     43     34     35     39     40
     41     36     33     40     39
     45     35     40     39     41
     36     45     36     42     36
     42     31     42     40     38

     40     30     33     35     37
     38     34     28     37     37
     41     32     37     36     39
     32     40     34     38     33
     40     28     39     39     34

     40     28     31     35     36
     37     33     29     36     37
     41     31     37     36     39
     32     42     34     36     33
     39     27     39     38     35

     37     26     29     34     34
     34     32     27     34     35
     38     30     34     34     35
     28     38     31     34     31
     37     26     37     35     33

     36     27     29     33     33
     34     30     26     34     32
     38     28     35     34     35
     28     36     31     34     30
     36     26     35     35     32

     33     24     27     30     29
     32     28     23     31     30
     35     26     30     31     32
     26     35     28     31     26
     33     23     32     31     28

     30     22     25     27     27
     29     26     22     29     28
     33     24     28     28     29
     24     32     26     29     24
     31     21     29     28     26

     27     20     23     24     24
     27     24     20     26     26
     31     21     26     25     26
     22     30     23     26     22
     29     19     26     26     24

     22     15     17     18     18
     20     18     15     21     19
     22     17     21     20     20
     17     23     18     19     18
     22     15     21     20     18

     14      9     10     12     11
     12     11      9     12     11
     13     10     13     13     13
     10     13     12     11     11
     14      8     12     11     10

      6      3      5      6      4
      5      5      3      4      6
      6      4      5      5      4
      4      6      4      5      5
      6      4      4      4      3

      5      3      3      4      3
      5      4      3      4      4
      4      3      3      4      4
      3      5      4      4      4
      5      3      4      4      3

      7      4      3      5      4
      5      5      5      5      5
      6      5      5      5      5
      5      5      5      6      3
      7      4      6      5      5

      6      4      5      6      4
      5      5      4      3      6
      6      5      6      5      4
      4      6      4      5      4
      6      4      6      5      5

     10      5      7      8      7
      8      7      6      8      8
      9      6      7      7      8
      5      7      7      8      6
      9      6      8      7      7

     14     10     11     11     12
     13     11     10     14     13
     16     11     13     13     13
     11     16     12     13     10
     15      9     14     13     12

     17     11     12     14     14
     15     14     11     15     15
     18     12     16     16     15
     12     17     13     14     12
     17     11     16     15     13

     16     10     12     15     12
     14     12     10     14     13
     16     11     13     15     15
     11     17     13     14     11
     16      9     15     13     13

     16     10     13     13     14
     17     13     11     14     14
     17     12     14     15     16
     12     17     13     15     12
     17     10     15     14     13

     15      8     10     13     11
     13     11     10     12     13
     14     10     12     13     13
     11     14     12     13     10
     14      8     12     12     12

     17      9     12     14     13
     15     13     10     15     15
     17     12     14     14     15
     12     18     13     14     12
     16      9     15     14     12

     17     10     11     14     15
     16     13     10     15     14
     16     12     15     15     17
     12     18     13     14     11
     17      9     14     14     13

     17     11     13     16     15
     17     15     11     16     16
     18     13     16     16     16
     14     19     15     16     12
     18     11     17     17     14

     18     10     12     16     14
     18     15     10     16     16
     18     13     15     15     17
     13     18     14     15     13
     17     10     17     16     14

     17     10     12     15     14
     16     14     10     15     15
     16     12     15     15     15
     12     18     13     15     12
     16      9     16     13     14

     15      9     10     13     12
     14     12      9     14     13
     16     11     14     14     14
     10     16     13     14     11
     15      8     15     13     11

     17     10     12     15     13
     16     13     10     15     15
     16     12     15     15     15
     12     18     13     15     12
     16      9     16     13     14

     12     13     16     12     14
     13     18     19     17     14
     15     15     13      8     11
     12     14     11     13     14
     12     13     12     17     13

     10     16     14     15     13
     16     14      7     14     13
     11     14     16     12     11
     17     13     13     12     14
     13     10     13     11     13

     13     15     10     13     15
     15     16     11     13     13
     14     11      8     12     15
     11     13     16     14      9
     13     12     14     12     13

     11     14     18     13     13
     13     11     12     11     14
     12     13     12     12     14
     12     11     15     14     12
     15     13     12     11     11

     10     13      9     12     11
     14     12      8     11      9
     11     11      8      9     13
      9     11     13     11     11
     14     11     11      9     13

      9      9      9      8     10
     10     10      7      9      9
      9     10     11      6     10
      8      9      6      9      8
     11      9     10      9      9

      6     22     20     20     11
     15     23     26     23     20
      0      7      6     -6     -4
    -26    -12    -33      0      5
     -7    -30    -42    -14     -7

      4      7      6      5      6
      3      3      2      4      3
      5      4      4      4      6
      3      5      2      4      5
      6      4      4      4      5

      2      5      3      3      1
      1      4      2      2      3
      3      4      3      4      3
      4      1      3      3      1
      5      0      3      5      4

      0      0      1      1      4
      0      1      0      0      0
      0      1      0      0      0
      0      0      1     -1      0
      2     -1      2      0      1

      1      0      0      0      0
      0      3      0      0      1
      1      2      0      0      0
     -2      0      0      0      0
      1      0      0      0      1

      1      0      1      1      0
      0      3      1      0      0
      1      0     -2     -1      1
      0     -1      1      0      0
      1     -2      1      0      0

      0      1      1      0      0
      1      0      0      0      1
      0      2      0      0      1
      0      0      0      0      0
      0     -1      1     -1      0

      3      7      4      6     10
     -2     -2      0      3     -1
     -2      0      2      0      1
      1     -1      0      4      0
      3      1      3      4      5

     -3      2      1      1      2
      3      1      0      0      1
      1      1      5     -2      1
      0      2      2      0      0
      3     -1      0      0      0

      2      2      3     -1      0
      0      0     -2      0      0
      1      1     -1      0      4
      2     -1      0      0      2
      2      0      1      0      2

      1      1      2      0      1
      1      3      4      0      1
      1      0      1     -2      3
      0      0      0     -3      0
      5      0      1     -1      2

      0      1      2      3      5
      2      0      0      1      2
      1      1      0      0      0
      0      2      1      0      0
      3      0      1     -1      2

      0      2      2      0      2
      3      3      0      1      4
      1      2      2      0      2
      0      0      1      2      1
      3      0     -2      1      3

      3      3      2      2      3
      3      3      2      4      5
      4      1      6      5      1
      1      1      4      1      0
      2      0      0      2      4

      0      3      1      3      4
      5      5      4      4      2
      4      2      0      1      4
      2      4      3      1      3
      5      4      3      1      3

      2      5      3      2      3
      3      5      1      3      1
      3      2      5      3      1
      2      0      1      2      1
      4      1      3      4      3

      5      5      6      2      5
      4      4      2      4      1
      3      1      2      5      3
      4      1      2      3      2
      4      2      7      2      3

      8      4      8      8      8
      8      7      4      6      5
      7     10      6      5      7
      3      8      4      6      6
      8      5      6      6      5

      7     10     11      9      9
     10     10      8      8     10
      8      8      7      8     10
      9      9      9      9     10
     10      9     10      9      9

     10     12     13     11     12
     11     11     11      9     10
     12     12     11      8     11
     10     10     11      9     10
     13     10     11     11     10

     11     12     10     12     12
     12     13     12     10     12
     12     13      9     10     11
     10     11      9     11      9
     14     11     12     11     11

     13     12     13     11     11
     12     13     12     11     14
     12     11     11     12     11
     10     12     12     12      9
     14     11     14     12      9

     15     12     13     12     12
     12     12     11     13     12
     12     12     15     12     12
     14     13     14     15     15
     15     14     13     16     12

     13     12     15     11     14
     13     13     13     11     13
     15     12     14     13     13
     11     11     13     13     13
     15     12     14     13     12

     10     12     12     11     15
     11     14      9     10     12
     13     11     11     10     12
     11     11     11     13     12
     12     11     11     12     13

     10     10     11     10     10
      8     11     10      9     10
      9     10     11     10     11
      7     11     10     11      8
     12     12     11     10     10

     10     12     12     10     10
     11     12     12     10     11
     11     10     10      8      9
     10     11     11     10     12
     11     10     11      9     10

     11     11     12     10     11
     12     10     10     10      9
     10     11      9      8     11
      9      9     12     10     11
     13     11     11     10     11

     10     11     10      8     11
      9      9     10      9     10
     11     10     10      8     10
      8     11     11     10     10
     12     10     10     10     10

      9      9     10     10      8
     11     10      7      9     10
     10     10      8      8     10
      8     10     11      9     11
     11      8      9     10     10

     12     11     10     11     10
     14     12     11     10     11
     11     11     12     10      8
     11     11      9     10      9
     11     10     11      8     11

     10     11     11     10     10
     10      8     11      9     10
     11     10      9      9      9
     10     10     10      7      9
      9      9      9     10     11

     11      8      9     10      9
     10      8      7     11     10
      9     10     10      8      9
      9      9      7      9      9
     10      7      7      9     10

      8     10     10      9      9
      8      8      7      7      9
      9      8      7      8      8
      9      8      8     10      7
      8      8      8     10      8

      8      6      9     11      8
     10      8      8      9      9
      9     10      9      7     10
      9      8     10     10      8
      8      8      8      7      9

      7      9     10      8      8
     10      9      7     10      9
      8      8      9      7     11
      8      8      7      9      8
      9      8      9      9      9

      9      8      9      8      8
      7      8      7      8      7
     10      9      8      6      9
      9      7      8      8      8
      9      9      8     10      8

      8      7      8      7      7
      9      7      6      9      9
      9      7      9      8      7
      8      7      6      8      7
      9      8      5      6      8

      7      7      9      7      8
      9      7      7      7      6
     10      6      7      7      8
      8      8      9      7      5
      8      7      7      9     10

      6      8      8      6      6
      7      8      7      5      6
      6      7      7      5      7
      6      6      7      6      6
      9      5      8      6      7

      6      6      8      6      5
      6      8      5      7      6
      7      6      6      4      6
      6      7      7      6      6
      6      5      7      5      7

      5      4      7      8      8
      7      6      5      6      4
      8      6      7      6      6
      5      4      7      6      5
      6      5      4      5      6

     10      7      8      6      5
      5      5      4      4      5
      6      3      4      2      4
      4      4      5      6      5
      6      3      6      5      7

      6      4      5      5      6
      4      6      4      4      6
      5      6      5      5      5
      4      6      6      4      5
      6      3      4      6      6

      5      5      5      4      6
      4      5      5      5      5
      4      4      4      3      5
      3      6      3      5      5
      4      3      5      4      5

      4      4      3      4      4
      5      5      2      4      3
      3      3      4      3      4
      3      4      2      5      2
      4      4      4      2      4

      3      3      3      2      4
      3      3      2      3      3
      1      3      3      2      2
      2      2      1      2      4
      3      2      4      4      2

      1      0      1      0      1
      3      0      0      2      3
      3      1      1      1      1
      1      3      1      1      1
      2      0      2      2      1

      0      1      2      0      2
      1      1      1     -1      0
      2      1      1      0      3
      0      1      1      1      1
      2      0     -1      0      0

      0      0      0     -1      1
      0      0      1      0      1
      0      0      0     -1      2
     -2     -1      0      1     -1
      1      0      0      0      0

      0     -1      1      0      0
      1      0      0      0      0
      0      0      0     -2      0
      0      0      1      0      0
      2      0      0      0     -1

      0      0      0      1      1
      0      1      0      0      0
      2      2      1     -2      0
      1      0      0      0     -1
      2      0     -1      1      0

      0      0      0     -1     -1
     -1      0      0     -1      0
      0      0      0     -2      0
     -2      1     -1      0      0
      1     -2      0     -1      0

     -1     -1      0      0      1
      1      1     -2      0      0
      2      0      2      0      0
     -1      1     -1      0     -2
      0     -1      2      0      1

      0     -1      2      0      1
      1      0      0      0      0
      1      1      1     -1      0
      0      0      1     -1      0
      3      1      0      0      0

     -1      0      0      0      0
     -1     -1     -1      1      0
      0      0      1      0      0
     -1      0      0      0      0
      2     -1     -1      0      0

      0     -1      0     -2      1
      1      1     -2      1      0
      1     -1      0     -1      2
     -1      0      0      1      0
      3      0      1      0      1

      0      0      0     -1      0
      0      0      0      0      1
      0      1      0      0      0
      0      0     -1      0      0
      1      3     -1      0      0

     -1      0      0      0      0
      0      0      0      0      1
      0      1      0     -1      1
      1      0      1      0      0
      1      3      0      0      0

     -1      0     -1     -1     -1
      0      0      0     -1      0
      0      1     -1      0      0
      0      0     -1      0     -1
      0      3      0      0      0

      0      0     -1      0      0
      0      0      0      0      0
      0      1      0      0      2
      1      0     -1      0      1
     -1      2     -1      0      0

      0      0     -1      0     -1
      0      0      0     -1      0
      0      0      0      0      0
      0      0      0      0      0
     -1      3      0     -1      0

      0      0     -1      0      0
      0      0      0      0      2
      0      1      0      0      0
      0      0      0      0      0
      0      3     -1      0      0

     -1      0      0      0     -2
      0      0      0     -1      1
      0      0     -2      0      0
      0      0      0      1      0
      0      3      0      0      1

      0     -1     -1      0      0
      0     -1      0      0      1
      1      0      0      0      1
      0      0      0      1      0
      0      2     -1      0      0

     -1      0      0      0      0
      1      0      0      0      0
      2      3      0      0      0
      0      0     -1      0     -1
      0      4     -1      0      0

     -1      0      0      0     -1
      1      0      0     -1      1
      0      1      0      0      0
      1      0      0     -1      1
      0      1     -1      1      0

      0      0      1      0      1
      2      1      0      1      2
      1      3      1      1      1
      0      1      0      1      0
      0      3      0      0      1

      1      2      0      2      1
      3      2      1      1      3
      2      3      3      3      1
      0      2      2      3      0
      2      4      3      2      1

      4      3      3      3      3
      3      2      2      2      3
      3      3      3      3      3
      4      1      2      3      2
      3      5      2      3      4

      1      0      1      3      3
      1      1      1      1      2
      2      2      0      2      2
      1      1      2      2      1
      1      3      0      1      2

      0      1      1      0      0
      0      2      1      0      2
      1      1      0      1      0
      1      0      0      1      1
      1      2      0      1      1

      1      1      0      0      1
      1      1      0      0      2
      1      2      1      0      1
      0      0      1      0      0
      1      2      0      0      0

      2      2      2      1      3
      4      3      2      1      3
      2      4      3      3      3
      3      2      1      1      1
      2      5      3      3      1

      4      4      3      3      2
      4      4      5      3      4
      3      4      5      4      5
      4      3      4      4      2
      5      7      2      5      4

      2      3      3      2      1
      2      3      3      3      5
      5      5      4      3      2
      3      2      2      3      2
      3      4      2      4      3

      3      2      1      2      1
      3      2      2      1      3
      3      3      2      3      4
      2      3      2      2      2
      1      5      2      2      1

      1      2      1      2      2
      3      2      2      2      3
      3      5      3      1      3
      2      2      2      1      1
      2      5      1      2      2

      3      3      2      3      2
      3      3      2      1      3
      4      4      2      2      4
      2      2      4      4      3
      2      4      3      2      3

      3      4      3      3      3
      3      2      3      2      3
      4      3      3      3      3
      4      1      3      4      3
      3      6      2      3      3

      1      2      3      3      5
      4      4      2      5      5
      4      4      5      3      4
      5      5      3      4      4
      2      7      4      3      3

      3      3      2      3      4
      4      4      3      3      3
      3      4      4      4      3
      5      4      3      3      3
      4      5      2      3      3

      2      4      3      4      3
      5      4      4      2      3
      4      3      5      4      4
      3      4      3      3      2
      3      5      3      4      4

      5      3      2      2      3
      4      3      2      3      3
      3      4      2      3      3
      3      3      3      3      2
      3      6      2      4      3

      3      3      3      1      3
      4      3      2      1      4
      4      4      3      2      3
      4      3      3      3      4
      2      5      5      3      3

      2      2      3      2      3
      3      5      3      3      5
      3      5      4      4      3
      5      3      3      4      4
      4      6      3      2      3

      2      2      2      3      1
      3      2      3      2      4
      2      4      3      3      3
      3      3      3      3      4
      4      5      3      1      4

      4      4      3      4      2
      3      2      2      2      4
      3      4      3      2      2
      3      3      2      4      3
      2      5      3      3      2

      2      4      3      3      3
      4      3      1      2      3
      2      3      4      3      3
      4      1      2      3      2
      2      5      2      3      3

      2      4      3      1      2
      3      3      2      2      2
      4      3      2      1      2
      3      3      1      3      3
      3      5      4      3      4

      2      2      2      3      2
      2      3      3      3      4
      3      4      3      1      3
      4      4      2      3      4
      4      4      2      1      2

      0      3      3      3      3
      5      3      3      2      4
      4      4      2      1      3
      3      2      2      3      2
      2      6      1      2      3

      4      4      3      2      4
      2      3      1      1      3
      2      4      3      3      2
      4      4      2      3      3
      2      4      2      2      3

      2      2      2      1      1
      1      3      2      1      5
      3      2      4      2      2
      3      3      4      3      2
      2      3      3      3      2

      1      3      2      1      3
      2      3      1      2      2
      3      2      3      2      3
      2      4      2      4      3
      1      4      1      3      3

      2      2      3      2      3
      2      2      2      3      3
      3      3      2      4      2
      2      2      2      2      3
      3      5      2      3      3

      2      2      3      2      0
      3      2      2      3      3
      3      4      4      3      2
      3      4      3      2      2
      1      5      1      3      2

      2      3      2      0      1
      3      1      3      2      4
      4      3      5      4      2
      2      2      2      3      3
      1      4      3      2      1

      0      0      3      3      2
      2      1      1      1      4
      1      3      2      1      2
      2      2      2      2      1
      2      4      1      2      3

      2      3      1      1      1
      3      1      0      1      4
      3      3      3      2      0
      2      2      1      1      1
      2      4      2      2      3

      3      1      1      0      2
      5      2      0      1      1
      2      1      1      2      2
      3      2      1      2      2
      2      3      1      1      1

      2      2      0      1      0
      3      1      0      0      1
      2      3      3      0      2
      2      3      1      1      2
      3      3      1      3      3

      1      1      1      1      3
      1      1      0      1      2
      2      4      1      2      2
      1      2      2      1      4
      1      4      1      0      0

      0      0      0      1      0
      3      2      0      2      4
      0      1      0      0      2
      3      3      2      4      1
      1      5      1      0      3

      1      3      2      0      2
      1      1      1      0      1
      2      1      0      1      0
      0      3      0      2      2
      0      3      1      0      1

      0      2      0      2      2
      0      1      4      0      0
      1      3      0      0      1
      0      1      1      1      3
      0      6      1      1      0

      0      0      0      0      1
      0      1      0      0      0
      2      1      0      1      3
      2      5      2      2      0
      1      4      0      3      1

      0      2      2      0      0
      2      2      0      0      0
      1      1      1      1      1
      0      0      1      0      2
      3      3      2      0      0

      1      0      1      1      0
      3      0      0      0      2
      2      1      0      2      1
      1      0      0      1      3
      1      1      0      0      0

      0      1      0      0      0
      1      4      0      0      1
      0      2      2      0     -1
      1      0      0      0      0
     -1      5      0      0      0

      0      2      0      1      0
      1      0      1      0      1
      0      2      1      0      1
      1      0      1      1      0
      2      5      0      0      1

     -1      0      2      0      0
      2      2      0      0      0
      1      2      0      2      0
      1     -1      0      1      0
      1      2      0      2      5

     -1      1     -1      2      0
      0      0      0     -1      0
      0      0     -2     -1      1
      1      0      0      1      0
      1      3      1      0      0

     -2      0      0      1      0
      1     -1     -2     -1      0
      0      0      0     -1      0
      3      0      0      1      2
      0      3      1      0      2

     -1      0      0      1      0
      2      0     -1      1      1
     -1      0      0      0      2
      2     -2      0      2      0
      2      4      0      0      1

      0      0     -1      0      0
     -1      0      0      0      0
      0      1     -1      0      2
      0      0     -2      2      0
      0      2      1     -1      0

     -2      0      0      0      0
      1     -1      2      0     -3
      1     -1      0      1      1
      0      3      0      1      0
     -1      2      0      2      1

     -1      4     -1     -2      1
      0      0      0      1      2
      0     -1      1     -1      0
      2      1      0      0      0
      2      3     -1     -1      2

     -1      1     -4     -1      0
      0      0      1      0      2
      1      0      1      0      0
      4      2      0      0     -1
      0      0      1      1      0

      1      0     -2      0     -2
      0     -1      0     -3     -1
      0      0      0      0      0
      1      0      0      1     -2
      0      3     -4      0      4

     -1      0     -2      0     -3
      1     -2      0      0      0
      1     -1     -2     -3      1
      0     -1     -1      0     -2
      1      2     -2     -1      3

