;
; ENVI ASCII Output of file: E:\Imaging\ROI_AVIRIS\5_2_20.img [Fri Nov 17 12:01:47 2017]
; File Dimensions: 5 samples x 5 lines x 224 bands
; Line Format    : (5i7)
;
    517    511    509    509    518
    512    507    503    511    518
    512    507    503    511    518
    516    505    509    507    516
    516    505    509    507    515

    594    624    605    605    608
    598    604    628    611    618
    598    604    628    611    618
    602    610    612    607    618
    602    610    612    607    617

    657    676    681    681    674
    660    668    666    663    665
    660    668    666    663    665
    675    668    675    660    654
    675    668    675    660    660

    836    852    867    867    862
    856    843    852    839    843
    856    843    852    839    843
    836    861    847    850    856
    836    861    847    850    852

   1255   1262   1248   1248   1253
   1244   1241   1250   1252   1257
   1244   1241   1250   1252   1257
   1248   1254   1240   1240   1248
   1248   1254   1240   1240   1245

   1321   1324   1314   1314   1311
   1306   1307   1315   1307   1322
   1306   1307   1315   1307   1322
   1320   1327   1317   1307   1318
   1320   1327   1317   1307   1324

   1247   1242   1242   1242   1248
   1232   1231   1238   1232   1251
   1232   1231   1238   1232   1251
   1243   1246   1250   1235   1240
   1243   1246   1250   1235   1242

   1153   1153   1146   1146   1150
   1134   1143   1141   1147   1148
   1134   1143   1141   1147   1148
   1144   1148   1146   1140   1141
   1144   1148   1146   1140   1144

   1245   1241   1246   1246   1227
   1236   1229   1241   1236   1235
   1236   1229   1241   1236   1235
   1241   1247   1247   1230   1237
   1241   1247   1247   1230   1234

   1260   1263   1265   1265   1267
   1246   1258   1250   1254   1262
   1246   1258   1250   1254   1262
   1258   1274   1267   1251   1259
   1258   1274   1267   1251   1266

   1226   1218   1229   1229   1226
   1219   1214   1214   1209   1225
   1219   1214   1214   1209   1225
   1227   1235   1224   1218   1217
   1227   1235   1224   1218   1224

   1147   1146   1149   1149   1153
   1135   1145   1148   1136   1140
   1135   1145   1148   1136   1140
   1159   1161   1154   1140   1148
   1159   1161   1154   1140   1152

   1076   1084   1087   1087   1086
   1071   1084   1082   1070   1075
   1071   1084   1082   1070   1075
   1092   1102   1087   1082   1080
   1092   1102   1087   1082   1087

    982    979    983    983    979
    976    979    976    969    972
    976    979    976    969    972
    985   1000    988    973    982
    985   1000    988    973    981

    887    890    896    896    889
    880    887    881    881    878
    880    887    881    881    878
    899    905    893    893    890
    899    905    893    893    889

    789    791    790    790    791
    783    789    788    785    779
    783    789    788    785    779
    797    796    803    786    795
    797    796    803    786    790

    698    697    707    707    700
    695    699    692    691    692
    695    699    692    691    692
    703    710    705    697    690
    703    710    705    697    697

    667    667    673    673    667
    664    666    661    657    659
    664    666    661    657    659
    672    678    672    664    659
    672    678    672    664    665

    635    636    639    639    634
    632    632    630    622    625
    632    632    630    622    625
    640    646    638    630    627
    640    646    638    630    632

    596    592    590    590    591
    586    592    594    582    586
    586    592    594    582    586
    607    602    602    593    585
    607    602    602    593    594

    547    547    542    542    545
    541    538    543    535    534
    541    538    543    535    534
    549    548    552    541    542
    549    548    552    541    551

    504    498    501    501    502
    497    502    504    492    494
    497    502    504    492    494
    513    512    507    499    497
    513    512    507    499    509

    468    468    472    472    467
    465    466    468    460    460
    465    466    468    460    460
    475    472    467    466    462
    475    472    467    466    470

    420    419    418    418    413
    416    412    419    406    407
    416    412    419    406    407
    422    422    420    413    409
    422    422    420    413    418

    388    389    393    393    391
    387    388    389    381    384
    387    388    389    381    384
    393    394    393    389    387
    393    394    393    389    389

    382    379    379    379    376
    378    376    380    369    376
    378    376    380    369    376
    388    387    381    382    377
    388    387    381    382    381

    355    357    351    351    353
    355    352    353    345    352
    355    352    353    345    352
    358    358    357    356    348
    358    358    357    356    355

    325    331    331    331    324
    327    324    325    316    322
    327    324    325    316    322
    334    331    330    326    322
    334    331    330    326    330

    319    318    315    315    314
    313    310    318    308    307
    313    310    318    308    307
    320    317    318    313    311
    320    317    318    313    317

    293    290    292    292    290
    286    290    289    284    283
    286    290    289    284    283
    296    294    292    289    285
    296    294    292    289    293

    280    279    279    279    278
    279    274    280    274    273
    279    274    280    274    273
    283    282    279    273    274
    283    282    279    273    279

    276    277    275    275    274
    271    274    270    269    266
    271    274    270    269    266
    279    276    274    272    267
    279    276    274    272    276

    273    274    277    277    271
    267    270    269    264    259
    267    270    269    264    259
    276    272    271    266    269
    276    272    271    266    277

    276    277    275    275    275
    271    274    270    269    267
    271    274    270    269    267
    278    277    274    272    267
    278    277    274    272    276

    262    261    260    260    254
    253    256    250    253    251
    253    256    250    253    251
    259    255    257    252    254
    259    255    257    252    260

    228    229    227    227    228
    224    228    222    223    223
    224    228    222    223    223
    231    227    226    226    220
    231    227    226    226    231

    202    204    204    204    202
    200    202    192    193    193
    200    202    192    193    193
    200    203    196    199    198
    200    203    196    199    202

    197    197    195    195    194
    191    196    187    192    190
    191    196    187    192    190
    194    196    190    196    190
    194    196    190    196    197

    181    180    178    178    178
    175    180    172    171    173
    175    180    172    171    173
    176    177    174    174    176
    176    177    174    174    179

    139    139    138    138    135
    133    139    130    132    134
    133    139    130    132    134
    138    138    136    133    133
    138    138    136    133    141

    149    148    146    146    147
    143    147    141    140    143
    143    147    141    140    143
    145    147    143    145    145
    145    147    143    145    148

    165    167    159    159    164
    158    166    153    158    159
    158    166    153    158    159
    161    164    160    160    158
    161    164    160    160    167

    165    166    163    163    163
    160    166    154    157    160
    160    166    154    157    160
    160    165    159    159    159
    160    165    159    159    166

     99    104     98     98     99
     96    101     94     95     95
     96    101     94     95     95
     97     99     96     95     96
     97     99     96     95     99

    132    132    128    128    131
    125    132    121    124    125
    125    132    121    124    125
    128    132    125    127    128
    128    132    125    127    128

    139    137    137    137    137
    133    140    130    130    133
    133    140    130    130    133
    134    137    132    132    133
    134    137    132    132    136

    128    125    123    123    125
    117    129    117    117    123
    117    129    117    117    123
    120    128    119    123    123
    120    128    119    123    122

    119    118    112    112    115
    114    120    109    110    114
    114    120    109    110    114
    112    119    113    114    115
    112    119    113    114    115

    108    109    104    104    106
    103    109     99     97    103
    103    109     99     97    103
    101    109    103    102    103
    101    109    103    102    104

     84     85     81     81     82
     82     88     78     78     83
     82     88     78     78     83
     80     85     80     82     83
     80     85     80     82     82

     85     86     83     83     85
     83     86     77     81     84
     83     86     77     81     84
     82     86     82     84     85
     82     86     82     84     84

     92     94     88     88     91
     86     92     84     84     90
     86     92     84     84     90
     87     91     87     87     87
     87     91     87     87     89

     97     98     95     95     95
     94    102     90     88     98
     94    102     90     88     98
     91     97     93     95     93
     91     97     93     95     92

     91     93     87     87     92
     88     96     84     83     91
     88     96     84     83     91
     85     91     87     87     89
     85     91     87     87     89

     90     90     86     86     91
     85     94     80     82     90
     85     94     80     82     90
     83     92     84     85     88
     83     92     84     85     87

     86     86     80     80     84
     81     89     77     78     83
     81     89     77     78     83
     80     83     78     81     83
     80     83     78     81     80

     81     81     75     75     77
     74     82     72     72     79
     74     82     72     72     79
     76     81     76     77     79
     76     81     76     77     76

     61     62     59     59     62
     60     64     56     57     60
     60     64     56     57     60
     57     64     59     60     60
     57     64     59     60     59

     53     53     50     50     52
     49     53     46     46     50
     49     53     46     46     50
     48     52     49     51     51
     48     52     49     51     51

     47     47     46     46     46
     45     50     40     42     46
     45     50     40     42     46
     44     48     44     44     46
     44     48     44     44     45

     42     44     41     41     42
     41     45     37     38     40
     41     45     37     38     40
     40     42     40     40     40
     40     42     40     40     40

     28     28     30     30     26
     25     32     22     23     26
     25     32     22     23     26
     27     26     25     27     25
     27     26     25     27     25

     16     18     17     17     16
     16     21     16     15     17
     16     21     16     15     17
     15     17     18     17     16
     15     17     18     17     15

     21     22     20     20     21
     18     21     19     18     19
     18     21     19     18     19
     18     19     18     20     20
     18     19     18     20     19

     36     36     33     33     34
     33     36     31     30     35
     33     36     31     30     35
     33     36     34     34     36
     33     36     34     34     35

     42     43     39     39     42
     40     44     36     37     42
     40     44     36     37     42
     37     41     39     40     40
     37     41     39     40     40

     50     49     45     45     48
     46     53     42     42     49
     46     53     42     42     49
     45     49     46     47     47
     45     49     46     47     48

     52     53     48     48     54
     49     57     45     44     52
     49     57     45     44     52
     46     54     50     50     51
     46     54     50     50     51

     53     53     48     48     48
     47     53     44     44     51
     47     53     44     44     51
     45     52     48     50     50
     45     52     48     50     47

     51     52     48     48     50
     48     53     43     44     49
     48     53     43     44     49
     45     52     47     48     49
     45     52     47     48     48

     50     52     45     45     47
     44     52     42     42     49
     44     52     42     42     49
     43     51     47     46     48
     43     51     47     46     47

     46     46     42     42     44
     42     49     39     40     45
     42     49     39     40     45
     40     47     42     44     43
     40     47     42     44     43

     45     46     42     42     44
     43     48     38     39     44
     43     48     38     39     44
     39     47     43     42     44
     39     47     43     42     43

     42     43     39     39     40
     40     45     36     35     42
     40     45     36     35     42
     36     44     40     41     40
     36     44     40     41     39

     41     41     38     38     41
     39     43     34     36     41
     39     43     34     36     41
     35     42     39     39     40
     35     42     39     39     38

     38     39     34     34     37
     35     41     31     31     37
     35     41     31     31     37
     31     39     36     35     37
     31     39     36     35     35

     34     35     32     32     33
     32     38     29     29     34
     32     38     29     29     34
     28     36     33     32     34
     28     36     33     32     32

     31     32     29     29     30
     29     35     26     27     32
     29     35     26     27     32
     26     33     29     29     30
     26     33     29     29     30

     23     25     23     23     24
     22     27     20     21     24
     22     27     20     21     24
     20     24     23     22     22
     20     24     23     22     22

     16     14     14     14     15
     11     16     12     12     15
     11     16     12     12     15
     13     15     14     14     14
     13     15     14     14     13

      5      5      6      6      5
      5      6      3      5      5
      5      6      3      5      5
      4      5      4      4      5
      4      5      4      4      4

      4      5      5      5      5
      4      6      3      3      4
      4      6      3      3      4
      4      4      3      4      4
      4      4      3      4      4

      5      6      6      6      6
      5      7      4      5      4
      5      7      4      5      4
      4      6      4      6      6
      4      6      4      6      6

      5      6      5      5      5
      5      8      5      4      6
      5      8      5      4      6
      4      5      7      5      5
      4      5      7      5      6

      9      9      9      9      8
      8     11      7      7      7
      8     11      7      7      7
      7      9      8      8      9
      7      9      8      8      9

     15     16     14     14     15
     13     19     12     13     15
     13     19     12     13     15
     13     16     14     15     15
     13     16     14     15     15

     19     19     17     17     19
     17     21     15     15     18
     17     21     15     15     18
     15     20     18     17     18
     15     20     18     17     18

     16     17     14     14     17
     16     19     14     13     17
     16     19     14     13     17
     15     20     17     17     16
     15     20     17     17     17

     19     18     16     16     19
     16     21     15     15     17
     16     21     15     15     17
     15     19     17     17     16
     15     19     17     17     17

     17     17     14     14     16
     14     19     13     12     16
     14     19     13     12     16
     12     16     15     14     15
     12     16     15     14     15

     18     18     16     16     18
     16     19     14     13     16
     16     19     14     13     16
     14     20     17     16     18
     14     20     17     16     16

     20     19     17     17     18
     17     21     14     15     18
     17     21     14     15     18
     15     19     17     17     17
     15     19     17     17     16

     20     22     18     18     19
     19     24     15     16     19
     19     24     15     16     19
     16     22     18     19     20
     16     22     18     19     19

     19     21     18     18     20
     18     21     16     16     20
     18     21     16     16     20
     16     19     18     18     19
     16     19     18     18     17

     20     18     16     16     18
     16     21     15     14     19
     16     21     15     14     19
     14     20     17     17     17
     14     20     17     17     17

     17     16     15     15     17
     15     19     12     14     17
     15     19     12     14     17
     13     18     15     16     15
     13     18     15     16     14

     20     18     16     16     18
     16     21     15     14     19
     16     21     15     14     19
     14     20     17     17     17
     14     20     17     17     17

     19     15     18     18     15
     19     14     18     17     18
     19     14     18     17     18
     15     14     20     16     17
     15     14     20     16     18

     16     15     17     17     14
     18     12     16     15     12
     18     12     16     15     12
     17     14     15     19     16
     17     14     15     19     17

     19     13     18     18     16
     15     15     12     14     12
     15     15     12     14     12
     15     16     15     11     10
     15     16     15     11     15

     15     14     21     21     16
     17     14     14     12     12
     17     14     14     12     12
     17     16     17     11     17
     17     16     17     11     17

     13     14     16     16     13
     15     14     14     11     16
     15     14     14     11     16
     10     14     13     10     13
     10     14     13     10     13

     13     10     11     11     12
     11     10      8      9      9
     11     10      8      9      9
     11     13     13      9     10
     11     13     13      9     12

     -5      9      6      6     23
     22     15     14     27     12
     22     15     14     27     12
     19     21     23     13     20
     19     21     23     13     20

      5      5      7      7      5
      5      6      5      3      6
      5      6      5      3      6
      4      5      6      6      6
      4      5      6      6      7

      5      4      3      3      4
      3      3      2      4      4
      3      3      2      4      4
      0      2      3      1      4
      0      2      3      1      5

      3      0      1      1      1
      1      0      0      0      1
      1      0      0      0      1
      0      0      2     -1      0
      0      0      2     -1      1

      0      0      0      0      1
      0      1      0      0      1
      0      1      0      0      1
     -2      0      2     -1      0
     -2      0      2     -1      0

      0     -1      0      0      1
      1      2      0      0      0
      1      2      0      0      0
      0      0      0      0      3
      0      0      0      0      2

      1      0      1      1      0
      0     -1      0      0      0
      0     -1      0      0      0
      0      1      0      0      0
      0      1      0      0      2

      4      2      1      1      0
      6      5      3      2      3
      6      5      3      2      3
     -2      1      1     -5      0
     -2      1      1     -5      0

      0      3      3      3      0
      3     -1      0     -2      1
      3     -1      0     -2      1
     -1      2      1     -3      0
     -1      2      1     -3      1

      0      1      3      3      0
      1     -1      0      0      0
      1     -1      0      0      0
      1      0      1      1      0
      1      0      1      1      1

      0      1      3      3      3
      3      1      1      1     -1
      3      1      1      1     -1
      1      0      1      0      1
      1      0      1      0     -1

      0      1      0      0      1
      2      2      1      0      0
      2      2      1      0      0
     -1      1      0     -1      3
     -1      1      0     -1      2

      1      2      4      4      1
      3      3      1      0      0
      3      3      1      0      0
      0      0      1      0      3
      0      0      1      0      0

      3      3      5      5      5
      4      2      1      2      4
      4      2      1      2      4
      2      1      4      1      3
      2      1      4      1      4

      3      5      4      4      4
      6      4      4      4      4
      6      4      4      4      4
      5      4      6      0      2
      5      4      6      0      5

      3      4      5      5      1
      4      4      1      1      5
      4      4      1      1      5
      5      1      3      1      3
      5      1      3      1      3

      8      5      4      4      4
      5      4      4      5      5
      5      4      4      5      5
      6      3      5      2      4
      6      3      5      2      4

      6      8      6      6      7
     12      7      8      7      9
     12      7      8      7      9
      8      8      8      4      7
      8      8      8      4      9

     10     13     11     11     10
     14      9     10      9     10
     14      9     10      9     10
     10      8      9     10     10
     10      8      9     10     12

     14     13     12     12     13
     13     14     13     10     11
     13     14     13     10     11
     12     13     12     13     11
     12     13     12     13     14

     15     15     13     13     14
     15     14     14     14     14
     15     14     14     14     14
     12     14     14     11     13
     12     14     14     11     15

     13     16     17     17     14
     16     14     13     13     13
     16     14     13     13     13
     13     12     13     13     14
     13     12     13     13     14

     18     18     17     17     17
     15     13     13     17     14
     15     13     13     17     14
     15     15     13     18     18
     15     15     13     18     17

     14     16     16     16     16
     16     16     14     13     14
     16     16     14     13     14
     14     13     16     13     17
     14     13     16     13     16

     14     14     15     15     15
     13     13     15     13     14
     13     13     15     13     14
     13     12     15     14     14
     13     12     15     14     14

     14     15     14     14     13
     14     12     12     11     13
     14     12     12     11     13
      9     13     12     11     12
      9     13     12     11     13

     12     12     14     14     14
     15     12     12     12     14
     15     12     12     12     14
     12     12     14     10     11
     12     12     14     10     15

     13     14     13     13     11
     16     12     12     12     13
     16     12     12     12     13
     11     14     13     11     13
     11     14     13     11     15

     11     11     13     13     13
     14     11     12     11     11
     14     11     12     11     11
     13     12     12     10     12
     13     12     12     10     13

     13     10     11     11     10
     13     11     11     11     10
     13     11     11     11     10
     11      9     13     10     12
     11      9     13     10     14

     12     12     13     13     12
     13     11     11     12     13
     13     11     11     12     13
     13     11     14     11     12
     13     11     14     11     13

     12     13     12     12     11
     13     11     15     11     12
     13     11     15     11     12
      9     11     12     12     13
      9     11     12     12     13

     11     13      9      9     10
     12     10     10     11     11
     12     10     10     11     11
      9     12      9     11     12
      9     12      9     11     12

     12     13     11     11      9
     11      9     11      9     11
     11      9     11      9     11
     10     11     10      9     11
     10     11     10      9     12

     10     10     11     11     10
     12     10     10      9     11
     12     10     10      9     11
      9     10      9     10     11
      9     10      9     10     10

      8     10     11     11      9
      9     10      9     10     10
      9     10      9     10     10
      9      9     10      9      9
      9      9     10      9     12

      9     11     10     10     10
     11      9     10      9     12
     11      9     10      9     12
     10     11     11      6      9
     10     11     11      6     10

      9     10     10     10     10
     11     10      8      8     10
     11     10      8      8     10
      8      9     10      8     11
      8      9     10      8      9

      8      8     10     10      6
      9     10      8      6     10
      9     10      8      6     10
     10      7     10      7      8
     10      7     10      7      8

      7      8      8      8      7
      8      7      7      7      6
      8      7      7      7      6
      8      9      8      8      8
      8      9      8      8      9

      8      8      7      7      8
      7      6      8      6      6
      7      6      8      6      6
      9      8      8      5      6
      9      8      8      5      7

      6      5      9      9      6
      7      5      7      6      9
      7      5      7      6      9
      5      6      8      5      8
      5      6      8      5      6

      8      7      7      7      8
      6      4      4      6      7
      6      4      4      6      7
      5      5      9      7      8
      5      5      9      7      7

      8      6      8      8      6
      6      5      5      4      6
      6      5      5      4      6
      7      5      8      5      6
      7      5      8      5      6

      6      6      6      6      7
      6      6      3      5      5
      6      6      3      5      5
      5      5      6      4      4
      5      5      6      4      6

      5      7      4      4      3
      5      5      3      2      4
      5      5      3      2      4
      4      5      4      4      3
      4      5      4      4      5

      5      4      2      2      4
      3      2      2      2      2
      3      2      2      2      2
      3      3      4      2      2
      3      3      4      2      3

      4      3      2      2      3
      1      1      0      0      1
      1      1      0      0      1
      2      3      2      0      1
      2      3      2      0      1

      1      1      1      1      1
      1      1      0      1      0
      1      1      0      1      0
      1      3      2      0      0
      1      3      2      0      0

     -1      0      2      2      0
      0      0      0     -2      0
      0      0      0     -2      0
      0      0      0      0      0
      0      0      0      0      2

      0      2      0      0     -1
      1      1      0      0      0
      1      1      0      0      0
      0      0      1     -1      0
      0      0      1     -1      1

      0      2      3      3      0
      0      0      1     -1      0
      0      0      1     -1      0
      1      0      1     -1      0
      1      0      1     -1     -1

      1     -1      0      0      0
      0      0      0      0      1
      0      0      0      0      1
      0      0      2     -1      0
      0      0      2     -1      0

      0      1      0      0      0
      1      1      1     -2      0
      1      1      1     -2      0
      1      0      2      0      0
      1      0      2      0      1

      0      0      0      0      2
      0      0      0     -1     -1
      0      0      0     -1     -1
      0     -1      0     -2      0
      0     -1      0     -2      2

      0      0      0      0      1
      1      0      0     -1      0
      1      0      0     -1      0
      1     -2      0     -1      2
      1     -2      0     -1      0

      1      0      1      1      1
      1     -1      0      1      0
      1     -1      0      1      0
      0      1      1     -2     -1
      0      1      1     -2      0

      0      0      0      0      1
      0      0     -1      0      0
      0      0     -1      0      0
      1      0      2      0      0
      1      0      2      0      0

      0      1      0      0      2
      0      0      0      0      0
      0      0      0      0      0
      0      0      0     -1     -1
      0      0      0     -1      1

      1      0      0      0      3
      0      1      0      1      0
      0      1      0      1      0
      0      1      1      0      0
      0      1      1      0      0

      0     -1      1      1      1
      0      1     -1     -1      0
      0      1     -1     -1      0
      0     -1      1      1      0
      0     -1      1      1      0

      0     -2      0      0      0
     -1      0      0      0      0
     -1      0      0      0      0
      0      0     -1      0      0
      0      0     -1      0      0

      0      0      1      1      0
      2      1      0      0      0
      2      1      0      0      0
      0      0      0      0     -1
      0      0      0      0      0

      0      0      0      0      2
      0     -1     -1      0      0
      0     -1     -1      0      0
     -1      1      0      0      0
     -1      1      0      0      0

     -1      0      3      3      1
      0      0     -1     -1      0
      0      0     -1     -1      0
      0      0      1      0      0
      0      0      1      0      1

      0      0      1      1      0
      0      1     -1      0      0
      0      1     -1      0      0
      0      0      0      0      0
      0      0      0      0      0

     -1      0      1      1      1
      0      1     -1      0     -2
      0      1     -1      0     -2
      0      0      0      1      1
      0      0      0      1      0

      1      2      1      1      1
      2      1      0      1      1
      2      1      0      1      1
      1      3      2      1      0
      1      3      2      1      1

      2      3      4      4      4
      2      4      2      3      2
      2      4      2      3      2
      2      1      4      4      3
      2      1      4      4      2

      4      4      4      4      5
      3      4      3      3      3
      3      4      3      3      3
      3      2      4      3      1
      3      2      4      3      3

      3      2      2      2      2
      1      2      1      4      2
      1      2      1      4      2
      1      3      4      1      2
      1      3      4      1      2

      2      0      2      2      2
      1      0      0      1      1
      1      0      0      1      1
      0      1      1      1      1
      0      1      1      1      2

      1      1      2      2      2
      1      0      1      1      0
      1      0      1      1      0
      1      1      1      1      0
      1      1      1      1      0

      3      3      4      4      5
      2      4      2      3      3
      2      4      2      3      3
      3      3      5      3      3
      3      3      5      3      3

      5      3      6      6      6
      4      4      3      5      5
      4      4      3      5      5
      4      4      7      4      4
      4      4      7      4      5

      4      4      6      6      7
      4      5      2      4      4
      4      5      2      4      4
      4      4      4      5      4
      4      4      4      5      5

      2      2      3      3      6
      3      3      2      3      3
      3      3      2      3      3
      3      3      4      2      2
      3      3      4      2      3

      4      2      4      4      3
      3      4      2      3      2
      3      4      2      3      2
      5      3      3      2      2
      5      3      3      2      3

      5      5      4      4      6
      4      5      3      5      7
      4      5      3      5      7
      6      4      4      3      3
      6      4      4      3      4

      5      4      5      5      6
      5      5      4      4      5
      5      5      4      4      5
      5      5      5      5      4
      5      5      5      5      5

      5      5      5      5      6
      5      6      4      4      7
      5      6      4      4      7
      5      3      7      5      4
      5      3      7      5      6

      3      3      6      6      7
      3      4      4      3      6
      3      4      4      3      6
      5      4      5      5      5
      5      4      5      5      4

      5      4      4      4      6
      5      3      4      4      6
      5      3      4      4      6
      5      5      4      5      4
      5      5      4      5      4

      5      4      4      4      5
      3      5      4      3      4
      3      5      4      3      4
      5      4      4      5      4
      5      4      4      5      4

      5      4      5      5      5
      7      6      4      5      5
      7      6      4      5      5
      5      5      5      5      4
      5      5      5      5      4

      5      4      5      5      5
      3      4      4      5      5
      3      4      4      5      5
      3      3      4      4      3
      3      3      4      4      5

      4      3      5      5      5
      4      5      3      4      3
      4      5      3      4      3
      4      4      4      5      5
      4      4      4      5      4

      4      3      4      4      6
      4      5      2      3      3
      4      5      2      3      3
      4      5      4      3      3
      4      5      4      3      4

      5      3      3      3      5
      3      5      2      4      2
      3      5      2      4      2
      2      3      6      3      4
      2      3      6      3      3

      3      4      4      4      5
      2      4      2      3      4
      2      4      2      3      4
      2      3      5      1      5
      2      3      5      1      3

      3      1      5      5      5
      5      3      3      4      3
      5      3      3      4      3
      3      3      4      3      3
      3      3      4      3      3

      4      3      4      4      6
      5      3      3      5      3
      5      3      3      5      3
      4      2      6      3      4
      4      2      6      3      3

      5      4      4      4      4
      5      4      4      4      3
      5      4      4      4      3
      3      4      6      2      2
      3      4      6      2      3

      4      5      5      5      5
      3      3      3      4      4
      3      3      3      4      4
      4      5      4      3      3
      4      5      4      3      3

      4      3      5      5      4
      4      3      3      4      4
      4      3      3      4      4
      2      2      3      5      5
      2      2      3      5      3

      3      2      4      4      5
      4      3      3      5      3
      4      3      3      5      3
      5      4      4      2      2
      5      4      4      2      3

      3      2      5      5      5
      3      3      3      3      3
      3      3      3      3      3
      2      2      4      3      4
      2      2      4      3      2

      3      3      4      4      6
      2      2      2      1      4
      2      2      2      1      4
      2      1      3      2      1
      2      1      3      2      3

      1      3      3      3      4
      1      1      1      4      3
      1      1      1      4      3
      3      2      5      1      4
      3      2      5      1      2

      2      2      3      3      3
      4      2      2      3      3
      4      2      2      3      3
      2      3      5      1      1
      2      3      5      1      2

      0      2      4      4      4
      1      3      0      3      2
      1      3      0      3      2
      3      1      1      0      2
      3      1      1      0      1

      0      3      4      4      4
      1      2      3      2      1
      1      2      3      2      1
      3      1      3      2      2
      3      1      3      2      2

      0      2      4      4      2
      1      2      1      2      1
      1      2      1      2      1
      3      1      3      2      3
      3      1      3      2      1

      2      2      2      2      1
      0      4      2      3      0
      0      4      2      3      0
      0      2      3      4      3
      0      2      3      4      3

      1      3      3      3      3
      3      1      0      2      3
      3      1      0      2      3
      3      4      3      3      3
      3      4      3      3      3

      1      0      1      1      2
      1      3      0      0      2
      1      3      0      0      2
      2      1      2      1      3
      2      1      2      1      1

      1      1      0      0      2
      1      3      1      3      1
      1      3      1      3      1
      2      2      3      0      1
      2      2      3      0      0

      0      1      0      0      2
      0      1     -2      2      2
      0      1     -2      2      2
      2      2      0      0      2
      2      2      0      0      0

      1      1      1      1      2
      1      3      1      0      1
      1      3      1      0      1
      2      1      4      2      1
      2      1      4      2      2

      0      0      2      2      3
      2      0      0      3      1
      2      0      0      3      1
      0      2      2     -1      0
      0      2      2     -1      0

      0      1      0      0      2
      0      0      1      0      0
      0      0      1      0      0
      1      0      1     -1     -1
      1      0      1     -1      0

      0      0      2      2      2
      2     -2      0      0     -1
      2     -2      0      0     -1
      1      0      1      0      2
      1      0      1      0      0

     -2      1      1      1      4
     -1      0      0      1      0
     -1      0      0      1      0
      0      0      2     -1      0
      0      0      2     -1     -2

     -1      0      2      2      1
      1     -1      0      0      0
      1     -1      0      0      0
      0      0      1      0      1
      0      0      1      0      2

      0      0      2      2      3
      0      0      3      1      0
      0      0      3      1      0
      0      0      4      2      1
      0      0      4      2      0

     -1      1      0      0      0
     -1      0     -1      1      0
     -1      0     -1      1      0
      0      0      0      0      0
      0      0      0      0      0

      0      1      0      0      0
      0      0     -1      1      0
      0      0     -1      1      0
     -1      0      0     -4      3
     -1      0      0     -4     -2

      0      0      0      0      1
      1      0     -2      0      1
      1      0     -2      0      1
      1     -1      0      0      2
      1     -1      0      0      1

      0      0      2      2      0
      1      0     -1      1      0
      1      0     -1      1      0
      0     -2      0      0      0
      0     -2      0      0      0

      2     -3      0      0      1
      0      0     -2      1      1
      0      0     -2      1      1
      0     -1      0     -2      0
      0     -1      0     -2     -2

      1      1     -1     -1      1
      0      0      0     -1      0
      0      0      0     -1      0
     -1      1     -3      0      0
     -1      1     -3      0      1

