;
; ENVI ASCII Output of file: E:\Imaging\ROI_AVIRIS\5_2_3.img [Fri Nov 17 11:59:37 2017]
; File Dimensions: 5 samples x 5 lines x 224 bands
; Line Format    : (5i7)
;
    497    501    494    494    526
    510    504    495    495    496
    510    483    488    511    511
    479    483    488    488    511
    501    492    522    496    503

    599    611    593    593    605
    601    587    599    599    594
    601    591    604    606    606
    615    591    604    604    606
    595    596    598    607    604

    659    660    652    652    663
    644    649    650    650    650
    644    645    652    660    660
    654    645    652    652    660
    648    642    656    648    666

    837    837    821    821    850
    835    825    839    839    834
    835    841    846    842    842
    828    841    846    846    842
    832    841    838    839    834

   1244   1230   1235   1235   1237
   1233   1220   1239   1239   1217
   1233   1222   1231   1230   1230
   1229   1222   1231   1231   1230
   1233   1224   1224   1229   1231

   1293   1284   1294   1294   1304
   1299   1296   1293   1293   1286
   1299   1287   1298   1287   1287
   1309   1287   1298   1298   1287
   1284   1301   1292   1286   1300

   1226   1219   1217   1217   1231
   1221   1229   1221   1221   1225
   1221   1212   1216   1209   1209
   1226   1212   1216   1216   1209
   1219   1227   1223   1208   1220

   1133   1127   1122   1122   1143
   1132   1121   1131   1131   1118
   1132   1114   1121   1118   1118
   1136   1114   1121   1121   1118
   1117   1127   1120   1131   1125

   1231   1218   1221   1221   1235
   1231   1212   1215   1215   1210
   1231   1215   1212   1217   1217
   1223   1215   1212   1212   1217
   1228   1230   1216   1214   1209

   1245   1236   1250   1250   1256
   1244   1237   1246   1246   1245
   1244   1229   1223   1232   1232
   1251   1229   1223   1223   1232
   1252   1240   1235   1238   1236

   1209   1204   1202   1202   1225
   1221   1203   1203   1203   1206
   1221   1185   1203   1194   1194
   1218   1185   1203   1203   1194
   1210   1206   1208   1202   1201

   1143   1129   1139   1139   1144
   1139   1124   1124   1124   1129
   1139   1117   1114   1119   1119
   1147   1117   1114   1114   1119
   1133   1131   1126   1127   1127

   1072   1059   1067   1067   1081
   1073   1067   1058   1058   1063
   1073   1052   1051   1050   1050
   1081   1052   1051   1051   1050
   1070   1068   1060   1062   1057

    970    960    964    964    978
    968    957    956    956    961
    968    943    943    947    947
    965    943    943    943    947
    961    963    953    948    947

    872    867    867    867    885
    876    865    865    865    862
    876    849    848    857    857
    875    849    848    848    857
    870    868    858    863    857

    767    760    765    765    775
    773    756    760    760    769
    773    758    750    757    757
    774    758    750    750    757
    769    765    755    760    757

    679    675    679    679    685
    681    670    667    667    671
    681    663    659    662    662
    676    663    659    659    662
    670    673    667    668    668

    645    641    647    647    649
    647    638    635    635    636
    647    628    626    629    629
    642    628    626    626    629
    637    640    632    632    635

    611    606    614    614    612
    611    605    603    603    600
    611    592    591    595    595
    607    592    591    591    595
    603    605    596    595    601

    570    568    564    564    574
    569    561    562    562    564
    569    557    553    555    555
    565    557    553    553    555
    562    564    557    560    554

    522    518    519    519    524
    525    519    521    521    522
    525    507    506    503    503
    521    507    506    506    503
    516    519    509    509    514

    482    477    474    474    482
    483    480    478    478    478
    483    469    462    467    467
    476    469    462    462    467
    474    474    468    470    468

    447    443    444    444    446
    447    440    439    439    441
    447    430    432    432    432
    443    430    432    432    432
    437    438    434    438    434

    397    394    395    395    395
    396    392    395    395    387
    396    381    385    382    382
    395    381    385    385    382
    386    387    385    382    382

    374    363    364    364    370
    370    371    370    370    360
    370    360    358    356    356
    368    360    358    358    356
    364    362    358    358    357

    358    353    353    353    356
    360    354    353    353    351
    360    344    345    346    346
    355    344    345    345    346
    347    349    349    344    345

    332    332    328    328    330
    331    330    330    330    327
    331    322    322    326    326
    331    322    322    322    326
    327    324    321    321    320

    306    304    307    307    305
    310    304    307    307    299
    310    296    296    299    299
    305    296    296    296    299
    301    298    295    298    297

    293    294    288    288    292
    292    295    292    292    288
    292    283    283    283    283
    293    283    283    283    283
    289    286    284    283    282

    273    266    266    266    268
    273    270    270    270    267
    273    262    262    262    262
    266    262    262    262    262
    262    266    259    258    259

    254    253    254    254    251
    256    253    256    256    251
    256    249    251    247    247
    256    249    251    251    247
    250    248    246    250    245

    250    251    248    248    247
    247    251    252    252    246
    247    244    242    246    246
    248    244    242    242    246
    247    242    242    243    244

    250    248    249    249    245
    245    253    246    246    241
    245    242    237    246    246
    246    242    237    237    246
    247    244    241    239    244

    250    252    248    248    247
    247    251    251    251    247
    247    244    243    245    245
    248    244    243    243    245
    248    243    242    244    243

    236    234    233    233    227
    229    234    227    227    228
    229    230    223    228    228
    230    230    223    223    228
    230    225    225    224    224

    205    209    203    203    201
    201    206    202    202    202
    201    200    196    202    202
    203    200    196    196    202
    204    202    202    201    199

    181    186    181    181    177
    179    185    176    176    179
    179    178    172    177    177
    181    178    172    172    177
    180    176    177    177    174

    176    178    175    175    170
    174    175    171    171    172
    174    171    171    167    167
    174    171    171    171    167
    175    173    171    171    167

    159    162    158    158    156
    159    161    154    154    159
    159    155    154    153    153
    157    155    154    154    153
    159    158    158    155    151

    122    127    124    124    119
    119    126    121    121    124
    119    119    121    120    120
    123    119    121    121    120
    125    122    121    120    116

    132    136    133    133    128
    130    133    127    127    132
    130    129    128    129    129
    131    129    128    128    129
    132    132    131    129    123

    145    150    144    144    140
    141    145    139    139    146
    141    139    141    135    135
    145    139    141    141    135
    145    144    143    144    133

    144    154    144    144    138
    142    144    140    140    149
    142    144    142    137    137
    147    144    142    142    137
    148    148    147    144    135

     88     93     89     89     84
     86     89     82     82     89
     86     85     84     84     84
     88     85     84     84     84
     87     89     87     87     79

    111    119    113    113    109
    111    114    106    106    117
    111    111    111    107    107
    113    111    111    111    107
    115    117    115    113    103

    120    129    118    118    115
    117    121    110    110    123
    117    116    118    113    113
    119    116    118    118    113
    118    123    119    117    109

    108    116    108    108    104
    105    109    103    103    113
    105    106    108    103    103
    109    106    108    108    103
    111    112    110    109    102

    100    107    100    100     98
     98    103     95     95    105
     98    100    100     94     94
    101    100    100    100     94
    103    105    102    102     93

     92    100     93     93     88
     92     94     86     86     96
     92     91     91     86     86
     92     91     91     91     86
     96     94     96     94     86

     73     78     72     72     71
     73     75     67     67     77
     73     71     74     70     70
     75     71     74     74     70
     76     76     73     74     67

     75     81     76     76     71
     73     76     68     68     78
     73     73     75     68     68
     74     73     75     75     68
     76     79     76     75     66

     79     85     78     78     76
     76     80     72     72     84
     76     78     78     73     73
     78     78     78     78     73
     80     84     79     82     71

     81     90     83     83     79
     81     85     77     77     89
     81     79     84     78     78
     81     79     84     84     78
     87     87     86     87     76

     78     86     77     77     74
     77     80     69     69     83
     77     77     79     71     71
     79     77     79     79     71
     80     83     81     81     70

     73     84     76     76     74
     75     76     70     70     80
     75     73     79     67     67
     76     73     79     79     67
     80     80     80     79     70

     70     81     73     73     69
     70     71     66     66     74
     70     69     72     65     65
     72     69     72     72     65
     74     77     76     75     65

     68     75     70     70     64
     67     67     61     61     72
     67     66     71     61     61
     69     66     71     71     61
     72     73     73     72     61

     53     60     52     52     50
     51     53     47     47     56
     51     50     54     48     48
     55     50     54     54     48
     55     56     57     55     49

     45     49     47     47     44
     45     48     39     39     49
     45     43     47     39     39
     45     43     47     47     39
     45     48     48     48     40

     40     46     42     42     36
     40     41     36     36     42
     40     40     44     37     37
     41     40     44     44     37
     44     44     43     42     36

     35     43     36     36     36
     34     36     31     31     39
     34     34     37     32     32
     39     34     37     37     32
     40     41     40     38     33

     26     29     26     26     21
     26     20     20     20     24
     26     24     28     21     21
     23     24     28     28     21
     27     25     26     25     20

     16     18     17     17     15
     14     15     14     14     19
     14     16     17     15     15
     16     16     17     17     15
     17     17     18     18     14

     18     20     18     18     16
     18     17     15     15     19
     18     17     20     16     16
     17     17     20     20     16
     21     18     19     18     16

     31     34     31     31     27
     31     29     25     25     34
     31     29     31     26     26
     31     29     31     31     26
     34     34     32     33     28

     34     39     35     35     31
     34     34     31     31     38
     34     34     38     29     29
     36     34     38     38     29
     37     38     37     37     31

     40     46     40     40     38
     38     40     34     34     47
     38     39     43     35     35
     40     39     43     43     35
     43     46     43     42     35

     42     49     43     43     39
     41     43     38     38     46
     41     42     46     36     36
     43     42     46     46     36
     45     49     47     46     38

     42     47     42     42     39
     41     42     35     35     46
     41     40     44     35     35
     42     40     44     44     35
     46     48     44     44     35

     40     47     42     42     37
     39     41     35     35     46
     39     40     43     35     35
     42     40     43     43     35
     45     46     46     45     38

     38     47     40     40     37
     38     40     34     34     45
     38     38     42     33     33
     41     38     42     42     33
     43     45     44     43     34

     37     43     38     38     35
     36     37     31     31     41
     36     36     40     30     30
     37     36     40     40     30
     40     43     42     40     32

     37     41     37     37     33
     35     36     31     31     42
     35     35     40     30     30
     38     35     40     40     30
     39     41     40     40     32

     34     41     33     33     32
     33     34     29     29     38
     33     33     36     28     28
     35     33     36     36     28
     37     41     40     37     29

     32     40     33     33     31
     33     33     28     28     38
     33     33     35     28     28
     34     33     35     35     28
     38     40     37     37     28

     30     38     31     31     28
     28     31     25     25     35
     28     28     32     24     24
     31     28     32     32     24
     33     35     34     33     26

     27     34     28     28     26
     26     28     23     23     32
     26     27     30     22     22
     29     27     30     30     22
     31     32     32     31     24

     25     31     26     26     24
     24     25     21     21     29
     24     25     28     21     21
     26     25     28     28     21
     28     30     29     28     23

     20     23     20     20     18
     20     20     16     16     22
     20     18     21     16     16
     21     18     21     21     16
     22     23     21     21     16

     11     14     12     12     10
     12     12      8      8     14
     12     12     13      9      9
     12     12     13     13      9
     14     15     12     14     10

      5      6      5      5      5
      5      4      3      3      5
      5      3      5      3      3
      5      3      5      5      3
      5      4      7      5      4

      3      4      5      5      4
      4      3      2      2      5
      4      4      5      3      3
      4      4      5      5      3
      5      4      5      4      3

      5      8      4      4      4
      5      4      3      3      8
      5      3      6      4      4
      6      3      6      6      4
      5      6      7      5      5

      5      6      6      6      5
      5      5      3      3      8
      5      5      5      3      3
      5      5      5      5      3
      5      6      6      6      4

      8      9      7      7      8
      7      7      6      6      9
      7      7      8      5      5
      9      7      8      8      5
      9     10      9      8      6

     13     15     13     13     11
     11     12     10     10     15
     11     11     14     10     10
     13     11     14     14     10
     14     15     14     14     10

     15     19     15     15     14
     15     16     11     11     17
     15     14     16     11     11
     16     14     16     16     11
     16     18     19     18     11

     14     17     14     14     13
     14     14     10     10     16
     14     14     15     10     10
     15     14     15     15     10
     16     16     16     16     11

     14     19     14     14     13
     14     14     10     10     18
     14     13     15     11     11
     16     13     15     15     11
     15     17     16     17     12

     13     17     12     12     11
     12     12      9      9     14
     12     11     14      9      9
     12     11     14     14      9
     14     15     15     15      9

     13     17     14     14     13
     15     14     11     11     17
     15     14     14     10     10
     15     14     14     14     10
     16     17     18     16     11

     14     19     15     15     13
     15     15     10     10     17
     15     13     18      9      9
     16     13     18     18      9
     17     18     16     17     11

     16     21     15     15     14
     16     15     12     12     19
     16     15     17     11     11
     17     15     17     17     11
     18     19     18     18     12

     16     19     16     16     14
     16     16     11     11     18
     16     15     18     11     11
     16     15     18     18     11
     18     19     21     18     13

     14     18     15     15     13
     14     15     11     11     17
     14     14     15     11     11
     16     14     15     15     11
     18     18     17     18     12

     13     18     13     13     12
     13     13     10     10     16
     13     13     15      9      9
     14     13     15     15      9
     16     17     16     15     10

     14     19     15     15     13
     14     15     11     11     17
     14     14     15     10     10
     16     14     15     15     10
     18     18     17     18     11

     14     17     16     16     10
     16     14     13     13      9
     16     14     17      8      8
     14     14     17     17      8
      8     18     11     12     12

     14     16     14     14     16
     12     14     10     10     10
     12     13     15     15     15
     18     13     15     15     15
     14     12     12     15     14

     14     16     13     13     11
     17     14     14     14     12
     17     14     15     12     12
     12     14     15     15     12
     12     14     10     12     10

     13     15     17     17     11
     13     14     15     15     11
     13     14     14     14     14
     15     14     14     14     14
     15     13     15     15     13

     11     14     11     11     16
     12     13     13     13      9
     12     13     11     13     13
     12     13     11     11     13
     10     11     11     13      8

      8      9     14     14     12
      9     10      9      9      7
      9     10     10      8      8
     11     10     10     10      8
     10      8      8      9      9

      4      0      4      4      6
      5     12      2      2      2
      5     24     -2     -9     -9
      7     24     -2     -2     -9
     -5     -1     25     33     24

      4      7      5      5      3
      5      4      5      5      3
      5      4      6      5      5
      4      4      6      6      5
      4      4      5      4      4

      2      2      2      2      3
      4      1      3      3      0
      4      4      3      1      1
      4      4      3      3      1
      4      2      4      4      1

      1      1      0      0      0
      1      0      0      0      0
      1      1      2      0      0
      0      1      2      2      0
      0      1      0      3      0

      0      0      0      0      1
      0      0     -1     -1     -1
      0      0      0      1      1
      2      0      0      0      1
      0      0     -1     -1      0

      0      0      3      3      0
      1      1     -1     -1      0
      1      0      0     -2     -2
      1      0      0      0     -2
      1      2      0      1      2

      1      0     -1     -1     -1
      0      2      1      1      0
      0      1      2      0      0
      1      1      2      2      0
      1      0      1      0      0

      4     10     10     10      4
      4      3      1      1      2
      4      4      7      4      4
      3      4      7      7      4
      0      1      2      2      0

     -3      3      1      1      0
      1     -2      0      0     -1
      1      2      1      0      0
      2      2      1      1      0
      1      1      0      0      0

      1      3      1      1      0
      2      0      2      2     -1
      2      3      4      0      0
      2      3      4      4      0
      0      0      0      0     -2

      2      1      0      0      2
      1      2      1      1     -2
      1      1      2      0      0
      1      1      2      2      0
      2      1      0      0      0

      0      1      3      3      1
      3      2      1      1      0
      3      0      1      1      1
      1      0      1      1      1
      1      0      2      0      0

      3      4      0      0      0
      0      1      1      1      1
      0      3      3      0      0
      3      3      3      3      0
      1      1      3      3      0

      3      3      4      4      1
      1      0      3      3      0
      1      2      3      1      1
      3      2      3      3      1
      5      5      1      3      2

      3      4      6      6      2
      5      4      5      5      2
      5      3      4      5      5
      6      3      4      4      5
      3      0      4      4      4

      4      4      6      6      1
      2      2      2      2      2
      2      3      2      3      3
      3      3      2      2      3
      2      4      1      4      1

      3      4      3      3      3
      4      3      4      4      2
      4      3      2      4      4
      5      3      2      2      4
      4      2      2      4      1

      6      6      7      7      8
      7      7      7      7      7
      7      6      5      7      7
      7      6      5      5      7
      6      6      5      7      5

     10     11     11     11     11
      8      9      7      7      8
      8     11      9     10     10
     11     11      9      9     10
      9      6      8      8      7

      9     12     10     10     11
     11     10      9      9     10
     11     12     11      8      8
     11     12     11     11      8
     10     12      9     12      8

     11     13     13     13     12
     13     10     12     12      9
     13     12     12      9      9
     12     12     12     12      9
     10     12     13     11     11

     13     14     13     13     10
     12     11     11     11     10
     12     12     12     11     11
     14     12     12     12     11
     13     12     12     13     11

      9     16     13     13     11
     11     12     11     11     11
     11     10      9      9      9
      8     10      9      9      9
     14     13     13     12     11

     13     16     14     14     10
     14     14     13     13     13
     14     12     14     11     11
     14     12     14     14     11
     12     11     14     12     12

     10     13     14     14     10
     10     12     12     12     10
     10     13     12     11     11
     10     13     12     12     11
     11     10     12     12     10

     13     10     12     12     10
     11     11     11     11      9
     11     10     11     11     11
     12     10     11     11     11
     10     11     11     11     10

     11     12     11     11     11
     10     10     11     11     10
     10     11     11     11     11
     10     11     11     11     11
     10      9     11     10     10

     13     11     10     10     12
     12     11      8      8      9
     12     13     10      9      9
     11     13     10     10      9
     13     12     11     13     11

      9     12     10     10      9
     11     11     12     12      8
     11     12     11     10     10
      9     12     11     11     10
      8     10      9      9      9

      9     10      9      9      8
     11      9      8      8      8
     11     12      8      9      9
     11     12      8      8      9
     10      8     10      9      8

     11     11     10     10     10
     12      9      9      9      7
     12     11     10      9      9
     10     11     10     10      9
     11      9     11      9     10

     11     10     10     10     10
     10     11     11     11      9
     10     10     10      8      8
      9     10     10     10      8
     10      7      9     10      8

     11      9     10     10      8
     10      9      9      9      9
     10      8      9      9      9
     10      8      9      9      9
      9      7      9      9      8

      8     11      9      9     10
      8      8      9      9      7
      8      9     10      9      9
      8      9     10     10      9
      8      9      9      9      7

      8     10     10     10      8
      9      7      8      8      8
      9     10      9      8      8
      9     10      9      9      8
      9      9     10      9      7

      9      8      7      7      8
      8      8      7      7      7
      8      9     10      8      8
      8      9     10     10      8
      9      8      7      9      8

      8     10      9      9      9
     10      8      8      8      7
     10      9      7     10     10
     10      9      7      7     10
      8      9      8      8      8

      7      9      7      7      7
      8      9      9      9      7
      8      6      8      8      8
      9      6      8      8      8
      8      6      7      7      7

      8      7      8      8      6
     10      8      7      7      9
     10     10      6      7      7
      7     10      6      6      7
      7      8      8      7      7

      5      8      8      8      6
      8      6      7      7      6
      8      7      6      5      5
      6      7      6      6      5
      8      6      6      5      8

      8      8      7      7      6
      8      7      6      6      6
      8      6      7      5      5
      6      6      7      7      5
      6      6      6      5      5

      6      7      8      8      6
      6      7      4      4      4
      6      6      6      7      7
      8      6      6      6      7
      6      7      4      5      5

      7      7      3      3      3
      8      8      6      6      3
      8      3      6      6      6
      4      3      6      6      6
      7      5      5      6      5

      5      5      5      5      4
      5      3      4      4      3
      5      6      4      5      5
      5      6      4      4      5
      4      3      6      4      5

      4      6      4      4      3
      3      4      5      5      3
      3      5      4      3      3
      5      5      4      4      3
      3      5      5      2      3

      4      3      3      3      3
      3      4      3      3      1
      3      3      5      4      4
      5      3      5      5      4
      3      4      3      3      4

      2      3      3      3      2
      4      2      1      1      0
      4      3      3      1      1
      3      3      3      3      1
      2      2      2      0      2

      2      3      1      1      0
      3      2      2      2      1
      3      2      1      0      0
      3      2      1      1      0
      0      2      3      0      1

      3      2      0      0      0
     -1      1      0      0      0
     -1      1      0      1      1
      1      1      0      0      1
      0      0      2      0      0

      0      1      2      2     -1
      0      1      0      0      0
      0      1      0      0      0
      0      1      0      0      0
      0      0      0     -1      0

      0      0      0      0      0
      1      0      0      0      0
      1      0      0      0      0
      2      0      0      0      0
      0      1      0      0      0

      0      0      0      0      0
      0      1      0      0      0
      0      2      2      0      0
      1      2      2      2      0
      0      0      0      1      1

     -1      2     -1     -1     -1
      1      0      0      0     -1
      1      0      0      0      0
      0      0      0      0      0
      0      0      0      0     -1

      0      2      1      1      0
      0      0      0      0      0
      0      1      1      0      0
      0      1      1      1      0
      0      1      0      0      0

      0      1      0      0      0
      1      0      0      0     -1
      1      0      0      1      1
      2      0      0      0      1
     -1      0      0     -1      0

      2      1     -1     -1      1
      0      1      0      0     -1
      0     -1     -1      1      1
      1     -1     -1     -1      1
      0      0      0      0     -1

      0      1      0      0      1
      0      1      2      2      0
      0      0      1      0      0
      0      0      1      1      0
      1      0      0     -1      0

     -1     -1      0      0     -1
     -1      0     -1     -1      0
     -1     -1      1      0      0
      0     -1      1      1      0
      1      0     -1      0      0

      0      0      1      1      0
      0      0      0      0      0
      0      0      0      0      0
      0      0      0      0      0
      0      0     -2      0      0

      0      0     -1     -1      0
     -2     -1      0      0      0
     -2     -1      1      0      0
      0     -1      1      1      0
     -2      1      0      0      0

      0      0     -1     -1     -1
     -1      0      0      0      1
     -1      0      1     -1     -1
      0      0      1      1     -1
      0     -2     -2      0      0

     -1      0      0      0      1
      0      0      0      0      0
      0      0      1     -2     -2
      0      0      1      1     -2
      0     -1     -2      0      0

      0     -1      0      0      0
      0      0      2      2      0
      0      0      0      0      0
      0      0      0      0      0
      0      0     -1      0      1

      0      0      0      0      0
      0      0      0      0      0
      0      0      0      0      0
      0      0      0      0      0
      0      0     -1      0      0

      0      0      0      0      0
      0      0      0      0      0
      0      0      0      0      0
      1      0      0      0      0
      0      0      0      1      0

      0      0      1      1      0
      0      0      0      0     -2
      0      0      0      1      1
      0      0      0      0      1
      0     -2      1      0      0

      1      1      1      1      0
      0      0      0      0      0
      0      1      1      0      0
      0      1      1      1      0
      0      1      0      1      1

      0      0      2      2     -1
      0      0      0      0      1
      0      2      1      2      2
      0      2      1      1      2
      0      0      0      1      1

      4      2      3      3      3
      1      1      3      3      1
      1      2      4      0      0
      3      2      4      4      0
      2      2      2      3      3

      3      4      4      4      2
      1      2      5      5      2
      1      2      4      2      2
      1      2      4      4      2
      3      2      0      3      3

      1      2      4      4      2
      1      0      3      3      3
      1      1      3      2      2
      1      1      3      3      2
      1      2      0      2      1

      1      1      0      0      0
     -1      0      1      1      0
     -1      0      0      0      0
      0      0      0      0      0
      0      1      0      2      1

      1     -2      1      1      2
      0      0      2      2      0
      0      1      1      0      0
      1      1      1      1      0
      0      0      0      1      2

      3      2      2      2      2
      2      3      3      3      2
      2      1      3      2      2
      2      1      3      3      2
      1      2      0      3      4

      4      5      3      3      3
      4      5      4      4      2
      4      4      5      3      3
      4      4      5      5      3
      4      3      2      2      4

      3      3      4      4      2
      5      3      5      5      4
      5      4      4      3      3
      5      4      4      4      3
      2      2      2      4      5

      2      4      3      3      2
      2      3      2      2      2
      2      1      3      2      2
      3      1      3      3      2
      2      2      1      2      4

      3      4      2      2      3
      2      4      2      2      2
      2      1      3      3      3
      2      1      3      3      3
      1      2      2      3      3

      3      3      3      3      4
      2      4      4      4      2
      2      3      3      3      3
      4      3      3      3      3
      4      2      2      3      4

      2      3      4      4      3
      3      4      6      6      3
      3      2      5      3      3
      4      2      5      5      3
      4      4      3      4      4

      3      5      3      3      4
      4      3      3      3      4
      4      4      4      3      3
      4      4      4      4      3
      4      5      3      4      4

      2      2      4      4      4
      3      3      5      5      4
      3      1      3      4      4
      4      1      3      3      4
      3      4      3      4      3

      4      3      4      4      2
      4      4      2      2      3
      4      3      5      5      5
      3      3      5      5      5
      3      4      3      3      5

      4      3      3      3      4
      2      3      3      3      3
      2      4      4      4      4
      3      4      4      4      4
      3      3      3      4      5

      4      3      3      3      3
      3      3      4      4      4
      3      4      4      4      4
      4      4      4      4      4
      4      4      4      5      5

      4      4      3      3      3
      3      2      4      4      2
      3      4      5      2      2
      4      4      5      5      2
      5      4      1      3      4

      3      3      4      4      4
      1      2      5      5      3
      1      3      5      4      4
      4      3      5      5      4
      2      2      3      3      4

      4      3      4      4      3
      2      3      3      3      4
      2      3      4      4      4
      4      3      4      4      4
      4      3      2      3      4

      3      3      5      5      4
      2      2      5      5      3
      2      5      4      2      2
      3      5      4      4      2
      3      3      4      3      4

      3      3      3      3      3
      3      3      4      4      4
      3      3      2      3      3
      2      3      2      2      3
      1      1      2      3      3

      2      1      2      2      3
      3      2      4      4      2
      3      4      2      3      3
      4      4      2      2      3
      4      2      3      4      2

      2      4      2      2      3
      2      3      3      3      3
      2      2      3      3      3
      2      2      3      3      3
      2      4      3      1      5

      3      4      4      4      2
      2      2      2      2      1
      2      4      3      3      3
      2      4      3      3      3
      3      2      3      5      4

      1      4      3      3      1
      4      1      3      3      3
      4      3      5      2      2
      4      3      5      5      2
      2      2      2      2      5

      3      3      3      3      2
      3      3      3      3      3
      3      1      2      3      3
      2      1      2      2      3
      3      3      1      3      3

      4      2      3      3      1
      3      1      3      3      1
      3      3      4      2      2
      1      3      4      4      2
      1      2      2      3      3

      3      1      2      2      1
      2      2      3      3      3
      2      1      2      3      3
      2      1      2      2      3
      0      3      1      4      3

      0      1      1      1      0
      2      3      1      1      1
      2      2      3      2      2
      1      2      3      3      2
      2      1      0      3      2

      2      1      3      3      3
      2      3      4      4      2
      2      3      2      3      3
      3      3      2      2      3
      2      1      0      2      3

      2      3      2      2      0
      3      3      1      1      1
      3      1      3      3      3
      0      1      3      3      3
      1      2      0      3      2

      2      2      4      4      1
      2      4      3      3      0
      2      1      0      3      3
      1      1      0      0      3
      2      2      0      2      3

      3      0      2      2      0
      2      3      2      2      2
      2      2      1      2      2
      1      2      1      1      2
      0      0      0      2      4

      1      3      3      3      3
      2      2      3      3      0
      2      0      2      0      0
      2      0      2      2      0
      1      2      0      0      2

      2      2      2      2      1
      0      0      3      3      2
      0      3      1      0      0
      2      3      1      1      0
      1      1      1      1      1

      2      2      2      2      2
      1      2      2      2      3
      1      2      2      1      1
      1      2      2      2      1
      2      2      1      2      2

      1      0      3      3      1
      1     -1      1      1      0
      1      3      1      0      0
      1      3      1      1      0
      1      1      2      1      1

      2      0      2      2      1
      0      0      0      0      2
      0      1      2      0      0
      0      1      2      2      0
      2      2      0      0      2

      2      1      0      0      0
      0      1      1      1      1
      0      2      1      2      2
      4      2      1      1      2
      1      1      1      0      0

      1      1      1      1      0
      2      0      1      1      1
      2      1      2      0      0
      0      1      2      2      0
      0      0      0      0      1

      0      1      0      0      0
      0      0     -1     -1      0
      0      0      1      0      0
      1      0      1      1      0
      1      0      1      1      1

      0      0      4      4      0
     -1      0      0      0      1
     -1      3      3      2      2
      1      3      3      3      2
     -1      2      0      3      3

      2      0      3      3      0
      0      0      2      2      2
      0      3      1      0      0
      2      3      1      1      0
      1      1     -1      1      3

      1      0      0      0      2
      0     -1      2      2      0
      0     -1      0      0      0
      1     -1      0      0      0
      2     -1      0      0      1

      1      1     -1     -1      1
      0     -1      1      1      0
      0      1      2      0      0
     -1      1      2      2      0
      0      0     -1      1      0

      1      0      1      1      1
      3      0      3      3      2
      3      1      4      0      0
     -1      1      4      4      0
      1      0      0     -1      0

      0      1     -1     -1      0
      0      0      0      0      0
      0      2      0      0      0
      0      2      0      0      0
      0      0     -2      0      0

      0     -1      0      0      3
     -1      0      1      1      1
     -1     -1      0      1      1
      1     -1      0      0      1
      0      1      0      5      0

     -3      0      0      0      0
      0      1      1      1      0
      0      0      5      0      0
      0      0      5      5      0
     -2      0      0      2      0

     -1      0     -1     -1      0
     -2      0      0      0      0
     -2     -4      1      0      0
     -2     -4      1      1      0
      1      0     -3      0      1

     -1     -4     -2     -2     -1
      1      0     -3     -3     -1
      1      0      1      0      0
      0      0      1      1      0
     -2     -1      0      0     -2

     -3      1     -1     -1      0
     -1     -1      1      1     -1
     -1      1      3     -1     -1
     -1      1      3      3     -1
      0      0     -1      0     -2

