;
; ENVI ASCII Output of file: E:\Imaging\ROI_AVIRIS\5_2_1.img [Fri Nov 17 11:59:16 2017]
; File Dimensions: 5 samples x 5 lines x 224 bands
; Line Format    : (5i7)
;
    509    508    491    469    489
    509    508    491    492    512
    484    500    491    482    476
    479    470    482    482    476
    501    482    484    501    486

    585    593    581    585    594
    585    593    581    596    596
    574    587    583    575    581
    574    583    583    575    581
    582    593    577    593    581

    649    658    648    639    631
    649    658    648    631    647
    629    628    636    632    624
    628    639    613    632    624
    660    634    640    649    622

    828    828    832    819    820
    828    828    832    816    819
    811    821    817    804    801
    817    788    802    804    801
    816    811    799    817    802

   1221   1209   1222   1203   1214
   1221   1209   1222   1208   1227
   1196   1201   1213   1185   1186
   1194   1198   1191   1185   1186
   1207   1199   1200   1181   1201

   1284   1286   1300   1274   1268
   1284   1286   1300   1252   1286
   1239   1260   1267   1251   1254
   1268   1250   1258   1251   1254
   1265   1274   1252   1258   1262

   1202   1207   1212   1206   1197
   1202   1207   1212   1196   1213
   1182   1179   1189   1180   1184
   1183   1176   1188   1180   1184
   1201   1197   1192   1171   1180

   1099   1113   1125   1111   1099
   1099   1113   1125   1101   1116
   1086   1091   1096   1087   1088
   1078   1093   1079   1087   1088
   1115   1110   1091   1089   1087

   1194   1198   1211   1207   1186
   1194   1198   1211   1185   1203
   1175   1188   1185   1171   1173
   1171   1175   1173   1171   1173
   1201   1191   1183   1179   1178

   1214   1220   1229   1218   1204
   1214   1220   1229   1201   1215
   1179   1192   1206   1188   1193
   1187   1189   1188   1188   1193
   1215   1215   1182   1190   1194

   1164   1182   1191   1184   1164
   1164   1182   1191   1171   1172
   1144   1154   1169   1148   1152
   1154   1155   1154   1148   1152
   1176   1171   1161   1155   1151

   1088   1100   1118   1116   1095
   1088   1100   1118   1092   1104
   1069   1082   1096   1076   1083
   1083   1076   1082   1076   1083
   1113   1103   1091   1075   1077

   1023   1034   1052   1042   1022
   1023   1034   1052   1033   1035
   1004   1020   1027   1003   1014
   1019   1013   1017   1003   1014
   1052   1036   1021   1016   1008

    915    927    941    934    929
    915    927    941    934    932
    903    914    927    909    911
    915    912    910    909    911
    936    936    923    910    912

    828    841    848    845    837
    828    841    848    830    843
    811    825    834    825    826
    827    823    825    825    826
    854    838    832    820    828

    735    736    750    742    734
    735    736    750    736    739
    718    722    740    718    725
    727    721    721    718    725
    750    745    731    722    722

    639    650    661    654    644
    639    650    661    649    646
    631    641    646    630    636
    639    633    629    630    636
    662    653    639    631    636

    607    616    624    618    610
    607    616    624    612    612
    595    605    612    596    602
    606    602    597    596    602
    626    618    607    599    601

    575    581    587    581    576
    575    581    587    575    577
    558    568    577    561    568
    572    571    563    561    568
    589    583    574    566    564

    532    543    548    542    536
    532    543    548    535    541
    523    533    540    529    530
    533    527    528    529    530
    551    546    539    526    524

    477    499    497    499    491
    477    499    497    494    497
    478    485    490    478    483
    489    483    476    478    483
    502    495    489    482    480

    441    453    452    459    449
    441    453    452    454    454
    438    444    452    438    443
    449    440    434    438    443
    459    455    448    437    441

    413    421    424    425    415
    413    421    424    414    421
    405    406    419    404    408
    414    410    408    404    408
    428    426    416    409    406

    367    374    373    375    366
    367    374    373    366    372
    355    365    368    359    363
    371    360    359    359    363
    382    373    363    366    359

    341    345    348    346    344
    341    345    348    342    346
    334    340    343    335    336
    343    338    328    335    336
    348    344    341    335    333

    326    333    335    337    328
    326    333    335    327    328
    321    325    327    319    324
    331    326    318    319    324
    338    334    326    319    320

    305    305    315    309    309
    305    305    315    307    308
    300    305    306    297    303
    304    304    297    297    303
    317    310    302    300    295

    282    283    290    286    283
    282    283    290    283    287
    275    279    282    275    273
    280    279    273    275    273
    290    289    282    278    276

    270    271    272    276    272
    270    271    272    273    271
    266    266    273    259    262
    275    269    263    259    262
    276    274    272    270    261

    247    250    255    254    250
    247    250    255    249    249
    244    248    247    243    246
    251    246    240    243    246
    257    253    248    247    242

    237    241    240    240    240
    237    241    240    236    241
    238    231    238    230    231
    240    234    231    230    231
    243    241    234    231    230

    230    236    236    233    232
    230    236    236    229    234
    225    227    231    222    224
    230    228    223    222    224
    238    235    228    227    226

    230    232    233    231    229
    230    232    233    230    231
    222    226    231    223    227
    231    231    223    223    227
    233    237    227    225    222

    229    235    235    233    233
    229    235    235    229    234
    225    227    230    220    223
    231    229    223    220    223
    238    236    229    228    225

    215    220    216    218    221
    215    220    216    209    221
    209    211    215    207    208
    216    217    208    207    208
    221    222    215    215    208

    189    189    189    189    188
    189    189    189    186    195
    184    189    188    176    181
    196    192    182    176    181
    197    201    190    188    183

    165    169    166    167    170
    165    169    166    162    173
    164    161    166    158    159
    168    168    160    158    159
    170    175    168    168    163

    159    162    159    162    160
    159    162    159    156    167
    157    153    160    150    152
    164    166    155    150    152
    162    165    162    162    154

    143    146    144    145    150
    143    146    144    143    152
    143    141    146    136    139
    149    151    142    136    139
    153    153    149    148    142

    112    114    111    113    116
    112    114    111    111    120
    109    108    115    105    107
    117    116    107    105    107
    116    119    116    115    110

    119    121    120    123    125
    119    121    120    116    126
    116    119    120    111    115
    125    126    115    111    115
    126    128    122    124    114

    129    133    130    131    134
    129    133    130    126    138
    130    130    131    122    124
    136    137    127    122    124
    136    139    134    137    127

    131    133    128    133    135
    131    133    128    128    140
    128    131    130    117    124
    140    137    127    117    124
    137    140    137    139    129

     79     80     78     78     81
     79     80     78     78     85
     77     79     80     73     76
     86     80     78     73     76
     81     84     81     82     76

    101    105    100    105    108
    101    105    100    100    111
    100    103    101     93     95
    110    108     99     93     95
    106    109    106    108    100

    104    109    102    106    111
    104    109    102    105    116
    107    109    107     96    103
    116    116    106     96    103
    112    115    112    114    105

     98    101     96     98    101
     98    101     96     97    108
     98    102     97     88     93
    107    108     96     88     93
    102    105    101    107     95

     88     93     86     92     94
     88     93     86     90     98
     89     92     93     82     84
     98    100     91     82     84
     95     99     96    100     90

     82     83     82     85     87
     82     83     82     83     91
     85     84     82     73     77
     89     90     81     73     77
     87     90     87     92     82

     64     70     63     67     69
     64     70     63     65     72
     66     66     68     59     64
     72     72     65     59     64
     70     73     70     73     66

     66     70     63     67     73
     66     70     63     68     73
     66     70     68     58     61
     75     72     67     58     61
     69     72     70     75     64

     69     70     67     73     75
     69     70     67     68     78
     70     72     70     62     65
     77     78     68     62     65
     72     78     75     76     68

     73     77     70     76     82
     73     77     70     75     84
     75     76     75     64     69
     84     82     74     64     69
     78     81     78     85     75

     70     72     68     72     77
     70     72     68     70     79
     69     73     70     60     65
     78     77     69     60     65
     73     77     75     78     67

     68     69     64     71     73
     68     69     64     69     77
     68     71     67     59     63
     78     77     68     59     63
     72     76     74     78     67

     64     64     60     65     69
     64     64     60     63     73
     67     65     63     54     59
     72     71     64     54     59
     69     70     69     74     63

     61     63     57     64     67
     61     63     57     61     69
     60     62     60     50     56
     69     70     60     50     56
     65     67     65     70     62

     46     49     44     48     52
     46     49     44     48     53
     48     49     49     40     43
     56     53     50     40     43
     50     52     52     55     48

     41     40     37     40     44
     41     40     37     41     46
     40     41     42     35     37
     46     45     40     35     37
     44     45     44     47     39

     39     38     35     39     42
     39     38     35     36     42
     37     39     38     31     33
     43     41     35     31     33
     36     40     39     43     36

     31     33     31     33     36
     31     33     31     33     40
     34     35     34     27     29
     39     37     32     27     29
     36     34     35     38     32

     21     22     22     21     23
     21     22     22     25     26
     21     23     23     20     18
     28     25     23     20     18
     21     26     22     25     22

     14     15     15     15     17
     14     15     15     15     19
     17     16     18     13     14
     18     17     16     13     14
     14     17     17     17     16

     16     18     14     17     19
     16     18     14     16     18
     15     18     17     13     15
     20     18     16     13     15
     16     18     19     19     16

     26     28     24     27     30
     26     28     24     27     33
     27     28     29     22     25
     31     31     27     22     25
     28     30     30     31     26

     29     32     28     32     35
     29     32     28     32     38
     31     33     32     25     26
     37     37     31     25     26
     32     36     34     36     31

     34     36     34     38     41
     34     36     34     37     43
     35     39     38     28     33
     42     42     38     28     33
     40     40     41     45     36

     37     40     34     39     43
     37     40     34     38     45
     39     40     39     30     33
     47     44     39     30     33
     40     44     42     47     38

     37     39     34     38     42
     37     39     34     36     45
     37     40     37     28     32
     46     44     37     28     32
     39     41     41     46     36

     35     39     33     37     42
     35     39     33     36     43
     38     40     38     27     31
     43     42     37     27     31
     38     42     41     46     36

     35     36     32     38     42
     35     36     32     35     44
     36     37     36     27     31
     42     43     36     27     31
     38     40     41     46     36

     32     33     29     33     37
     32     33     29     33     40
     34     35     34     25     27
     40     40     34     25     27
     35     38     38     41     32

     31     33     28     34     37
     31     33     28     33     39
     32     36     33     25     29
     39     39     32     25     29
     35     37     37     41     32

     30     31     27     33     35
     30     31     27     31     39
     30     32     31     22     26
     37     37     30     22     26
     31     35     35     38     30

     29     31     27     32     35
     29     31     27     29     39
     30     32     29     22     26
     35     35     30     22     26
     32     34     34     38     29

     26     27     23     29     30
     26     27     23     27     33
     26     28     28     19     22
     33     33     27     19     22
     28     31     30     35     26

     24     25     21     26     28
     24     25     21     25     31
     24     26     26     17     21
     31     30     25     17     21
     26     29     29     32     24

     22     22     19     23     27
     22     22     19     24     28
     22     24     23     16     19
     28     26     23     16     19
     24     26     27     29     22

     16     17     15     18     20
     16     17     15     17     22
     18     19     18     12     15
     22     21     18     12     15
     18     20     20     22     17

     10     11      9     11     12
     10     11      9     11     14
     11     12     12      7      8
     13     13     10      7      8
     11     11     13     14     10

      4      5      3      3      5
      4      5      3      3      6
      4      4      5      3      3
      7      3      4      3      3
      4      3      5      6      4

      3      3      3      4      4
      3      3      3      3      4
      2      3      5      3      2
      4      4      3      3      2
      3      4      3      4      3

      4      4      4      5      5
      4      4      4      5      5
      4      5      5      4      4
      6      5      5      4      4
      5      4      4      6      4

      4      4      3      5      4
      4      4      3      5      6
      4      5      5      3      3
      6      5      5      3      3
      5      5      6      6      5

      7      6      5      7      9
      7      6      5      7      7
      6      6      7      5      6
      9      9      6      5      6
      6      7      7      8      7

     10     13      9     12     14
     10     13      9     11     15
     11     12     12      7      9
     15     14     11      7      9
     12     13     13     16     11

     13     13     11     15     15
     13     13     11     14     18
     13     15     14      9     11
     17     18     15      9     11
     14     16     16     18     14

     12     12     10     12     14
     12     12     10     13     15
     12     14     13      7     10
     17     14     12      7     10
     13     15     15     16     12

     12     13     10     14     15
     12     13     10     12     16
     13     14     13      8     10
     16     16     14      8     10
     13     16     15     18     12

     11     11      8     11     14
     11     11      8     10     15
     10     12     13      7      9
     16     13     10      7      9
     11     13     13     16     11

     12     11     10     12     15
     12     11     10     13     16
     12     14     13      8      9
     16     16     12      8      9
     14     14     15     16     12

     12     14     10     13     15
     12     14     10     12     17
     12     14     14      8     11
     16     17     12      8     11
     14     16     16     19     12

     13     13     11     16     17
     13     13     11     14     18
     15     15     16      9     11
     19     19     14      9     11
     15     16     17     20     14

     13     15     11     15     16
     13     15     11     13     18
     14     15     15      8     11
     19     18     13      8     11
     14     17     17     21     14

     12     13     10     15     15
     12     13     10     13     18
     12     14     14      8     10
     17     15     13      8     10
     15     15     16     17     12

     11     12      9     12     14
     11     12      9     11     16
     11     13     13      7      8
     17     15     13      7      8
     13     14     15     16     12

     12     13     10     15     15
     12     13     10     13     18
     12     14     13      8     10
     17     15     13      8     10
     15     15     16     17     12

      9     14     13     10     14
      9     14     13     17     15
     11     14     14     15     12
     11     17      9     15     12
      9      7     13     10     15

     15     10     12     12     10
     15     10     12     13     14
     13     13     14      9     13
     11     12     12      9     13
     10      9     15     17     11

     15     13     10     13     12
     15     13     10     13     12
      9     13     15      8      9
      8     11     13      8      9
     13     11     15     12     11

     13     14     15     15     14
     13     14     15     12     10
     11      9     13     13      9
     12     12     13     13      9
     11     14     11      9     13

      9     11     10     11     11
      9     11     10     11     12
     10      9     17     10      8
      9     10      9     10      8
     10     11     10     11     12

      7      7      8      8      8
      7      7      8     11      9
      8      9     10     10      8
      6     11      8     10      8
     11      6     10      6      8

     -1      0      5      9      5
     -1      0      5     -5    -13
    -19      0     -1     18     17
     21     26     23     18     17
     22     20     22     26     26

      6      5      3      5      4
      6      5      3      7      7
      6      2      6      3      5
      2      5      6      3      5
      5      4      3      3      5

      4      2      2      1      2
      4      2      2      6      4
      2      2      3      0      1
      2      2      2      0      1
      2      1      2      3      4

      0      0     -1      0      0
      0      0     -1      1      0
      0      0      3     -1      0
      0      0      0     -1      0
      0      0      2      0      0

      1     -1     -1      1      1
      1     -1     -1      2      0
      0      0      1      0      0
      0      0      1      0      0
      0      0     -1     -1      0

      1     -1      0      0      0
      1     -1      0      1      0
     -1     -1      2     -1     -2
     -2      0      1     -1     -2
      2      0     -1      1      2

      0     -1     -1     -1      0
      0     -1     -1      1      2
      0      0      2      1     -2
     -1      0      0      1     -2
      4      0      0      0      0

      7      6      2      1      8
      7      6      2      3     -2
     -6      1     -1     -3      4
      2      0      2     -3      4
      1      2      5      0     -1

      1      0      0      0      1
      1      0      0      2      0
      2      2      1     -1     -1
     -1     -2      0     -1     -1
      1      0      0     -1      0

      1     -1     -1     -1      0
      1     -1     -1      0      2
      0     -1      4      1      0
     -1      2     -1      1      0
      0      0      2      0      2

      1      0     -3      1     -3
      1      0     -3      1      0
      0      0      1      0      0
      0      0      1      0      0
      1      2      1      0      1

      1      1      0     -1      1
      1      1      0      5      1
      3      1      4      0      0
      0      0      3      0      0
      3     -2      3      1      0

      1      0     -1      0      0
      1      0     -1      0      0
      0      1      4      0      0
     -1      0      2      0      0
      3      0      1      0      1

      2      1      1      3      0
      2      1      1      3      7
      0      1      1      1      1
      0      3      3      1      1
      5      0      2      1      0

      2      5      0      2      3
      2      5      0      3      1
      2      1      4      0      2
      1      3      4      0      2
      5      2      4      4      1

      1      1      0      3      2
      1      1      0      4      4
      2      3      3      0      1
      1      0      3      0      1
      3      2      3      2      2

      4      4      3      5      3
      4      4      3      3      0
      1      3      4      2      3
      1      1      5      2      3
      5      3      3      5      4

      4      7      3      7      7
      4      7      3      6      6
      5      7      6      6      6
      3      7      7      6      6
      9      5      5      4      6

      9      9      8      7     10
      9      9      8     10      9
      7     10     12      9      8
      8      9      9      9      8
      9      8      8      6      9

     11     11      8     10     10
     11     11      8     11     10
     12     11     14     10     11
      9     11     10     10     11
     10     10     10      8     12

     10     12     11     10     12
     10     12     11     11     12
     11     11     14     10     11
      8     11     11     10     11
     11     11     11     11     11

     11     10     10     11     12
     11     10     10     14     11
     11     12     14     10      8
      8      9     12     10      8
     11     10     13      9     10

     14     10     10     16     13
     14     10     10     13     12
     10     13     14     10     13
     12     12     12     10     13
     14     10      9     13     10

     15     11     13     13     11
     15     11     13     14     13
     13     13     15     11     11
     11     12     11     11     11
     11     12     13     11     12

     12     10      9     12     10
     12     10      9     13     12
     11     13     12     11      8
     10     10     11     11      8
     11      9      9     10     11

     10      9     11     10      9
     10      9     11     12     13
      9     11     11      9      8
      7      9     10      9      8
     12      8     11      7     10

     10      9      9     11     10
     10      9      9     12     10
     11     11     13     10      8
      9      8     10     10      8
     11     11     10     10      9

     11     10     10     10     10
     11     10     10     12     10
     11      9     11      9      9
      8      9      9      9      9
     12     10     11     10      9

     10     11      7     10     10
     10     11      7     12     12
      9      8     10      7      9
     10      7      7      7      9
     11     11     10      8     10

     10     10      8     11     10
     10     10      8     10      9
     10     11     12      8      7
      8      8      9      8      7
      9      9      8      8      9

     10     12      8     11      9
     10     12      8      9      9
      7     10     10     11      9
      8      9     10     11      9
     10     10      9      8     10

     10      8      9     12      9
     10      8      9      9      7
      9      8      9      9      7
      9      7      9      9      7
     10      9      9      7      9

      7      9      6      8      9
      7      9      6      8     10
      7      9      9      7      7
      9      9      8      7      7
     10      8      8      9      9

     10     10      8     11      9
     10     10      8      9     10
      8      7     10      8      8
      7      7      8      8      8
      9      8      8      8      7

      8      9      7      9      8
      8      9      7      9      8
      6     10      9      8      7
      8      7      8      8      7
      7      7      7      7      8

      8     10      6      9      7
      8     10      6      9      8
      6      9      9      7      5
      7      7      8      7      5
      7      8      8      7      6

      9      8      6      8      8
      9      8      6     10      7
      9      9      8      7      8
      6      6      8      7      8
      9      5      6      7      7

      8      6      6      7      7
      8      6      6      9      6
      7      8      8      6      6
      6      9      6      6      6
      7      7      8      6      7

      8      7      8      5      7
      8      7      8      9      8
      7      6      8      7      8
      8      8      6      7      8
      8      5      5      8      8

      8      8      5      8      5
      8      8      5      8      9
      5      5      9      5      5
      5      6      9      5      5
      7      6      5      5      5

      7      6      5      5      6
      7      6      5      8      6
      5      6      7      6      6
      5      7      6      6      6
      7      5      4      5      5

      5      4      5      6      6
      5      4      5      5      5
      5      5      7      5      4
      5      4      6      5      4
      7      3      5      5      7

      8      6      6      6      6
      8      6      6      6      5
      4      6      7      4      4
      5      7      5      4      4
      7      6      6      9     10

      5      7      4      6      4
      5      7      4      4      6
      2      6      5      4      4
      4      4      4      4      4
      4      4      4      3      5

      5      2      4      4      4
      5      2      4      6      5
      4      5      5      5      4
      5      3      6      5      4
      4      2      3      4      4

      4      2      3      3      2
      4      2      3      4      4
      4      2      5      2      3
      3      5      2      2      3
      5      3      3      1      3

      3      0      0      0      2
      3      0      0      1      3
      4      4      3      2      1
      3      3      1      2      1
      3      0      2      0      4

      1      0      0      1      1
      1      0      0      1      1
      2      2      1      0      1
      0      0      1      0      1
      2      0      2      1      0

      0      2      0      0      2
      0      2      0      3      3
      1      0      1      0      2
      0     -1      4      0      2
      1      1      0      0      1

      0      0     -1      1     -1
      0      0     -1      1      1
      0      0      1     -2      0
      0      0      1     -2      0
      0     -1      1      0      2

      3      2      0      1     -1
      3      2      0      1      0
      0      0      0     -1      0
      0      1      1     -1      0
      0      0      1      1      0

      0      0     -2      0      0
      0      0     -2      1      0
      0     -1      2      0      0
      0      0      0      0      0
      1     -2      0      0      0

      0      0     -1      0     -1
      0      0     -1      0      0
      0      0      0     -1      0
      0      0      0     -1      0
      2      0      0      0     -1

      0      0     -1      0      0
      0      0     -1      1      0
      0      1      2     -2      0
     -1     -1      0     -2      0
      1     -2      1      0      0

      0     -1      1      0      0
      0     -1      1      2      0
      0      1      1     -1      0
      0      1      0     -1      0
      0      0      0     -2      0

      0      0      0     -1      0
      0      0      0      1      1
     -2      0      2      0     -2
     -1      0      1      0     -2
      2     -1      0     -2      0

      0      0     -1      0      0
      0      0     -1      1     -2
      0      0      1      0     -2
     -1     -1      0      0     -2
      1      0      0     -1      1

      0      0      2      0      1
      0      0      2      0      0
      1     -1      0      0      0
      0      0      0      0      0
      0      1      0      0      2

      1      0      2     -1     -1
      1      0      2      0      0
     -1     -1     -1     -1     -1
      0     -1     -1     -1     -1
      0      0      0      1      1

      0      0      0      0      1
      0      0      0      0      1
      0      0     -1      0      2
      0      0     -1      0      2
     -1      0      0      0      0

      0      0      0      0      1
      0      0      0      0      0
      0      0      1      0      0
      0      1      0      0      0
      0      0      0      1      2

      0      0      0      0      0
      0      0      0      0      0
      0     -2     -1      0      0
      0      0      0      0      0
      0     -2      0      0      1

      0      0      0      0      1
      0      0      0      0      0
      0      0     -2      0      0
     -1      0      0      0      0
      0      0      0      0      3

     -1      0     -1      0      0
     -1      0     -1      0      0
      0      0     -1      2      0
      0      1      0      2      0
      0      0      0      0      0

      0      0      0      0      0
      0      0      0      0      0
      0     -1      1      0     -1
      0      0      0      0     -1
      0      0      0      0      2

     -1      0      0      0      0
     -1      0      0     -1      0
      0      0      0      0      0
      0      1      0      0      0
      0      0      0      1      1

      0      0      0      0      0
      0      0      0      0      0
      1      0      0      0      0
      1      1      0      0      0
      0      0      1      1      1

     -1      1      0      1      1
     -1      1      0      0      0
      0      0      2      2      2
      2      0      1      2      2
      2      1      2      2      2

      1      1      1      1      3
      1      1      1      1      3
      2      2      1      3      1
      1      2      2      3      1
      2      2      2      2      3

      2      4      4      4      3
      2      4      4      3      1
      2      2      2      1      3
      3      4      3      1      3
      3      2      2      3      5

      0      2      1      2      2
      0      2      1      1      2
      2      0      3      2      1
      1      2      2      2      1
      1      1      1      0      4

      0      0      1      2      0
      0      0      1      1      0
      0      0      1      1      1
      1      0      1      1      1
      1      1      0      1      2

      0      0      1      2      3
      0      0      1      0      1
      1      0      0      1      1
      2      1      0      1      1
      1      1      1      1      3

      4      2      2      2      2
      4      2      2      2      2
      1      3      2      2      1
      2      2      2      2      1
      4      2      2      3      4

      3      5      5      4      3
      3      5      5      3      4
      4      4      4      4      4
      3      3      4      4      4
      3      4      4      4      6

      3      3      3      3      2
      3      3      3      3      3
      3      2      2      2      3
      2      3      2      2      3
      3      3      3      3      5

      2      2      3      1      3
      2      2      3      2      1
      3      2      2      2      3
      2      2      1      2      3
      4      3      3      2      3

      1      2      4      1      4
      1      2      4      3      2
      3      4      3      2      3
      2      2      1      2      3
      4      3      3      3      3

      2      4      5      5      3
      2      4      5      4      5
      4      3      3      3      2
      3      3      2      3      2
      5      4      3      4      5

      3      4      4      2      3
      3      4      4      3      3
      2      2      3      3      3
      3      2      3      3      3
      3      3      3      4      5

      1      4      5      4      3
      1      4      5      4      4
      3      3      5      2      2
      3      4      3      2      2
      4      3      3      4      6

      4      4      5      4      4
      4      4      5      2      4
      4      2      3      3      4
      3      5      4      3      4
      4      4      4      4      5

      1      4      4      3      3
      1      4      4      5      4
      2      4      3      2      3
      5      3      2      2      3
      3      4      5      4      5

      4      3      4      5      4
      4      3      4      4      3
      4      4      3      2      2
      3      4      4      2      2
      4      3      4      3      6

      5      4      5      5      5
      5      4      5      4      3
      4      5      4      4      5
      3      3      4      4      5
      4      3      3      4      5

      5      3      3      5      5
      5      3      3      3      4
      3      3      4      3      3
      3      2      2      3      3
      4      4      3      5      5

      3      3      3      3      3
      3      3      3      3      3
      4      3      4      5      3
      4      3      4      5      3
      3      2      2      4      4

      3      5      3      4      1
      3      5      3      3      3
      3      2      3      4      2
      3      2      2      4      2
      4      2      2      3      4

      1      4      2      3      3
      1      4      2      2      1
      3      2      4      3      3
      2      3      4      3      3
      4      2      1      2      5

      1      4      4      2      3
      1      4      4      3      3
      3      2      2      4      3
      2      2      4      4      3
      2      2      4      2      4

      2      2      3      3      4
      2      2      3      2      3
      3      2      3      3      2
      2      3      3      3      2
      3      3      3      2      4

      3      3      5      4      2
      3      3      5      3      2
      3      4      3      3      3
      3      3      1      3      3
      2      3      3      3      3

      2      3      3      3      4
      2      3      3      2      4
      4      1      3      3      2
      4      2      2      3      2
      2      4      3      4      6

      2      2      4      4      1
      2      2      4      1      2
      2      1      3      4      2
      3      4      2      4      2
      2      4      2      2      4

      2      4      4      4      2
      2      4      4      3      2
      3      2      3      2      3
      2      2      3      2      3
      5      2      4      3      4

      1      3      2      3      3
      1      3      2      2      3
      0      3      3      2      2
      1      3      0      2      2
      2      2      3      3      3

      1      5      3      2      2
      1      5      3      3      2
      2      4      4      4      4
      2      1      0      4      4
      1      2      4      2      4

      2      4      2      3      2
      2      4      2      1      2
      3      3      3      3      3
      2      3      1      3      3
      4      1      3      2      3

      2      4      3      4      2
      2      4      3      1      4
      3      1      3      5      2
      1      4      2      5      2
      5      1      1      2      3

      1      3      4      3      1
      1      3      4      4      2
      3      1      3      2      2
      2      3      1      2      2
      2      1      2      4      3

      2      3      0      4      3
      2      3      0      2      2
      3      0      3      0      3
      2      2      0      0      3
      0      1      2      0      4

      1      3      1      3      2
      1      3      1      3      2
      0      2      2      2      2
      0      4      3      2      2
      2      1      1      2      3

      3      3      2      1      0
      3      3      2      3      3
      3      1      4      2      0
      0      2      2      2      0
      1      0      3      1      3

      1      2      1      4      1
      1      2      1      0      3
      1      1      0      2      1
      1      1      1      2      1
      0      2      0      3      2

      1      2      1      3      1
      1      2      1      2      2
      0      1      0      3      0
      3      0      2      3      0
      1      0      2      1      2

     -2      2      1      2      1
     -2      2      1      3      0
      2      4      3      2      1
      0      1      0      2      1
      1      1      2      0      4

      1      3      2      0      0
      1      3      2      1      1
      1      0      2      1      1
      1      1      0      1      1
      1      1      1      1      2

      1      1      1      4      1
      1      1      1      2      3
      2      2      0      0      0
      0      3      1      0      0
      2      0      0      0      2

      0      1      0      3      3
      0      1      0      1      0
      0      0      0     -1      1
     -1      2     -1     -1      1
      1      1      0      1      2

      0      3      2      1      0
      0      3      2     -2      0
      0      0      1      0      0
      0      0      3      0      0
      1     -1      1      2      1

      1      1      0      1      1
      1      1      0      0      0
      1      0      0      1      1
      0      1      1      1      1
      0      0      0      0      2

      0      1     -2      0      2
      0      1     -2      0      0
     -1      1     -1      0      1
     -2      1      1      0      1
     -1     -1      3      0      1

      0      0      0      0      0
      0      0      0      0      0
      1      1      1     -1     -3
      1      2      0     -1     -3
      0      4      1      0      1

      0      0     -1      2      0
      0      0     -1     -1      1
      3     -1      1     -1      0
      0      4      2     -1      0
      1      1      1      1      2

      0      1      0      2     -1
      0      1      0     -1     -1
      0      0      0     -1      1
     -3      2      1     -1      1
      0      1     -3      3      0

      0     -2     -1      1      1
      0     -2     -1     -2      0
      0      0     -2      0      0
     -3      0      0      0      0
      0      0      1      1     -1

     -1     -1      0      1      0
     -1     -1      0      1      0
     -1      0      1      0     -1
      0      2      0      0     -1
      0      1      0      0      1

     -1      0      1      0      2
     -1      0      1      0      2
      0      0      0      2     -1
      1      0      0      2     -1
      0      1     -1     -1      1

     -2      0      0      0      0
     -2      0      0     -2      0
      0     -1      0      1      0
      1     -1      0      1      0
      0      0      0      2      0

      0     -1      3      2      0
      0     -1      3      0     -1
     -3      0     -1      2     -2
      1     -1     -1      2     -2
      0      1      1      0      0

     -1     -1      0     -2      0
     -1     -1      0      0      1
      0     -1     -2      0      0
     -2     -1     -1      0      0
      0     -2      0      0      2

