;
; ENVI ASCII Output of file: E:\Imaging\ROI_AVIRIS\5_2_9.img [Fri Nov 17 12:00:21 2017]
; File Dimensions: 5 samples x 5 lines x 224 bands
; Line Format    : (5i7)
;
    505    473    478    481    476
    497    495    496    486    474
    497    495    496    482    488
    494    471    481    482    488
    474    483    477    478    490

    573    559    570    590    576
    592    571    572    564    580
    592    571    572    583    558
    579    583    575    583    558
    585    584    573    574    592

    617    622    609    632    625
    621    610    632    645    610
    621    610    632    630    630
    625    611    628    630    630
    636    634    607    632    627

    787    783    798    799    803
    792    800    810    807    794
    792    800    810    807    805
    796    796    805    807    805
    808    799    808    806    812

   1166   1159   1168   1175   1172
   1170   1179   1171   1185   1174
   1170   1179   1171   1189   1172
   1182   1179   1189   1189   1172
   1185   1176   1167   1170   1178

   1245   1224   1230   1240   1240
   1233   1237   1242   1253   1252
   1233   1237   1242   1252   1245
   1235   1243   1246   1252   1245
   1242   1244   1246   1247   1237

   1167   1163   1153   1163   1176
   1169   1173   1166   1167   1153
   1169   1173   1166   1179   1173
   1166   1175   1179   1179   1173
   1172   1179   1171   1171   1175

   1078   1072   1068   1072   1081
   1074   1080   1075   1084   1073
   1074   1080   1075   1082   1073
   1091   1084   1081   1082   1073
   1075   1095   1078   1078   1081

   1164   1158   1163   1161   1169
   1161   1164   1163   1172   1162
   1161   1164   1163   1175   1164
   1175   1169   1169   1175   1164
   1162   1178   1170   1163   1157

   1188   1179   1179   1191   1190
   1170   1177   1177   1187   1173
   1170   1177   1177   1191   1184
   1197   1188   1194   1191   1184
   1182   1191   1182   1180   1185

   1147   1149   1147   1150   1151
   1142   1143   1150   1148   1143
   1142   1143   1150   1156   1145
   1147   1153   1150   1156   1145
   1143   1142   1151   1149   1154

   1074   1062   1063   1081   1080
   1077   1076   1071   1078   1066
   1077   1076   1071   1069   1068
   1078   1082   1081   1069   1068
   1068   1081   1072   1080   1080

   1011   1006   1010   1019   1016
   1004   1011   1011   1013   1001
   1004   1011   1011   1023   1009
   1014   1020   1025   1023   1009
   1006   1009   1018   1017   1017

    910    910    909    914    910
    909    912    911    917    904
    909    912    911    916    905
    924    910    918    916    905
    904    910    919    920    910

    827    818    819    828    830
    827    824    825    826    816
    827    824    825    831    817
    827    832    833    831    817
    815    834    832    832    824

    727    731    730    739    733
    732    727    735    724    731
    732    727    735    734    728
    736    734    743    734    728
    725    734    736    736    735

    643    646    648    648    651
    648    644    648    644    638
    648    644    648    652    644
    654    646    656    652    644
    636    639    649    653    648

    610    612    614    616    618
    616    611    611    612    605
    616    611    611    619    611
    619    612    622    619    611
    600    610    619    619    616

    576    577    580    584    584
    583    577    572    580    572
    583    577    572    585    578
    584    578    588    585    578
    563    580    587    583    583

    539    544    541    542    537
    540    540    542    538    534
    540    540    542    544    540
    545    538    546    544    540
    530    539    548    558    547

    493    492    500    500    496
    491    499    497    487    490
    491    499    497    497    489
    496    495    495    497    489
    484    500    501    501    504

    453    457    453    457    450
    451    455    449    446    444
    451    455    449    453    455
    459    453    457    453    455
    447    453    461    458    461

    420    421    424    427    425
    422    420    421    418    418
    422    420    421    424    421
    423    421    422    424    421
    413    422    429    431    427

    374    375    376    379    379
    376    370    370    373    376
    376    370    370    375    375
    375    374    378    375    375
    369    375    384    387    377

    350    345    350    351    350
    348    347    347    347    347
    348    347    347    350    353
    352    350    350    350    353
    346    358    359    358    359

    336    337    336    342    344
    336    334    336    334    334
    336    334    336    337    336
    338    335    340    337    336
    331    342    349    350    347

    313    310    312    319    314
    313    311    313    306    312
    313    311    313    317    317
    313    312    313    317    317
    308    319    326    322    320

    291    288    289    289    292
    290    287    288    285    283
    290    287    288    291    293
    289    290    289    291    293
    290    293    297    299    297

    275    275    276    279    281
    278    275    278    274    273
    278    275    278    279    277
    278    278    279    279    277
    275    282    287    284    288

    256    253    259    258    255
    256    256    253    257    255
    256    256    253    256    260
    258    251    258    256    260
    256    257    263    266    263

    244    244    240    245    243
    243    242    238    242    239
    243    242    238    242    247
    245    245    245    242    247
    241    248    252    249    252

    237    237    237    240    240
    237    239    232    233    233
    237    239    232    242    242
    241    237    241    242    242
    237    242    245    246    245

    233    238    237    239    239
    235    238    236    236    225
    235    238    236    243    238
    237    237    239    243    238
    237    239    242    244    237

    237    237    237    238    240
    237    240    231    232    233
    237    240    231    240    241
    240    236    241    240    241
    236    240    245    246    245

    220    222    218    220    226
    217    226    215    218    216
    217    226    215    221    226
    221    221    222    221    226
    223    218    226    230    224

    194    196    196    196    197
    195    200    190    194    187
    195    200    190    195    194
    197    193    200    195    194
    196    194    200    199    200

    172    173    172    171    175
    172    174    165    169    168
    172    174    165    168    173
    172    169    176    168    173
    169    166    176    179    175

    166    168    167    162    169
    163    169    158    159    157
    163    169    158    162    164
    165    162    166    162    164
    162    161    169    169    168

    151    152    151    150    154
    150    153    145    147    144
    150    153    145    146    153
    150    146    153    146    153
    149    145    156    155    152

    117    119    116    113    119
    116    119    111    112    109
    116    119    111    114    120
    116    111    118    114    120
    116    113    120    121    116

    123    127    126    120    128
    124    129    118    121    119
    124    129    118    118    124
    123    120    125    118    124
    124    118    129    125    127

    137    137    136    128    138
    135    141    129    132    127
    135    141    129    127    136
    134    130    138    127    136
    133    131    142    142    139

    138    141    137    131    139
    136    141    128    133    130
    136    141    128    127    139
    135    130    137    127    139
    136    131    142    142    138

     82     84     82     76     84
     81     85     75     77     79
     81     85     75     75     82
     82     78     84     75     82
     82     78     85     84     82

    105    109    108    100    109
    104    113     97    100    101
    104    113     97     99    108
    105    100    107     99    108
    103     97    111    110    107

    112    114    114    103    114
    109    117    104    107    109
    109    117    104    100    111
    110    105    115    100    111
    109    104    116    115    112

    101    105    104     96    103
    104    108     93     97     98
    104    108     93     93    103
    103     96    107     93    103
    101     95    112    106    101

     94     96     93     87     95
     97    100     85     92     90
     97    100     85     86     95
     91     86     97     86     95
     95     87    101     98     95

     87     89     86     80     88
     87     92     78     82     81
     87     92     78     77     86
     85     80     90     77     86
     86     79     92     89     87

     68     71     71     64     71
     70     73     63     65     66
     70     73     63     63     70
     67     64     73     63     70
     70     65     74     72     69

     71     72     70     61     73
     70     76     61     65     66
     70     76     61     62     70
     66     64     72     62     70
     70     64     72     72     70

     74     74     74     66     76
     73     77     65     69     70
     73     77     65     64     75
     70     67     76     64     75
     73     67     76     75     71

     78     80     79     68     81
     77     83     70     72     74
     77     83     70     69     79
     75     71     82     69     79
     77     72     81     80     77

     74     76     73     63     76
     73     79     64     70     69
     73     79     64     63     75
     69     68     78     63     75
     74     66     75     76     72

     73     74     71     62     74
     71     78     63     67     67
     71     78     63     61     72
     67     65     75     61     72
     72     65     75     73     70

     66     72     66     58     68
     67     73     58     62     62
     67     73     58     57     68
     63     58     70     57     68
     66     60     69     68     67

     63     66     65     54     65
     65     69     54     59     60
     65     69     54     54     64
     60     56     66     54     64
     62     55     67     65     63

     50     52     50     41     52
     51     53     43     45     46
     51     53     43     42     50
     45     42     53     42     50
     50     44     52     52     50

     45     44     43     36     43
     43     48     36     36     39
     43     48     36     37     44
     40     37     44     37     44
     42     38     43     42     42

     38     41     39     31     39
     39     41     34     34     36
     39     41     34     33     40
     35     33     41     33     40
     37     34     38     40     39

     37     34     34     30     36
     35     39     30     30     32
     35     39     30     28     34
     32     30     39     28     34
     34     31     36     36     35

     23     23     23     19     23
     22     31     17     21     20
     22     31     17     18     23
     20     23     25     18     23
     23     22     20     22     24

     17     17     15     13     19
     17     17     13     14     14
     17     17     13     13     16
     15     15     19     13     16
     15     14     16     16     16

     18     17     17     15     18
     17     20     14     16     16
     17     20     14     15     18
     16     15     20     15     18
     18     16     18     18     17

     29     29     27     23     30
     29     33     25     25     25
     29     33     25     24     30
     27     25     30     24     30
     28     25     29     28     29

     33     36     33     25     34
     33     36     26     27     29
     33     36     26     27     32
     30     29     35     27     32
     33     27     33     35     32

     39     40     37     29     40
     38     42     33     33     36
     38     42     33     31     39
     35     32     41     31     39
     37     33     41     38     37

     42     42     41     31     41
     40     44     32     35     38
     40     44     32     33     39
     35     34     42     33     39
     40     34     42     42     40

     40     41     39     29     41
     39     43     32     35     37
     39     43     32     32     39
     36     32     43     32     39
     37     32     42     40     37

     39     42     38     29     41
     39     43     31     35     37
     39     43     31     31     39
     35     31     42     31     39
     38     31     41     40     38

     40     40     38     28     40
     39     43     31     33     35
     39     43     31     30     38
     33     32     42     30     38
     36     32     40     40     36

     36     37     33     25     37
     35     37     28     29     32
     35     37     28     26     35
     31     29     39     26     35
     33     28     37     36     34

     35     36     35     25     37
     35     38     26     30     32
     35     38     26     26     34
     30     28     38     26     34
     33     28     36     35     32

     32     34     30     23     33
     32     35     25     27     30
     32     35     25     24     32
     29     26     35     24     32
     30     25     34     32     31

     31     35     31     23     32
     32     35     24     27     30
     32     35     24     24     31
     28     26     35     24     31
     30     24     32     33     31

     28     30     28     20     30
     30     31     22     24     26
     30     31     22     21     28
     25     21     31     21     28
     26     22     30     29     28

     27     29     26     18     28
     27     29     20     22     24
     27     29     20     20     26
     23     20     29     20     26
     25     20     27     27     25

     25     27     23     17     26
     24     27     18     20     21
     24     27     18     18     23
     21     19     26     18     23
     23     18     25     25     23

     18     20     17     13     19
     19     22     13     15     17
     19     22     13     13     18
     16     14     21     13     18
     17     13     19     19     18

     12     13     11      8     11
     11     14      9      9     10
     11     14      9      8     12
     10      9     13      8     12
     10      9     11     12     12

      4      5      4      3      5
      4      7      3      3      3
      4      7      3      3      5
      4      3      5      3      5
      5      3      5      5      4

      5      4      3      3      4
      4      4      2      2      2
      4      4      2      3      3
      3      3      4      3      3
      4      3      3      3      3

      4      6      5      3      5
      5      6      3      3      4
      5      6      3      3      4
      4      3      5      3      4
      6      3      5      6      5

      5      5      5      3      6
      4      6      3      3      4
      4      6      3      3      4
      5      4      5      3      4
      4      4      4      5      4

      7      9      6      4      8
      7      8      5      6      7
      7      8      5      4      7
      6      5      8      4      7
      7      5      8      8      7

     13     13     11      8     13
     13     15      8     10     10
     13     15      8      9     12
     11     10     14      9     12
     12      8     12     13     12

     14     16     14      9     14
     14     17     10     11     13
     14     17     10     10     13
     12     10     16     10     13
     13     10     14     14     13

     13     14     13      8     14
     12     16      9     10     11
     12     16      9      9     12
     12     10     16      9     12
     12      9     14     13     13

     14     14     15      8     15
     13     16     10     12     13
     13     16     10      9     12
     12     10     16      9     12
     13      9     13     14     13

     12     13     11      8     13
     12     13      9      9      9
     12     13      9      8     11
     10      9     13      8     11
     11      8     12     11     12

     14     15     13      8     14
     14     17      9     10     12
     14     17      9      9     13
     12     11     15      9     13
     13     10     14     13     13

     15     14     13      8     14
     13     17      9     11     12
     13     17      9      9     12
     12     10     16      9     12
     12      9     14     14     12

     15     18     16      8     15
     16     18     10     11     12
     16     18     10     10     14
     13     11     18     10     14
     13     10     16     15     14

     16     16     14      9     15
     15     18     10     12     13
     15     18     10      9     14
     13     11     18      9     14
     13     10     15     16     14

     14     16     14      9     14
     15     17      9     10     12
     15     17      9      8     13
     12     11     14      8     13
     13     10     14     14     12

     12     13     13      7     13
     12     14      8      9     13
     12     14      8      8     12
     11      8     15      8     12
     11      8     13     12     12

     14     16     14      9     15
     15     17      9     10     12
     15     17      9      8     13
     12     11     15      8     13
     13     10     14     14     12

     10     16     14     14     14
     10     12     13     16     18
     10     12     13     11     12
      5     11     10     11     12
     11     10     13     15     14

     15     16     13     14     16
     18     17      7     14     13
     18     17      7     13     12
      7     15     15     13     12
     13     13      8     12      9

     13     14     16     14     12
     15     15     11      9     14
     15     15     11     14     12
      9     12     11     14     12
      9     11     15      9     16

     12     15     12     14     15
     12     13      9     16     12
     12     13      9     15     10
     11      9     13     15     10
     10     13     13     13     16

      9     15      9     11     12
     11     11      9     12     11
     11     11      9     11     12
      9     10     12     11     12
     11      5     11     11     13

      9     11      8     10     10
     10      7      9     10      9
     10      7      9      8      8
      8      7      8      8      8
      6      7      8     10      8

     12     13      1     -4     14
      0      0     -4     -1    -23
      0      0     -4     -9    -26
      0      1     -3     -9    -26
    -23    -15      8      6     14

      4      3      2      4      6
      5      5      3      3      3
      5      5      3      5      3
      3      3      5      5      3
      3      3      6      5      5

      0      5      4      4      3
      3      3      4      1      3
      3      3      4      1      3
      1      3      3      1      3
      3      2      5      4      1

      0      1      2      1      2
      1      0      1      2      0
      1      0      1      0      1
      0      0      0      0      1
      0      0      0      1      0

      0      1      0      1      0
      1      1     -1      0      0
      1      1     -1      0      0
      0     -2      0      0      0
      1      0      1      1      0

     -1      4      2      1      1
      0      0     -4      2      0
      0      0     -4     -2      0
      0      0     -2     -2      0
      0      0      2      0      1

      0      1      1      0      1
      1      0      0      1      0
      1      0      0      0      0
     -2      0      0      0      0
      0      0      2      1      0

      1      1      4      6      2
      3     10      4      5      5
      3     10      4      9      7
      5      8      4      9      7
      0      2      5      4      1

     -3      0      1      0      3
     -2      1     -3     -2      0
     -2      1     -3      0      3
      0      0      0      0      3
      0      0      3      0      0

     -1      2      1      3      1
      1      0      1      0      1
      1      0      1      0      0
      0     -2     -1      0      0
     -2      2      0      3      0

     -3      4      0      3      0
      0      0     -1      0      1
      0      0     -1      1      1
     -3      0      1      1      1
      1      0      1      0      2

     -3      3      1      0      1
      2      0      1      0      1
      2      0      1      1      2
      1     -1      2      1      2
      1     -1      3      2      1

      0      3      0      4      0
      2      1      1      2      0
      2      1      1      0      1
     -1      0      3      0      1
     -1      0      2     -1      1

      3      4      4      4      1
      2      0      0      2      2
      2      0      0      0      1
      1      2      2      0      1
      1      2      3      4      2

      0      5      3      4      3
      4      4      2      3      4
      4      4      2      3      2
      4      5      0      3      2
      3      0      4      1      2

      0      3      3      4      2
      4      3      2      2      3
      4      3      2      4      5
     -1      2      2      4      5
      2      2      1      2      2

      0      6      4      5      4
      4      3      2      2      5
      4      3      2      3      3
      2      2      2      3      3
      3      4      3      2      3

      7      6      8      8      7
      9      8      7      7      7
      9      8      7      8      7
      3      6      8      8      7
      7      6      8      6      4

      8     11      8     10      8
      7     10      6      8      9
      7     10      6      9      9
      7     10     10      9      9
      6      8     10     10      8

     12     12      8     11      8
     12     12      9     11     11
     12     12      9     10     11
      7      7     11     10     11
     11     10     10     11     11

     11     13     11     11     10
     11     11     10     13     11
     11     11     10     11     13
      8     10      9     11     13
      9     10      9     12     10

     11     13     10     12      9
     11     12     10     11     11
     11     12     10     12     12
     10     12     13     12     12
     10      8      9     10     11

      9     15     14     15     13
     12     14     11     15     12
     12     14     11     10     15
     11     16     12     10     15
      9     12     13     10     12

     12     14     14     12     12
     14     14     12     11     12
     14     14     12     10     12
     11     14     12     10     12
     12     10     12     12     13

     10     15     13     12     13
     12     11      9     11     12
     12     11      9      9     10
      9     12     11      9     10
     11     11     10     11     13

     11     13     11     11     10
     11      9      8     11      9
     11      9      8      9     10
      9      9      9      9     10
     10     10     10      9     13

     10     12      9     11     11
     10      9      8     11     11
     10      9      8     10     10
      9     10     12     10     10
      8      8      9     10     11

     11     13     11     10      9
     11     10      9     10     11
     11     10      9     10     12
      9     12     13     10     12
      9     10     10     10     10

      7     11     10     12      8
     11     10      9     10     10
     11     10      9      8      9
      7     10     10      8      9
     10      7      8      8     11

      8     12     10      7     10
     10     11      8      9     10
     10     11      8      9     10
      8      9     10      9     10
     10      8      9      9      9

      7     11     11     11      8
     11     10     10      9     10
     11     10     10      8     10
      7     10     10      8     10
      8     10     10     10      9

      8     12     10     11      8
     11      9      9      9     11
     11      9      9      9      9
      6      9      9      9      9
      9      8     11      7     10

     10     10     10      9      8
      9      9      9      8      9
      9      9      9      7      9
      7      9     10      7      9
      8      7      9     10      9

      7     11      8     10      9
      9     10      8     10     11
      9     10      8      9     10
      7     11      9      9     10
      6      8      8      9      8

      6     12      6      9      8
      7     10      7      8     10
      7     10      7      7     10
      5      6     10      7     10
      6      7     10      9      8

      9     11      9     10     10
      8      8      7      9      9
      8      8      7      8      9
      7      7      8      8      9
      6      6      6      8      8

      6      9      9      9      8
      8      8      8      6      9
      8      8      8      6      8
      6      9      8      6      8
      8      5      9      6      8

      6     11      8      8      6
      8      7      7      8      8
      8      7      7     10      8
      5      7     10     10      8
      6      8      7      8      6

      6     10      7      7      8
      7      8      6      5      6
      7      8      6      7      9
      6      7      8      7      9
      6      7      8      8      8

      7      5      9      7      6
      7      7      7      5      6
      7      7      7      7      7
      6      7      5      7      7
      5      7      9      6      5

      6     10      8      6      6
      6      6      4      6      6
      6      6      4      5      7
      5      5      9      5      7
      6      4      7      8      6

      3      7      6      6      3
      5      6      4      5      6
      5      6      4      6      5
      4      6      6      6      5
      3      6      7      9      6

      5      8      5      5      5
      8      5      5      8      7
      8      5      5      5      8
      8      9      9      5      8
      6      3      7      5      4

      4      5      4      7      4
      5      6      2      5      6
      5      6      2      5      3
      5      3      3      5      3
      4      4      5      5      4

      4      5      7      5      3
      6      4      4      4      5
      6      4      4      5      4
      1      2      5      5      4
      3      3      6      4      5

      2      6      4      5      3
      3      3      3      4      5
      3      3      3      1      4
      3      3      2      1      4
      1      3      2      3      4

      1      4      3      3      2
      2      3      2      1      4
      2      3      2      1      3
      0      1      1      1      3
      1      2      4      2      3

      1      2      0      0      2
      1      3      0      0      3
      1      3      0      0      3
      0      2      0      0      3
      2      0      1      3      0

      0      1      1      0      0
      1      0      1      0      1
      1      0      1      1      0
      0      0      0      1      0
      0      1      2      1      2

      0      0      0      1     -1
      0      1     -1      0      1
      0      1     -1     -1      1
     -2      0      0     -1      1
      0      0      1      2      0

     -2      0      0      0      1
      1      2     -1      0     -1
      1      2     -1      1      0
     -2      0      0      1      0
      0     -2      0      1      1

      0      2      0      2      0
      0      1     -1      1      1
      0      1     -1     -1      0
     -1      0      0     -1      0
      1      0      0      1      0

     -2      1      0      0      0
      0      0     -2      0      0
      0      0     -2      0      0
     -1     -2      0      0      0
      0      0      0      0      0

     -1      0      0      2      1
      0      2      0     -1      1
      0      2      0      0      3
      0      0     -1      0      3
      0      0      1      2      0

      0      3      0      0      1
      0      0     -1      1      2
      0      0     -1      0      1
     -3      0      0      0      1
      0      0      1     -1      0

      0      3     -1      3      0
      0      0     -2      0      3
      0      0     -2      0     -1
      0      0     -1      0     -1
      0      0      0      1      0

      0      1      0      0      0
     -1      1      0      1      1
     -1      1      0      0      1
     -1      0      0      0      1
     -1      0      0      0     -1

      0      2      1      1      2
      0      1      1      0      0
      0      1      1     -1      0
      1      0     -1     -1      0
     -1      0      0      0      0

      0      0     -1      0      2
      0      1      0     -1      0
      0      1      0     -1      0
      0      0      0     -1      0
     -1      0      0      0      0

      0      0      1      0      0
      0      0      1     -1      1
      0      0      1      0      0
      0      1     -1      0      0
     -1      0      0      1      0

     -2      0      0      0      0
      0      0      2      0      0
      0      0      2     -1      0
     -1      1     -1     -1      0
     -1      1      1      0      0

     -1     -1      1      1      0
      0      0      0      0      0
      0      0      0      0     -1
      0      0      0      0     -1
      1      0     -1      1      0

      0      0      0      0      2
      0      0      0      0      0
      0      0      0      0      0
      1      2     -2      0      0
     -1      0      0      0      0

      0      2      1      0      0
     -1      0      2      0      0
     -1      0      2     -1      0
      0      1      0     -1      0
     -1      0      0      0      0

      0      0      0      1      0
      1      0      0      0      0
      1      0      0      0      0
      0      0      0      0      0
      0      2      0      1     -2

      0      0      0      0      0
      2      0      2      0      0
      2      0      2      0      1
      0      0      0      0      1
      0      0      0      0      0

      0      0      0      0      0
      2      0      1      0      0
      2      0      1      0      0
      0      0      1      0      0
     -1     -1      0      0      0

      0      1      2      3      2
      1      1      4      0      0
      1      1      4      0      2
      0      1      2      0      2
      0      0      1      1      1

      2      2      3      1      2
      2      1      5      3      1
      2      1      5      1      1
      2      1      1      1      1
      1      2      2      1      1

      4      4      4      3      3
      3      3      3      2      4
      3      3      3      3      2
      2      3      4      3      2
      2      0      2      2      2

      0      2      3      3      2
      1      3      3      2      1
      1      3      3      0      2
      2      2      1      0      2
      1      1      0      2      2

      0      1      1      1      1
      0      3      1      0      0
      0      3      1      0      0
      1      1      0      0      0
      0      0      0      1      0

      0      2      1      1      3
      1      1      2      2      1
      1      1      2      1      1
      1      1      0      1      1
      0      0      1      2      0

      3      5      4      3      4
      3      3      3      3      1
      3      3      3      2      2
      2      3      1      2      2
      2      2      2      3      3

      5      4      4      5      5
      4      4      4      5      4
      4      4      4      4      4
      3      4      2      4      4
      2      3      5      4      3

      2      5      3      3      5
      3      3      3      3      2
      3      3      3      3      2
      5      3      2      3      2
      3      3      3      3      3

      2      2      3      3      2
      3      3      3      3      3
      3      3      3      2      2
      3      3      0      2      2
      2      3      2      3      2

      4      1      4      3      3
      3      3      4      3      2
      3      3      4      2      3
      3      2      2      2      3
      1      2      0      4      3

      4      3      3      4      3
      4      4      4      5      2
      4      4      4      4      3
      4      4      3      4      3
      2      2      2      3      3

      4      4      3      4      4
      4      3      5      2      3
      4      3      5      2      4
      5      3      3      2      4
      3      3      5      4      2

      4      4      5      5      4
      4      3      3      5      3
      4      3      3      3      4
      4      4      2      3      4
      3      3      4      4      5

      5      4      4      4      4
      3      5      5      3      2
      3      5      5      4      4
      4      4      2      4      4
      3      2      4      4      4

      3      3      4      5      5
      4      3      5      5      4
      4      3      5      3      4
      4      4      2      3      4
      3      2      3      2      5

      4      4      5      4      4
      4      3      3      3      3
      4      3      3      3      3
      4      4      3      3      3
      3      3      2      4      3

      4      4      4      4      5
      4      4      5      4      4
      4      4      5      3      4
      5      6      2      3      4
      1      3      3      3      4

      4      4      3      5      5
      5      5      4      2      3
      5      5      4      2      3
      4      4      3      2      3
      3      3      2      2      2

      3      4      4      4      5
      4      4      4      2      4
      4      4      4      3      3
      5      4      2      3      3
      4      2      2      4      1

      3      3      4      3      4
      4      3      3      3      1
      4      3      3      3      3
      3      5      3      3      3
      4      2      3      3      2

      3      4      3      5      4
      3      4      5      5      4
      3      4      5      2      4
      3      3      1      2      4
      2      3      2      2      3

      2      3      5      2      4
      4      4      4      3      2
      4      4      4      1      3
      2      4      3      1      3
      4      2      2      3      2

      3      3      3      4      3
      4      3      2      3      3
      4      3      2      1      1
      2      3      1      1      1
      2      3      2      3      1

      4      3      4      3      4
      3      3      4      2      2
      3      3      4      2      3
      4      4      1      2      3
      2      2      2      2      3

      3      4      3      5      3
      4      2      3      3      2
      4      2      3      2      4
      4      3      3      2      4
      0      3      3      3      3

      3      4      4      4      3
      4      3      5      2      2
      4      3      5      4      3
      2      4      3      4      3
      2      1      1      3      2

      2      3      3      4      4
      4      3      4      3      2
      4      3      4      3      1
      4      4      2      3      1
      2      2      3      3      2

      3      3      3      3      4
      3      2      3      4      2
      3      2      3      2      2
      2      2      3      2      2
      1      2      2      4      2

      2      3      3      3      4
      2      3      4      2      0
      2      3      4      2      1
      2      2      2      2      1
      1      0      2      2      2

      2      2      2      3      2
      3      2      3      3      3
      3      2      3      2      1
      3      3      2      2      1
      1      1      3      3      3

      0      4      4      1      3
      3      2      3      2      0
      3      2      3      1      1
      1      4      0      1      1
      1      1      1      1      1

      3      1      3      3      3
      5      2      2      2      2
      5      2      2      0      2
      3      2      2      0      2
      1      1      1      2      1

      1      3      4      3      1
      3      1      2      2      0
      3      1      2      2      1
      2      3      0      2      1
      2      1      1      4      0

      2      4      2      4      2
      3      1      3      2      2
      3      1      3      1      1
      3      4      0      1      1
      0      1      2      3      2

      1      2      3      1      3
      3      2      4      2      1
      3      2      4      0      3
      2      3      0      0      3
      1      1      1      2      0

      2      5      1      3      2
      1      2      2      2      0
      1      2      2      0      1
      1      0      2      0      1
      2      0      2      0      2

      1      1      1      3      1
      2      2      3      1      1
      2      2      3      1      0
      2      1      0      1      0
      2      1      1      1      1

      0      2      3      4      0
      3      2      1      0      1
      3      2      1      0      0
      2      3      1      0      0
      0      0      0      1      1

      2      3      2     -1      1
      1      2      1      1      1
      1      2      1      1      2
      0      1      0      1      2
      0      0      0      1      1

      1      2      2      0      1
      2      4      3      0      0
      2      4      3      2      0
      2      0      2      2      0
      1      0      0      2      1

      2      3      1      2      1
      1      0      1      0      0
      1      0      1      0      1
      0      0      0      0      1
      0     -3      0      0      1

     -1      1      2      2      1
      0      0      2      0      2
      0      0      2      0      0
      1      1     -1      0      0
      0      0      0      0     -1

      2      2      3      1      5
      2      1      2      1      1
      2      1      2      0      0
      1      2      0      0      0
      0      2      0      2      0

      0      0      0      0      2
     -1      0      2      2      0
     -1      0      2      0      0
      0      2      1      0      0
     -1      2      1      0      1

      2      0      1      1      0
      1      2      1     -1     -1
      1      2      1      0      0
      0      1      0      0      0
      0      1      0      2      0

      1      0      5      1      3
      0      0      0      1      0
      0      0      0      0      0
      0      0      0      0      0
      0     -1      0      2     -1

      1     -2      0      2      2
      1      2      4      2     -2
      1      2      4      0      3
      0      0      0      0      3
     -1      1     -3      0     -2

      0      1      3     -3      0
      0      0      3      2      0
      0      0      3      0     -1
      0      0      0      0     -1
      0     -2      0      2      1

      0      1      0      0      0
      2     -3      2      3     -1
      2     -3      2      0      1
      0      0      2      0      1
      1      0      0      3      0

      0      0      1      0      2
      0      0      2      1     -1
      0      0      2      0      0
      0      1     -1      0      0
      0     -1     -1      0      0

     -1      2     -1     -1     -1
      0      0      1     -2      0
      0      0      1      2      0
      1      0      1      2      0
      0      0     -1      0      0

     -1     -2      0     -1      0
      1      2      0      0      0
      1      2      0      1      0
     -1      0      2      1      0
      0     -3      0      2      0

      0      2      2     -1      3
      1     -1      1      2     -1
      1     -1      1     -3     -2
      0      0     -3     -3     -2
      4     -3     -2      0      0

