;
; ENVI ASCII Output of file: E:\Imaging\ROI_AVIRIS\5_2_17.img [Fri Nov 17 12:01:26 2017]
; File Dimensions: 5 samples x 5 lines x 224 bands
; Line Format    : (5i7)
;
    510    528    515    510    514
    498    495    515    515    503
    510    516    521    515    513
    499    516    489    499    513
    524    501    509    509    506

    619    614    608    596    589
    607    577    608    627    620
    605    607    612    627    619
    593    642    626    599    619
    633    602    620    620    627

    658    643    651    658    645
    638    624    651    651    636
    660    645    653    651    650
    667    649    644    649    650
    662    642    649    649    660

    821    809    821    804    809
    819    812    821    828    815
    818    833    814    828    809
    829    842    832    816    809
    840    833    829    829    846

   1202   1197   1203   1192   1199
   1211   1201   1203   1214   1198
   1213   1208   1206   1214   1204
   1225   1230   1218   1230   1204
   1227   1225   1222   1222   1216

   1259   1259   1271   1265   1266
   1275   1254   1271   1269   1259
   1276   1281   1269   1269   1270
   1274   1285   1281   1268   1270
   1292   1281   1291   1291   1278

   1185   1189   1187   1193   1194
   1187   1192   1187   1193   1189
   1204   1207   1205   1193   1193
   1198   1212   1202   1208   1193
   1202   1203   1209   1209   1209

   1099   1096   1094   1099   1098
   1112   1098   1094   1107   1101
   1109   1110   1121   1107   1101
   1110   1118   1108   1118   1101
   1109   1104   1110   1110   1115

   1193   1195   1189   1188   1187
   1208   1189   1189   1193   1195
   1204   1201   1185   1193   1200
   1184   1206   1206   1204   1200
   1202   1193   1201   1201   1200

   1218   1204   1207   1212   1219
   1226   1218   1207   1215   1222
   1218   1222   1219   1215   1218
   1219   1218   1225   1230   1218
   1222   1209   1220   1220   1221

   1177   1180   1178   1185   1180
   1185   1171   1178   1176   1185
   1190   1186   1180   1176   1183
   1177   1191   1187   1185   1183
   1184   1181   1187   1187   1190

   1106   1105   1101   1107   1108
   1103   1104   1101   1116   1104
   1107   1110   1105   1116   1109
   1102   1113   1116   1113   1109
   1111   1094   1105   1105   1110

   1046   1047   1038   1036   1050
   1046   1044   1038   1040   1045
   1053   1052   1054   1040   1044
   1038   1044   1046   1053   1044
   1045   1047   1038   1038   1040

    949    941    939    944    946
    941    936    939    937    943
    941    946    946    937    944
    942    943    945    946    944
    944    945    944    944    938

    860    858    851    856    862
    859    852    851    859    863
    860    858    857    859    858
    851    859    862    864    858
    866    856    853    853    856

    761    759    757    761    766
    763    755    757    770    758
    757    762    758    770    755
    757    757    761    763    755
    754    761    754    754    757

    670    673    671    675    677
    671    666    671    672    670
    674    672    677    672    675
    672    666    670    674    675
    672    677    671    671    671

    640    640    638    642    639
    638    633    638    638    639
    640    639    643    638    640
    638    635    636    637    640
    638    645    639    639    638

    609    607    605    607    600
    605    598    605    603    606
    604    605    607    603    605
    602    602    602    600    605
    603    613    605    605    603

    564    562    561    561    564
    567    560    561    559    566
    561    564    562    559    556
    570    561    558    561    556
    565    571    566    566    566

    520    517    511    514    518
    514    513    511    511    525
    522    518    518    511    518
    517    522    514    516    518
    517    521    520    520    518

    474    470    470    473    479
    476    472    470    474    473
    472    477    479    474    471
    474    475    474    473    471
    477    478    480    480    481

    441    438    437    440    442
    439    431    437    442    443
    444    444    441    442    437
    441    442    438    438    437
    445    449    448    448    441

    392    395    393    389    395
    395    388    393    397    392
    391    390    393    397    385
    396    397    391    385    385
    394    393    400    400    395

    363    365    366    368    369
    364    363    366    364    362
    363    366    368    364    365
    369    366    364    362    365
    369    370    370    370    368

    353    355    349    358    356
    355    353    349    355    357
    353    349    353    355    353
    355    353    352    351    353
    359    359    358    358    357

    328    330    327    328    328
    324    328    327    329    330
    331    333    327    329    325
    331    330    326    328    325
    337    334    333    333    333

    309    303    305    306    303
    300    302    305    305    300
    307    302    307    305    300
    305    304    306    301    300
    308    313    308    308    305

    292    291    288    292    294
    291    290    288    289    290
    293    290    292    289    289
    291    294    289    291    289
    295    294    293    293    294

    272    268    269    267    269
    267    268    269    272    269
    269    267    268    272    269
    268    274    270    270    269
    273    275    275    275    275

    257    255    253    255    254
    255    255    253    255    256
    257    253    254    255    256
    257    257    251    253    256
    257    259    253    253    257

    252    251    249    251    253
    251    249    249    251    249
    250    252    247    251    250
    252    256    251    249    250
    256    254    253    253    255

    254    250    251    248    250
    247    249    251    249    250
    248    244    243    249    248
    249    255    245    247    248
    254    255    247    247    253

    253    251    248    252    252
    251    248    248    251    249
    249    253    247    251    249
    253    255    251    248    249
    257    253    253    253    256

    243    232    231    232    238
    234    237    231    232    236
    230    231    227    232    234
    233    235    232    228    234
    245    236    234    234    241

    209    204    206    208    210
    204    205    206    205    208
    201    204    203    205    209
    206    206    205    202    209
    215    205    206    206    212

    186    181    179    184    184
    186    183    179    181    185
    181    184    177    181    180
    184    182    181    176    180
    193    181    179    179    188

    177    173    170    175    178
    175    172    170    173    175
    172    178    172    173    174
    178    173    173    171    174
    185    174    175    175    180

    164    156    158    162    161
    164    158    158    158    162
    156    162    160    158    159
    158    159    159    156    159
    169    156    158    158    166

    127    123    119    126    124
    124    123    119    120    125
    122    125    122    120    122
    122    120    122    119    122
    131    120    123    123    128

    134    130    131    136    136
    134    130    131    130    136
    127    133    130    130    132
    133    127    129    126    132
    140    127    129    129    137

    148    141    140    148    146
    143    141    140    143    148
    138    145    142    143    142
    144    138    142    136    142
    153    140    139    139    151

    151    142    142    150    146
    145    143    142    143    149
    137    148    143    143    142
    145    140    142    138    142
    155    142    140    140    150

     90     87     84     90     86
     88     87     84     85     90
     83     89     86     85     86
     89     83     86     83     86
     95     84     84     84     92

    118    112    108    118    114
    115    113    108    109    116
    106    118    114    109    110
    114    107    112    106    110
    119    109    109    109    120

    123    116    118    127    122
    121    120    118    117    124
    111    125    119    117    115
    119    112    114    110    115
    128    113    115    115    126

    113    108    105    113    111
    109    108    105    107    115
    103    111    110    107    106
    108    102    105    101    106
    118    104    105    105    114

    102     99     96    107    101
    101    102     96    100    106
     93    103    100    100     99
    101     94     97     93     99
    109     93     95     95    107

     95     90     89     98     92
     94     91     89     91     96
     86     96     92     91     89
     93     84     87     84     89
     99     87     89     89     96

     76     74     70     77     76
     76     75     70     73     79
     70     76     74     73     71
     74     68     71     68     71
     78     69     70     70     78

     77     74     71     79     74
     76     73     71     73     79
     69     76     75     73     74
     78     68     71     68     74
     81     69     70     70     81

     80     79     72     82     77
     79     76     72     77     84
     71     80     80     77     75
     78     71     75     73     75
     85     74     75     75     85

     85     84     77     88     84
     83     83     77     82     87
     77     87     83     82     79
     84     74     78     75     79
     91     76     79     79     90

     81     77     73     82     76
     79     79     73     77     82
     71     83     79     77     75
     80     71     77     69     75
     85     72     73     73     84

     79     76     71     81     75
     77     76     71     77     82
     71     81     78     77     72
     78     69     71     66     72
     83     72     73     73     84

     76     70     67     78     70
     76     73     67     70     76
     65     77     74     70     68
     74     65     69     63     68
     79     68     67     67     77

     70     67     65     69     68
     69     70     65     66     73
     62     73     72     66     66
     71     62     65     60     66
     75     64     67     67     75

     55     55     50     57     53
     54     53     50     51     57
     47     56     53     51     50
     55     46     50     46     50
     59     48     51     51     58

     46     47     41     49     44
     46     45     41     44     48
     43     49     45     44     45
     47     39     43     38     45
     49     42     44     44     50

     40     42     38     43     41
     42     39     38     39     43
     38     41     43     39     36
     42     36     39     35     36
     47     40     37     37     47

     39     38     33     40     35
     37     37     33     35     39
     33     39     38     35     35
     40     30     36     31     35
     42     32     34     34     40

     25     26     26     26     23
     25     25     26     25     24
     21     25     25     25     23
     29     22     21     19     23
     28     24     25     25     27

     18     17     15     19     18
     17     17     15     15     17
     15     17     18     15     15
     18     15     16     14     15
     20     16     16     16     18

     20     18     17     19     18
     20     18     17     18     20
     16     20     19     18     17
     20     16     18     16     17
     21     18     18     18     22

     32     30     28     33     30
     31     31     28     31     33
     28     32     31     31     28
     35     27     29     25     28
     33     29     31     31     36

     37     34     33     38     36
     37     35     33     35     39
     32     36     36     35     32
     37     31     32     27     32
     40     32     34     34     42

     43     40     38     45     41
     42     41     38     41     46
     36     44     41     41     38
     45     35     38     33     38
     46     38     38     38     48

     46     43     40     49     44
     45     42     40     43     47
     39     47     46     43     41
     48     37     40     35     41
     48     40     43     43     51

     44     42     37     46     41
     44     42     37     41     46
     36     47     43     41     39
     46     35     39     34     39
     46     38     43     43     49

     45     41     38     47     41
     44     42     38     42     47
     37     45     43     42     39
     46     35     38     33     39
     47     38     41     41     50

     43     40     37     45     40
     41     41     37     38     45
     34     45     44     38     38
     44     33     37     31     38
     46     37     40     40     48

     40     36     33     44     36
     38     37     33     36     43
     32     40     39     36     35
     42     30     35     29     35
     42     35     38     38     44

     40     37     33     42     36
     37     36     33     36     42
     32     41     39     36     35
     41     30     34     29     35
     42     35     35     35     44

     37     34     30     41     34
     36     34     30     33     37
     30     38     37     33     31
     39     29     32     27     31
     38     32     33     33     42

     35     33     30     38     33
     35     34     30     32     37
     30     37     36     32     31
     38     28     30     26     31
     41     31     32     32     42

     33     30     28     36     30
     32     31     28     29     34
     27     33     30     29     28
     35     25     29     23     28
     34     28     29     29     38

     31     28     25     33     27
     30     28     25     27     31
     25     31     29     27     26
     32     23     27     21     26
     32     26     27     27     36

     29     26     22     30     25
     27     25     22     25     28
     22     29     27     25     23
     29     22     25     19     23
     31     24     25     25     34

     20     20     17     23     19
     20     20     17     19     22
     17     22     21     19     17
     23     16     19     15     17
     25     18     19     19     23

     13     12     11     14     12
     12     13     11     11     13
     11     14     12     11     10
     14     11     11      9     10
     15     11     13     13     15

      5      4      4      6      4
      5      5      4      4      4
      3      6      5      4      4
      6      4      4      3      4
      7      4      5      5      6

      4      5      4      4      4
      4      5      4      4      4
      2      5      4      4      4
      5      3      3      3      4
      5      3      5      5      4

      5      6      5      6      5
      6      6      5      4      5
      5      7      5      4      5
      7      4      5      3      5
      7      4      7      7      6

      4      6      4      5      4
      6      5      4      5      6
      4      6      7      5      5
      7      3      4      4      5
      8      5      5      5      6

      8      9      7      9      8
      8      8      7      7      7
      6      9      8      7      7
      9      6      7      6      7
      8      7      8      8     10

     14     14     12     16     12
     13     13     12     12     15
     10     14     15     12     13
     15      9     11      9     13
     15     13     13     13     17

     16     15     12     18     15
     17     15     12     15     16
     13     16     16     15     14
     19     11     13     11     14
     19     14     15     15     20

     14     13     11     16     13
     15     14     11     13     17
     12     15     14     13     12
     16     10     13      9     12
     18     13     14     14     19

     17     14     11     18     13
     14     15     11     14     16
     11     16     16     14     13
     17     11     14     11     13
     18     14     14     14     19

     13     13     10     14     12
     14     13     10     12     14
     10     14     13     12     11
     15      9     11      8     11
     15     12     13     13     18

     15     14     12     17     13
     14     16     12     13     16
     13     15     14     13     12
     18     10     13     11     12
     19     13     14     14     19

     15     16     11     19     13
     16     15     11     14     16
     12     17     14     14     13
     19     12     14     10     13
     20     13     15     15     20

     17     17     12     19     16
     16     15     12     15     18
     12     19     18     15     14
     19     12     14     11     14
     20     15     17     17     20

     19     16     12     17     15
     16     15     12     16     20
     13     18     18     16     14
     21     13     15     11     14
     21     14     17     17     22

     15     16     12     18     14
     15     14     12     14     18
     11     17     17     14     13
     18     12     14     11     13
     19     13     15     15     20

     15     13     10     17     13
     15     13     10     13     16
     10     15     13     13     12
     17     10     13      9     12
     17     12     14     14     18

     15     16     12     18     14
     15     14     12     14     18
     11     17     17     14     13
     18     12     14     10     13
     19     13     15     15     20

     15     11     12     16     13
     15     14     12     15     15
     13     14     18     15     14
     20     13     11     12     14
     18     12     10     10     11

     12     16     14     17     11
     15     12     14     14     16
     11     11     16     14     14
     16     13      8     10     14
     14     14     14     14     15

     14     11     11     16     14
     14     10     11     13     13
     13     15     11     13     13
     11     16     13     13     13
     11     16     13     13     11

     12     13     10     16     13
     13     15     10     15     13
     13     11     13     15     12
     14     13     13     10     12
     15     15     12     12     13

     10     12      9     13      9
     13     15      9     10     13
      7     11     11     10      9
     11     10     12      8      9
     14     14     12     12     14

     11      7      7     13     10
     12      6      7     10      8
     10     10     10     10      5
     10      9     10      6      5
     10     12     10     10     11

     12      2     -2     13      5
     23      2     -2     21     28
     23     28     25     21     28
     31     21     19     30     28
     15     18     12     12     15

      3      3      5      4      3
      5      3      5      5      4
      3      4      6      5      5
      5      4      3      1      5
      5      5      3      3      5

      1      3      1      1      2
      3      3      1      3      1
      1      1      2      3      4
      2      2      3      1      4
      2      4      3      3      4

      0      0      1      0      0
      1      0      1      0      0
      0      1      3      0      0
      0      0      0     -2      0
      0      1      0      0      0

     -2      0     -1      1      0
      0      0     -1      0      0
     -1     -1      0      0     -1
      1      0     -2     -1     -1
      0      3      1      1      0

      1      1      0      2      0
      2     -1      0      3      0
      0     -2      0      3      0
     -2      1     -1     -2      0
      0      0      1      1      0

      0      0      0      0      0
      1      0      0      0      0
      0      1      0      0      0
      1      0      1      0      0
      0     -1      0      0      0

      0      5      2      4      6
      2      0      2     -2     -2
      0      0     -3     -2      5
      2      7      3     -1      5
      7      8      2      2     11

     -3     -1      3      0      0
      4      0      3      1      0
      0      0      0      1      0
      1     -1      0      0      0
      1      0      0      0      1

     -2      0      0      1      2
      2      0      0      1      1
      0      2     -1      1      4
      3     -1      0      0      4
      1      2      0      0      5

      2      1     -1      1     -1
      2      0     -1      1      2
     -1      0      0      1      1
      4      0     -2     -1      1
      1      3     -1     -1      0

      3      0      2      3      0
      0     -2      2      3      1
      0      4      0      3      3
      0      2      1      1      3
      2      0      3      3     -1

      0      0      2      1      1
      4      0      2      0      2
      0      1      0      0      3
      2      0      0      1      3
      1      5     -3     -3      0

      1      1      3      3      0
      4      1      3      1      4
      0      2      2      1      4
      3      3      3      2      4
      7      1      4      4      3

      5      2      1      7      4
      5      1      1      4      5
      5      3      4      4      2
      4      2      3      5      2
      5      4      3      3      4

      3      2      2      1      2
      4      3      2      2      3
      0      2      1      2      2
      0      2      3      2      2
      2      5      1      1      1

      2      3      4      4      3
      4      2      4      7      4
      3      3      5      7      3
      3      3      2      0      3
      4      4      5      5      3

      9      5      5      5      6
      6      6      5      6      5
      7      6      9      6      6
      7      4      4      6      6
      8      7      5      5      7

      8      9      9      9      9
     11     10      9      8     10
      7     11      9      8      9
      9      9      6      8      9
     10      9      9      9     10

     10     13     11     13     10
     12     11     11     11     10
     10     11     10     11     11
     10     11     11     10     11
     13     11     10     10     10

      8     10     12     11     12
     12     11     12     13     12
     12     13     14     13     11
     12     13     12     10     11
     12     13     11     11     12

     13     11     13     14     13
     12     12     13     11     12
     13     12     11     11     12
     14     13     11     11     12
     14     12     10     10     12

     14     11     14     18     14
     17     15     14     17     14
     16     18     18     17     12
     15     15     15     10     12
     12     15     17     17     13

     12     12     14     14     14
     14     13     14     13     12
     12     12     12     13     14
     14     13     12     11     14
     15     15     13     13     14

     11     11     12     12     12
     14     14     12     13     11
     12     11     10     13     12
     14     13     13     11     12
     14     15     13     13     12

      9     12     12     12     10
     11     11     12     11     12
     11     11     12     11      9
     11     10     10     10      9
     10     12     12     12     12

     11     11     12     10     10
     12      9     12     11      9
      8      9     11     11     10
     11     11     10     10     10
     12     11     11     11      9

     10     11     11     13     12
     14     11     11     11     11
     11     11     11     11     12
     12     12     11     10     12
     13     13     12     12     10

      9     10     11     10     10
      9      9     11     11     11
     10     11     11     11     10
     12     10     12     10     10
     10     10     13     13     10

     10     10     10     10      8
     11      8     10     11      8
     10      9     10     11      9
      9      9     10      9      9
     10     10      9      9      9

     10     10     11     12     11
     14     10     11      9      9
     11     11      9      9     10
     12     11     10      9     10
     11     11     11     11      9

     11      9      9     11      9
     10      9      9     11      9
      9      9      9     11      9
     11      9      8      9      9
      9     11      9      9      9

     11      9      9     12      9
     10      7      9     10      9
      8     10      8     10      9
      9      8      8     10      9
     10     10     10     10      9

      9      8      9     10      9
      8      8      9     10      8
      9      9      6     10     10
      9      8      8      8     10
     10     10      8      8     10

      8      9      9     12      8
     10      8      9      9      9
      6     11      9      9      8
     10     10      8      7      8
      8      8      9      9      8

     10      7      7      8      8
      8      7      7      9      8
      7      9      9      9      8
      9      8      8      9      8
      9      9     10     10      9

      9      8      9      8     10
     10      7      9      7      8
      7      9      9      7      9
      9      8      9      8      9
     12      9      9      9      8

      7      9      9      8      8
      8      6      9      9      9
      9      7      7      9      9
      7      6      7      6      9
     10      8      7      7      9

      6      7      8      8      9
      7      9      8      6      6
      8      9      6      6      9
      6      7      7      7      9
      8      7      7      7      7

      8      5      7      7      7
      7      6      7      6      8
      7      7      7      6      6
      8      7      6      7      6
      6     10      9      9      8

      5      6      8      5      5
      5      6      8      6      7
      6      8      5      6      7
      7      5      6      6      7
      8      8      4      4      5

      6      4      5      5      6
      5      7      5      5      7
      6      7      5      5      7
      8      6      5      6      7
      6      6      6      6      5

      5      5      5      6      5
      5      6      5      6      7
      4      4      5      6      9
     10      8      6      6      9
      5      5      5      5      6

      5      4      6      6      7
      5      3      6      5      5
      6      4      3      5      5
      4      5      5      4      5
      4      5      3      3      4

      3      5      5      5      4
      3      5      5      2      4
      4      4      2      2      4
      2      4      5      2      4
      5      5      2      2      5

      2      3      2      3      2
      3      4      2      3      3
      4      3      3      3      2
      5      3      2      3      2
      3      4      4      4      3

      1      2      1      3      1
      2      3      1      4      3
      3      3      1      4      2
      2      3      2      1      2
      1      3      3      3      2

      0      1      0      3      0
      2      0      0      2      3
      2      1      1      2      2
      2      2      0      0      2
      2      1      1      1      2

     -1      1      0      0      0
      0     -1      0      1      0
      1      1      1      1      0
      3      1      1      0      0
      2      1      0      0      1

      0     -1      0      1      0
      0     -2      0     -1      0
      0      1      0     -1      0
      0      0      0     -1      0
      1      1      0      0      0

      0      0      1      0     -1
      2      0      1      0     -1
      0      1      0      0      0
      2      1      0      0      0
      1      1      1      1      0

      1      0      1      0      1
      1      0      1      1      0
     -1      0      0      1      0
      0      0     -1     -1      0
      1      1      0      0      0

     -1      1     -2      0     -1
      0      0     -2      1      0
     -2      0     -2      1      0
      1      0      0     -2      0
      1      2      0      0      0

      0      0     -1      0      0
     -1      1     -1      1      1
      0      2      0      1      0
      0      0      0      0      0
      0      1      1      1      0

      1      0     -1     -1      1
      0      0     -1      1      0
      0      1      0      1      0
      0      0     -2      0      0
      0      1      0      0     -1

      0      0     -1     -1      0
      1      0     -1      1      0
      0     -1      0      1      1
      1      1      0      1      1
      0      4      1      1      0

      1      0      0      0      1
      1      2      0      1      0
      0      1      0      1      0
      0     -2      1      0      0
      2      0      1      1      0

      1      0     -2      1      1
      0     -1     -2      0      0
      0     -1      0      0      1
      0      1      1      0      1
     -1      0      0      0      1

      0      0      2      0      0
      1      0      2      0      1
     -1     -1      1      0      1
      0      0      0      2      1
      0      0      0      0      0

      0      0      0     -1     -1
      0      0      0      0      1
      0      0      0      0      3
      0      0      1     -1      3
      0     -1      0      0      0

      0      1     -2     -1      1
      1      1     -2      0      0
      1      0      1      0      0
      0      0      0      0      0
      0      0      0      0      0

     -1      0      1      0      0
      0     -1      1      1      1
      0      0      0      1      0
      0      1      1      0      0
      0      0     -1     -1      0

      0      0      0      2     -1
      0      0      0      0      1
      0      0      0      0      3
      0      0      0      0      3
      0      0      1      1      0

      0     -1      0      0     -1
      2      0      0      0      1
      0      0      0      0      0
      0      0      0     -1      0
      0      0      0      0     -1

      0      0      0      0      0
      0      1      0      0      0
     -1      0      1      0      1
      0      1      0      0      1
      0      0      0      0      0

      0      0      1      1      0
      0      0      1      0      1
      1      0      0      0      1
      0      0      0      0      1
      0      0      0      0      0

      0     -1      0      1      0
      0      0      0      0      1
      0      0      0      0      2
      0      2      1      1      2
     -2      1      0      0      0

      0      0      3      1      0
      1      1      3      1      3
      1      2      2      1      2
      0      1      0      0      2
      1      0      1      1      1

      3      3      2      1      2
      1      1      2      2      3
      2      1      3      2      3
      3      3      2      1      3
      1      3      2      2      1

      5      4      3      4      4
      4      4      3      3      5
      3      4      3      3      4
      3      4      4      3      4
      2      4      4      4      1

      2      0      0      2      3
      2      2      0      1      1
      2      2      3      1      4
      1      3      1      2      4
      1      3      2      2      0

      2      1      0      1      0
      2      1      0      0      0
      0      1      2      0      2
      0      1      0      2      2
      1      1      0      0      0

      2      1      2      1      1
      0      0      2      1      1
      1      0      2      1      2
      1      2      0      1      2
      0      1      1      1      1

      3      3      4      3      3
      3      3      4      2      4
      2      2      4      2      4
      4      4      4      3      4
      2      3      2      2      5

      5      3      4      5      3
      4      4      4      5      4
      5      5      4      5      4
      4      4      4      4      4
      3      4      4      4      3

      4      3      5      4      3
      5      4      5      3      3
      3      4      2      3      5
      2      3      3      3      5
      4      3      4      4      3

      1      2      3      4      3
      3      1      3      2      4
      2      3      3      2      4
      1      3      2      3      4
      2      3      1      1      2

      2      2      2      3      1
      2      2      2      3      4
      2      3      3      3      4
      2      2      4      4      4
      1      3      5      5      3

      3      3      4      5      4
      4      2      4      4      4
      2      4      3      4      4
      3      5      5      4      4
      3      5      4      4      3

      5      4      3      3      6
      4      4      3      3      5
      6      5      5      3      5
      4      5      6      4      5
      2      3      3      3      5

      4      3      3      4      4
      6      4      3      3      6
      3      4      5      3      6
      5      6      4      4      6
      4      5      4      4      4

      4      3      4      4      3
      5      4      4      4      4
      4      4      4      4      5
      4      4      6      5      5
      4      4      5      5      4

      4      4      1      3      3
      3      3      1      4      4
      4      5      5      4      5
      3      5      5      4      5
      3      4      3      3      5

      4      3      4      5      5
      4      5      4      4      4
      5      4      3      4      4
      4      5      4      4      4
      3      5      3      3      4

      4      4      3      5      4
      4      4      3      3      3
      5      2      4      3      5
      4      6      4      4      5
      5      5      3      3      5

      3      3      4      4      3
      4      4      4      2      4
      4      3      5      2      4
      4      4      2      4      4
      3      5      3      3      5

      3      5      3      4      3
      4      4      3      2      3
      3      3      4      2      4
      4      4      4      4      4
      4      4      3      3      4

      2      3      4      4      3
      4      4      4      3      5
      2      3      3      3      2
      3      5      4      4      2
      3      3      4      4      3

      3      3      2      3      4
      3      3      2      2      4
      2      3      4      2      4
      4      5      4      2      4
      2      5      3      3      4

      3      4      3      3      3
      3      3      3      4      3
      3      3      2      4      3
      3      3      4      3      3
      4      3      4      4      5

      2      2      3      4      3
      3      4      3      4      4
      3      4      4      4      3
      3      3      4      3      3
      3      5      2      2      3

      3      4      2      4      3
      2      2      2      2      5
      3      3      4      2      4
      3      3      3      4      4
      3      4      4      4      4

      5      3      3      3      5
      5      3      3      4      2
      3      4      4      4      3
      3      4      5      2      3
      4      3      4      4      2

      3      2      3      3      3
      4      4      3      2      3
      3      3      3      2      5
      4      2      4      2      5
      2      4      4      4      4

      3      2      3      4      2
      2      1      3      3      3
      4      3      3      3      3
      4      5      4      3      3
      1      4      3      3      3

      3      4      5      3      4
      4      4      5      4      3
      3      3      3      4      3
      3      1      3      3      3
      3      4      4      4      3

      2      3      3      4      2
      2      3      3      3      3
      3      2      3      3      3
      1      4      1      3      3
      1      3      3      3      3

      3      2      3      2      3
      3      2      3      2      1
      3      3      4      2      2
      3      3      2      2      2
      2      4      2      2      1

      0      3      1      2      2
      3      3      1      2      3
      3      3      1      2      4
      1      3      2      3      4
      0      4      2      2      1

      2      2      1      3      2
      3      3      1      2      4
      2      2      4      2      5
      2      3      3      4      5
      2      5      4      4      3

      3      3      3      2      1
      2      2      3      1      3
      2      3      3      1      5
      2      3      1      2      5
      1      2      3      3      2

      3      1      2      0      2
      2      3      2      3      2
      1      3      2      3      4
      0      3      3      2      4
      1      3      0      0      4

      3      2      2      1      2
      1      3      2      2      2
      2      3      2      2      2
      3      4      2      2      2
      2      3      4      4      2

      0      2      1      1      2
      2      0      1      3      1
      0      2      3      3      3
      1      3      3      2      3
      3      3      2      2      2

      2      1      1      0      2
      1      1      1      0      2
      1      1      2      0      3
      2      0      3      1      3
      0      2      1      1      3

      1      1      1      3      1
      3      1      1      1      2
      2      0      0      1      3
      0      0      0      2      3
      1      4      4      4      0

      0      0      0      0      0
      3      1      0      3      0
      1      0      2      3      1
      0      1      1      1      1
      2      1      0      0      3

      0      0      0      2      0
      1      1      0      2      2
      1      1      1      2      1
      2      0      2      1      1
      1      2      1      1      0

      0      2      0      0      1
      0      0      0     -1      2
      0      1      0     -1      2
      0      1      3      2      2
      0      2      1      1      2

      0      0      0      0      0
      1     -1      0      0      2
      0      0      0      0      1
      0      2      2      0      1
      0      1      0      0      0

      0      2     -1      1      1
      3      0     -1      2      0
      0      0     -1      2      0
      0      1      1      3      0
     -1      0      1      1      1

      1      1      0      0      1
      2      0      0      1      2
      1     -1      2      1      3
      0      0      3      0      3
      1      1      3      3      0

      0      2      0      0      0
      2      0      0      1      0
      3      0      0      1      2
     -2      0      0     -1      2
      0      1      2      2      0

     -1      0     -2      3      2
      4      1     -2      0      0
      0      0      0      0      0
      0      3      1      1      0
     -1      2      2      2      0

     -1      0      0      3      2
      1     -3      0      1      1
      0      0      3      1      0
     -3     -1      1      2      0
      0      2      0      0      0

      0      2      0     -1      0
      0      0      0      0      0
      0      2      0      0      0
     -3      0      0     -2      0
      0      0      2      2      0

      0      1      0      0      0
      0      2      0      2      0
      0      1      1      2      0
     -1      1      4      0      0
      1      1      0      0      3

      0     -1      0     -1     -1
      0      0      0     -1      1
     -1      0      2     -1      0
     -1      1      0      1      0
     -1      0      0      0      2

      1      0     -2      4     -1
      2      1     -2      0      0
     -3      2      0      0      2
      1      0      1      0      2
      0     -1     -1     -1      0

      0      1     -3      1      0
      0     -2     -3     -1      0
      0      0      2     -1      0
     -1      0      1      0      0
      0      4      0      0     -2

     -2      0     -2      2      0
      0      0     -2      2      0
      0     -3      0      2      0
      0      2     -3      2      0
     -2      0      0      0     -2

