;
; ENVI ASCII Output of file: E:\Imaging\ROI_AVIRIS_TestSet\5_2_5.img [Wed Dec 06 10:49:38 2017]
; File Dimensions: 5 samples x 5 lines x 224 bands
; Line Format    : (5i7)
;
    493    509    512    524    505
    532    513    506    511    539
    505    517    512    515    522
    509    501    519    521    526
    511    505    526    512    524

    599    618    598    602    598
    617    608    598    608    617
    609    632    600    614    604
    590    608    606    606    606
    613    605    628    617    633

    663    663    656    644    664
    672    658    653    672    652
    665    651    653    653    650
    665    656    646    680    667
    671    677    670    665    670

    852    852    859    847    840
    847    838    837    832    844
    836    839    836    839    851
    855    852    856    845    841
    871    862    851    847    847

   1244   1250   1246   1254   1257
   1267   1248   1231   1245   1251
   1254   1244   1243   1256   1251
   1255   1255   1256   1254   1240
   1259   1274   1265   1255   1251

   1305   1309   1326   1316   1309
   1317   1312   1302   1307   1315
   1315   1321   1315   1309   1308
   1323   1319   1308   1318   1308
   1317   1326   1305   1324   1306

   1227   1235   1241   1243   1231
   1238   1247   1229   1229   1229
   1234   1233   1227   1228   1230
   1235   1241   1238   1226   1240
   1240   1248   1248   1237   1248

   1129   1138   1143   1134   1131
   1147   1142   1127   1128   1125
   1135   1139   1124   1128   1140
   1139   1136   1138   1136   1133
   1141   1153   1148   1141   1142

   1212   1221   1229   1216   1225
   1223   1210   1210   1205   1223
   1219   1225   1216   1215   1221
   1228   1228   1241   1222   1228
   1230   1245   1230   1235   1226

   1230   1244   1243   1235   1233
   1235   1234   1228   1230   1239
   1237   1238   1231   1229   1247
   1258   1242   1252   1234   1242
   1251   1258   1256   1252   1247

   1186   1204   1203   1204   1195
   1189   1191   1196   1183   1199
   1197   1200   1197   1194   1204
   1201   1198   1200   1204   1202
   1209   1214   1210   1207   1214

   1114   1121   1129   1120   1115
   1117   1112   1110   1119   1127
   1121   1131   1119   1116   1121
   1133   1126   1120   1127   1125
   1132   1136   1137   1127   1135

   1051   1057   1062   1056   1050
   1051   1037   1045   1050   1050
   1059   1058   1050   1059   1055
   1066   1061   1057   1056   1058
   1062   1067   1064   1064   1061

    941    952    951    944    940
    944    939    932    944    946
    948    954    948    946    947
    954    951    950    948    956
    955    962    954    955    955

    854    860    858    854    846
    853    844    846    850    851
    849    856    854    852    860
    866    853    857    857    859
    861    865    864    866    868

    751    751    761    758    747
    746    744    747    747    759
    754    748    749    751    762
    758    761    757    757    758
    762    761    762    762    755

    662    663    666    657    659
    650    658    651    657    661
    663    663    654    667    668
    672    659    672    662    663
    672    669    675    669    675

    627    630    632    625    626
    618    623    619    624    629
    629    628    622    631    633
    636    628    633    629    630
    637    637    638    638    637

    592    596    597    592    592
    585    587    586    591    596
    593    592    590    593    596
    599    595    592    595    596
    602    603    600    607    598

    552    555    551    546    546
    544    537    541    543    553
    549    553    555    549    558
    557    552    551    551    557
    560    559    559    558    564

    504    506    507    503    504
    496    498    495    500    506
    504    504    500    511    507
    508    508    505    506    508
    511    515    511    513    508

    463    463    467    466    462
    453    455    450    464    461
    460    461    459    465    470
    467    459    462    464    466
    467    470    474    470    474

    424    427    430    427    422
    426    424    419    431    428
    428    429    430    425    437
    430    431    434    434    437
    435    439    433    436    434

    378    377    385    380    384
    371    372    370    374    379
    377    380    375    382    386
    384    385    385    382    382
    383    390    385    390    384

    351    353    353    353    352
    346    342    349    351    358
    350    355    352    351    356
    357    353    360    354    359
    355    358    358    360    363

    342    341    342    337    338
    336    336    337    334    341
    333    340    340    342    346
    346    341    341    344    344
    344    350    347    344    349

    313    315    318    318    315
    313    307    311    316    321
    316    314    314    318    319
    315    317    318    318    322
    320    323    323    322    324

    293    291    296    290    291
    287    288    286    292    296
    291    289    292    292    298
    297    293    295    293    298
    295    298    295    301    296

    277    282    284    278    281
    272    271    276    281    278
    279    277    277    281    286
    282    281    280    280    284
    287    289    286    285    283

    260    259    261    264    260
    251    253    255    258    262
    255    258    256    259    268
    259    256    264    262    260
    262    264    265    262    265

    246    243    250    246    245
    240    240    242    244    246
    241    243    243    246    251
    246    241    247    248    250
    246    249    247    252    251

    237    245    243    242    238
    232    233    234    241    241
    236    239    239    239    244
    241    241    241    242    248
    246    244    244    245    249

    233    244    247    239    238
    227    233    231    244    238
    230    242    240    236    240
    246    240    241    242    245
    243    239    239    246    248

    238    245    244    242    238
    232    232    234    240    240
    235    238    237    239    242
    241    241    241    241    248
    246    244    243    246    248

    221    227    228    224    224
    218    215    217    222    223
    213    224    221    219    221
    227    220    224    225    230
    229    227    227    233    230

    197    202    201    195    197
    192    190    194    196    195
    189    196    196    191    193
    199    199    197    197    204
    201    200    197    204    199

    170    177    180    172    172
    170    167    169    175    174
    168    174    173    174    172
    178    174    174    174    179
    179    176    174    184    181

    166    172    174    168    170
    160    160    166    166    165
    159    165    163    167    164
    169    171    167    167    171
    172    168    170    177    172

    153    156    158    152    151
    150    143    150    153    150
    141    151    145    154    148
    153    154    156    150    157
    158    155    157    160    155

    118    118    122    118    116
    118    115    117    118    119
    110    116    117    120    113
    120    118    115    117    123
    124    118    122    126    121

    128    129    133    127    127
    126    119    125    128    126
    116    123    123    128    121
    128    128    125    125    130
    133    125    129    136    129

    139    137    149    137    137
    138    129    138    136    138
    127    134    134    139    131
    137    137    138    132    142
    145    137    139    150    140

    139    138    147    135    138
    137    130    137    137    140
    127    136    131    138    132
    140    137    138    135    140
    144    134    141    152    136

     83     83     86     81     83
     83     76     82     84     83
     75     81     77     88     79
     81     85     83     80     85
     86     83     85     92     83

    109    110    113    107    109
    108    101    108    108    108
     97    106    103    111    101
    106    108    107    104    112
    114    107    111    119    108

    118    112    120    112    117
    115    107    113    111    114
    103    108    107    119    103
    114    113    113    110    117
    120    112    118    126    114

    104    106    113    105    106
    106     95    106    103    104
     92     97     96    107     95
    105    104    103     99    104
    111    102    107    115    103

     98     95    102     95     99
     97     89     98     96     96
     86     91     89     99     88
     98     93     96     92     98
    100     96     99    108     95

     92     89     95     87     90
     91     81     90     87     89
     79     82     83     91     80
     89     87     87     84     90
     93     87     90    101     86

     73     71     75     70     73
     72     64     73     69     71
     62     67     64     76     62
     71     70     69     65     73
     78     70     73     78     70

     75     70     78     71     73
     72     66     73     69     70
     63     68     66     76     64
     72     73     70     68     72
     77     70     73     82     69

     77     74     82     72     76
     77     68     74     72     74
     65     71     67     77     65
     75     74     75     70     78
     80     76     77     83     73

     85     79     90     79     81
     81     71     82     81     78
     68     74     71     84     68
     79     80     76     75     80
     86     79     82     90     77

     77     73     82     74     75
     76     69     78     73     73
     64     69     66     78     65
     76     74     74     71     76
     80     76     76     86     71

     75     74     81     71     73
     75     66     75     71     72
     63     68     66     79     64
     74     72     70     68     73
     78     74     74     85     70

     71     68     77     65     69
     70     61     70     69     69
     59     67     62     72     59
     66     69     66     64     72
     73     67     72     81     64

     71     65     74     63     66
     68     58     69     63     65
     55     61     58     70     55
     64     65     63     60     67
     70     64     66     76     62

     55     51     56     51     53
     52     44     55     50     49
     44     47     45     53     42
     50     53     50     47     53
     54     50     53     60     46

     43     43     47     41     44
     44     38     44     42     43
     37     40     39     47     37
     42     42     41     39     43
     48     45     41     52     42

     39     40     44     40     41
     40     35     43     38     39
     33     36     36     44     34
     38     39     38     35     41
     45     40     42     45     38

     38     35     39     34     36
     37     32     39     34     35
     30     32     32     38     30
     34     35     34     31     36
     39     36     38     43     33

     26     22     26     24     26
     24     22     26     22     22
     20     21     23     28     22
     22     24     23     20     24
     26     26     26     28     22

     17     16     17     16     17
     17     14     18     16     13
     15     14     13     18     13
     15     16     15     14     16
     18     17     18     22     15

     19     18     20     17     18
     19     15     19     18     17
     15     16     15     19     15
     18     18     17     16     17
     20     19     18     22     16

     32     30     34     28     30
     31     26     31     30     29
     24     28     24     34     22
     28     29     28     26     29
     34     30     32     36     28

     35     33     40     32     34
     36     28     35     34     33
     27     30     28     39     27
     33     35     32     30     35
     37     35     35     43     32

     43     39     47     38     41
     42     34     40     38     40
     32     35     33     44     31
     39     40     38     35     40
     45     40     41     50     37

     44     40     49     39     44
     45     35     43     42     41
     32     37     34     46     32
     42     41     40     36     41
     47     42     42     52     38

     43     39     46     38     41
     42     33     43     39     41
     32     37     33     46     31
     39     38     38     35     42
     46     40     43     49     37

     43     38     47     38     41
     42     35     40     40     40
     32     35     33     45     31
     38     39     39     34     40
     45     40     43     51     36

     43     39     46     37     40
     43     35     42     38     40
     30     35     31     45     29
     37     38     37     35     40
     45     40     40     49     35

     38     35     41     34     37
     37     31     40     35     36
     28     31     29     41     26
     35     35     33     31     37
     42     34     37     47     32

     38     34     42     34     37
     37     31     39     35     36
     28     31     29     42     26
     34     36     34     31     37
     39     35     37     45     32

     36     32     39     31     35
     36     28     37     32     32
     25     29     26     39     23
     32     33     32     29     33
     38     33     35     42     29

     35     30     38     30     33
     35     27     35     32     32
     24     30     26     38     22
     31     32     31     29     33
     37     32     33     42     30

     32     28     36     27     32
     31     25     32     30     29
     22     26     23     34     21
     29     29     27     24     31
     33     29     31     37     26

     30     26     33     25     29
     29     22     30     27     27
     20     24     21     31     19
     26     27     25     23     28
     31     27     28     35     24

     28     24     30     23     26
     26     20     27     24     24
     18     21     20     29     17
     24     25     24     21     25
     29     25     26     33     22

     21     18     23     18     20
     21     16     21     19     19
     15     17     15     24     13
     18     19     17     16     19
     23     19     21     25     17

     12     11     15     10     13
     13      9     13     11     11
      8      9     10     15      8
     10     10     11     10     12
     13     11     13     16     11

      6      4      6      5      4
      5      3      6      4      4
      4      4      4      5      4
      4      5      5      4      5
      5      5      6      7      4

      4      4      5      4      4
      4      2      5      5      2
      3      4      3      4      2
      3      5      2      3      3
      5      5      5      6      3

      7      5      6      4      6
      6      4      6      6      5
      4      4      4      7      3
      5      6      5      4      4
      7      5      5      7      5

      6      5      7      4      6
      6      3      5      5      4
      3      4      4      6      3
      5      6      5      4      4
      6      4      5      7      4

      9      7      9      7      8
      8      6      7      7      7
      4      5      6     10      5
      8      7      8      6      8
      9      7      8     10      7

     13     11     15     12     14
     13     10     13     12     12
      9     11      9     16      8
     11     12     11     10     12
     15     13     14     19     11

     17     14     18     14     15
     16     11     16     14     14
     11     12     10     20      8
     13     14     14     12     15
     19     16     16     20     13

     16     14     16     12     14
     17     11     15     13     12
      9     12     10     16      8
     12     13     13     12     14
     16     13     15     19     11

     17     13     18     12     16
     16     11     16     13     14
     10     12     10     18      9
     14     14     14     11     13
     17     14     15     18     12

     15     10     15     12     12
     13      9     14     11     11
      8     11      9     15      7
     12     11     11     10     13
     15     12     14     16     10

     16     13     18     13     15
     16     10     16     13     14
      9     12     10     18      8
     13     14     13     11     14
     16     15     15     22     13

     17     13     18     13     14
     16     11     16     14     14
      9     12     10     19      8
     12     13     14     11     15
     18     15     15     21     12

     19     16     18     14     18
     18     12     18     16     16
     11     13     11     19      9
     14     15     16     13     16
     19     17     17     23     13

     18     15     19     14     16
     16     12     17     15     15
     10     13     11     19      9
     15     15     14     13     16
     21     16     18     21     13

     18     13     19     13     15
     16     10     16     14     14
     10     12     10     18      9
     14     13     13     12     13
     19     15     15     20     12

     14     12     17     11     14
     14     11     15     13     13
     10     10     10     17      7
     12     14     12     10     12
     16     13     16     19     11

     18     13     19     13     15
     16     10     16     14     14
      9     12     10     18      8
     14     13     13     12     13
     19     15     15     20     12

     17     14      7     15     17
     14     11     15     13     13
     13      8     14     16     13
     18     12     13     12     11
     16     10     13     17     14

     12     15     13     13     16
     14     15     16     15     14
     10     12     15     12     14
     13     11     16     15     15
     17     16     12     14     16

     13     12     10     17     15
     11     14     18     15     14
     17     10     12     15     13
     11     15     14     13     14
     12     14     14     17     17

     14     14      8     14     12
     12     15     12     12     12
     15     12     18     13     13
     14     12     15     13     16
     12     12     15     14     14

     11      9      8     13     14
     10     13     12     11     12
      7      9     10     11     13
     14      9     13     14     14
     12     11     14     14     14

      7      9      7      9     10
      7      7      9      9      9
      8      8      9      8      7
     11      7     10     10      8
      9     11      9      7      9

      5     19     34     31     31
     16     -1      3     12      5
     30     10     13     29     26
     22     18     28     25     18
     21     27     28     35     31

      4      5      4      4      6
      6      5      3      5      7
      5      4      4      5      5
      6      4      5      5      1
      5      5      3      5      5

      2      4      3      5      4
      2      1      4      1      3
      0      3      3      3      3
      1      1      3      2      3
      2      3      3      4      4

      1      1     -1      0      1
      1      1      1      0      0
      0      0      0      1      1
      1      1      0      0      0
      0      0      0      0      3

      0      0     -1      0      1
      1      0      3     -1      2
      1      0      0     -2      0
      0      1      2      0      0
      0      0      2     -1      0

      1      3      0      0      2
      0      0      1      0      0
      0      2      0      0      0
      3      0      1      2      0
      0      0      0      0      2

      1      0      0      0      1
      1      1      1      0     -1
      0      0      1     -1     -1
      2      2      1      0      0
      1      1      0      0      1

      0      0     -1     -2      0
     -2      4      6      4      0
      0      1      3      0      2
      3     -1      0     -2     -3
      1     -4     -2      0     -3

      0      0     -5      0      3
      1     -1      1      0     -3
     -1      3      0      0      0
      0      0      2      0      0
      0     -1      0      1      2

      2      2      0      1      3
      1      1      2      1      0
     -2      0      4      0      1
      3      0      0      1      1
      3      4      2      0      3

      0      0      0      0      2
      0      0      0      2      0
      0     -1      1     -1      1
      2      1      1     -1      1
      1      2      0      1      1

     -1      3      0      1      1
      0      0      0      1      0
      1      1      2      4      0
      3      1      0      3      0
      1      1      1      2      2

      1      0      1      2      0
      0      1      3      0      0
      0      0      3     -1      1
      1      3      2      0      1
      3      1      0      3      2

      4      3      2      4      3
      2      5      3      0      3
      3      4      1      2      1
      0      4      2      3      3
      4      3      2      4      2

      4      5      2      4      5
      4      4      3      5      0
      3      3      4      0      2
      4      1      5      2      3
      4      5      3      3      2

      2      2      1      4      1
      1      3      2      3      3
      1      3      2      2      3
      6      3      4      4      3
      1      3      0      2      3

      2      4      2      4      5
      3      5      6      2      2
      2      4      3      3      5
      5      6      3      5      2
      4      4      3      3      2

      6      4      5      7      5
      6      5      9      6      7
      6      8      4      7      9
      8      7      7      7      6
      5      7      7      8     10

      8      8      9     11     12
      8      9     11     10      9
      9      8     10     11     10
      9      9      9      7      8
      9     12      8      8      9

     10     10     10     13     12
     12     13     12     10     13
      9     11     12     12     12
     10     11     12     12     13
     13     12     11     12     11

     10     10     10     10     13
     10     10     12     10     12
     10     13     10     13     12
     13     10     12     11     11
     12     11     12     13     11

     12     13     12     13     13
     10     14     13     11     14
     12     10     13     13     13
     12     11     14     14     11
     13     14     14     14     14

     11      9     14     14     11
     13     11     11     11     12
     14     14     12     15     16
     12     15     12     13     14
     16     15     10     13     15

     12     10     12     14     12
     12     13     14     10     14
     14     13     11     15     14
     14     13     12     15     13
     14     15     13     15     15

     11     13     13     13     11
     12     12     13     13     10
     10     13     11      9     12
     13     13     13     12     15
     14     13     14     13     13

     10     12     12     13     12
     11     10     12     11     10
     13     12     12     12     10
     11     11     11     11     11
     11     10     12     11     12

     11     11     11     13     12
      9     10     11     10     11
     11     11     10     11     11
     13     12     12     11      9
     10     12     13     10     12

     10     10     10     11     13
     10     10     12      9     10
     11     11     10     12     13
     14     11     14     12     13
     10     13     13     12     14

      9      9     10     12     11
      9     10     11     12     10
     10     10     10     11     12
     10     10     10     12     10
     10     10     12     11     12

      8     11     11     12     13
      8     10     10     10     12
      9     10     11     11     11
     12     11     10     10     10
     10     11     11     10     11

     10     10      8     11     13
     10     11     11     12     10
     11     12     11     11     12
      9     10     11     12     11
     13     13     10     12     12

     11     11      9     10     10
     10      9     12     10      9
     11     12      9     10     12
     12     10     12     10     10
     12      9     12     12     10

     10     10     10     10      9
      9      9     11     11     12
      9     10      8      9     12
      9     11     10     11      9
      9     10      9     10     11

     11      9      8      9     12
      9      9     11      8     10
     10     11      9      8     11
     11      9      9     10     10
     10     10      8     12     10

      9      8      9     10     11
      9      9      8     10      9
      8      8      9      9     11
      8     10     10     10      9
     10     10      9      8     12

     10      9      8     10     10
      7      8      9      8     10
     11      9      9      7      7
      9      8      8     10     10
     10      9     11     10     11

      8      9      7      8      9
      8      6      8     10      9
      8      6      9      8     10
      9      9      9     10     10
      9     11      8      9      9

      8      8      8     10      8
      7      7      8      7      8
      8      8      8      6      8
      6      9      7      9      8
     10     10      9     10      8

      7      7      9     10      8
      7      7      9      6     10
      8      9      7      8      7
      9      7      8      8      8
      9      8      8      6     10

      8      7      6      9      7
      6      8     10      7      8
      8     10      6      7      7
      8      6      9      7      7
      8      6      6      8      8

      5      6      7      8      7
      6      7      6      7      8
      3      7      7      7      8
      7      7      8      8      7
      7      9      7      6      9

      8      4      7      5      7
      6      6      6      6      6
      6      8      6      8      4
      5      7      7      5      8
      5      7      6      9      7

      4      7      6      5      4
      6      5      6      7      7
      5      3      5      4      5
      6      6      7      6      7
      7      7      6      7      7

      4      5      5      5      6
      4      5      4      4      6
      5      7      6      4      3
      6      5      6      7      6
      5      7      5      7      4

      4      5      5      5      7
      6      4      6      4      4
      5      3      4      5      4
      7      4      5      6      6
      4      6      3      5      5

      3      2      4      3      3
      4      7      5      5      3
      4      5      3      3      3
      5      4      4      4      3
      4      3      2      4      3

      2      3      1      2      4
      1      0      4      2      0
      2      2      3      4      2
      3      1      3      2      1
      4      3      4      3      3

      0      2      1      2      1
      0      0      4      1      1
      2      0      1      2      2
      1      1      2      1      3
      2      1      1      1      1

      1      1      0      0      2
      1      1      1      1      0
      0      1     -1      2      1
      0      0     -1      2      1
      0     -1      0      2      2

      0      0      0      1      1
     -2      0     -1      0      0
      1      0      0      0      1
      0     -1      0      0      0
      1      0     -1      2      0

      0      0      0      0      1
      2      0      0      1      0
      0      0      0      0      1
      1      1      2      2      0
      0      1      0      0      1

      0      0      0      2      0
      1      0      0      0      0
      0      3      0      0      0
      0      0      1      0      0
      1      1      0      1      0

      0      0     -1      0      0
      0      0      1      0     -1
     -2     -1     -1      0      0
      0      0      0      0      0
      1      0     -2      1      0

      0      0      0      0      0
      0     -2      0      0      0
      0      0      0      0      0
      2     -1      0      0     -2
      1      0      0      0      0

     -2     -1      0      2      0
      0      0      0      0      0
      0      0      0      0      0
      0      0      0     -2      0
      0      1      0      2      0

     -2      0      0      0      0
      0      2      1      0      0
      0      2      0      0      0
      0      0      0      2      0
      0      0      0      0      2

      0      1      0      1      0
      1      0      2     -1      0
      0      0      0      0      0
      0      0      0      1      0
     -1      1     -2      1     -1

      0      0     -2      0      0
      0      1      0      0      0
      0      0     -1      1      3
      0      0      0     -1      0
      0      2      1      1      0

      0      1      0      0     -1
     -1     -2      0      0      0
      0      0     -2     -1      1
     -1      0      0      0      1
      0      0      2      0      0

     -1     -1      1      0      0
     -1      0      1      1      0
     -1      0      0      0      1
      0      0      0      0      0
      0      0      2     -1      0

      0      0      0      0     -1
      0      0      0      0      0
     -1      0      0      0      0
      0      0      0      0      0
      0      0      1      0      0

     -1      1      0      0      0
      0      0      1      0      0
      1      0     -2      1      0
      1      0      0      0      0
      1      0      0      0      0

     -1      0      0      0      0
      0      0      0      0      0
     -1     -1      0      0      1
     -2      0      0      0      0
      0      0      1      0      1

      0      0      0      0      0
      0      0      1      0     -1
     -1      0     -1      0      0
      0      0      0      0      0
      0      0      0      0      1

      0      0      1      0      0
     -1      0      0      1      0
      0      0     -1      0      0
      0      0     -2      0      0
      0      0      0      0      0

     -1      0      0      0      0
      0      0      0      1      0
      1      1     -1      1      1
      0      1      0      0      0
      0      0      0     -1      0

      0      1      0      1      0
      2      1      0      1      0
      0      1      0      0      0
      1      1      0      0      1
      0      0      1      0      1

      1      1      1      2      1
      2      0      1      3      1
      0      2      0      2      3
      2      0      0      1      1
      2      0      3      1      1

      3      2      0      3      2
      2      3      2      3      0
      0      2      1      0      4
      3      3      1      2      3
      3      2      4      3      4

      3      1      2      3      1
      2      3      4      4      4
      2      4      1      3      3
      3      4      3      4      4
      1      1      4      4      3

      1      0      2      2      1
      2      3      3      4      2
      2      2      2      3      4
      2      1      2      3      1
      2      2      1      1      3

      0      0      2      1      0
      0      0      0      2      0
      0      0      1      1      2
      1      1      0      1      0
      2      0      2      1      2

      1      1      0      2      0
      2      1      0      2      1
      0      2      0      2      3
      2      1      2      1      1
      2      0      2      1      1

      4      2      2      4      3
      3      3      3      4      3
      2      3      1      2      4
      2      3      3      3      3
      5      4      4      4      3

      4      6      4      4      5
      4      4      5      5      4
      4      5      4      6      5
      3      5      5      5      3
      6      5      7      5      3

      5      2      4      4      5
      3      3      3      5      4
      3      3      2      4      5
      4      4      4      4      4
      4      2      4      4      4

      3      2      2      3      2
      2      2      2      4      2
      1      4      2      3      4
      2      4      4      4      5
      3      2      4      3      3

      1      2      4      3      3
      3      3      2      2      3
      3      4      2      3      3
      3      3      3      3      3
      4      2      4      3      3

      3      3      4      4      3
      4      3      3      5      2
      3      4      3      4      5
      3      5      4      4      4
      3      3      7      4      4

      3      4      5      4      4
      3      4      4      5      5
      4      5      3      4      5
      4      4      5      6      4
      5      5      7      7      4

      3      4      5      5      6
      4      3      4      5      5
      3      3      3      6      6
      4      4      4      3      4
      5      5      6      3      3

      3      5      5      4      5
      3      4      4      6      5
      4      4      2      5      6
      5      5      4      4      6
      5      2      7      5      5

      3      5      5      6      3
      3      3      3      4      4
      4      4      3      5      6
      3      5      4      4      5
      6      4      7      6      5

      2      4      3      6      5
      5      4      4      4      5
      4      4      4      4      4
      4      6      5      3      4
      5      4      5      5      4

      3      4      5      5      4
      4      6      3      5      4
      4      6      4      4      5
      3      5      4      4      6
      5      3      5      4      5

      3      5      4      4      4
      3      4      4      6      5
      3      5      2      4      5
      3      3      3      4      3
      4      4      6      5      4

      3      4      4      4      3
      4      2      4      5      3
      4      5      2      3      5
      4      4      3      5      4
      4      5      4      4      4

      3      4      3      5      6
      4      3      3      4      2
      2      4      3      4      5
      4      4      3      4      3
      3      2      4      4      3

      3      4      5      4      5
      3      4      5      4      3
      3      3      2      3      6
      5      3      4      2      4
      5      4      5      3      4

      3      3      3      4      4
      4      4      3      4      4
      3      3      3      4      4
      3      4      3      3      4
      4      3      6      4      4

      1      3      4      4      3
      2      2      4      4      3
      2      3      3      3      5
      2      4      2      4      3
      4      3      4      3      4

      2      7      5      3      3
      3      4      4      4      3
      4      3      3      4      5
      2      4      4      4      4
      5      3      6      3      5

      3      3      2      5      4
      3      4      5      4      4
      3      3      1      4      4
      3      3      3      2      6
      4      4      5      4      5

      3      3      3      6      4
      3      4      4      5      2
      2      4      3      4      5
      4      4      2      4      6
      6      2      5      4      4

      3      4      5      3      2
      4      3      3      4      3
      3      3      2      6      4
      2      3      3      5      6
      3      4      6      4      3

      4      3      3      3      3
      3      3      2      4      5
      1      4      3      4      3
      2      2      4      2      5
      4      3      5      3      5

      1      3      3      4      5
      2      1      4      3      3
      2      3      2      4      6
      2      1      3      2      2
      3      2      3      3      2

      3      2      4      3      3
      3      3      3      3      3
      3      3      2      3      2
      3      4      1      0      5
      5      1      4      4      3

      3      4      3      4      2
      3      1      2      3      3
      2      2      2      4      5
      2      3      3      3      3
      2      1      4      4      5

      3      1      2      4      2
      3      2      3      3      1
      1      1      1      2      2
      3      2      2      3      3
      4      2      5      3      2

      3      4      3      3      3
      2      1      3      1      2
      1      3      4      2      2
      1      1      3      3      2
      2      4      2      2      2

      1      3      2      4      3
      3      3      3      2      2
      1      4      1      3      3
      1      2      3      2      3
      4      2      5      4      2

      0      1      0      1      1
      0      1      2      2      3
      0      3      0      3      3
      2      2      2      1      3
      2      1      4      1      0

      1      2      1      1      0
      2      0      3      2      0
      1      1      0      2      3
      1      2      4      1      3
      1      0      4      4      2

      0      2      1      2      0
      1      1      3      1      0
      2      3      1      2      2
      1      2      1      2      3
      1      2      4      4      2

      1      0      2      1      1
      2      0      1      3      2
      0      1      2      0      3
      2      0      2      0      2
      1      1      4      2      2

      1      0      0      5      3
      1      2      3      2      0
      1      0      1      2      1
      0      0      0      0      2
      1      1      4      1      2

      2      0      0      1      1
      1      1      3      1      2
     -1      0      1      1      2
     -1      0      3      1      0
      1      0      2      2      3

     -1      1      1      1      1
      0      0      1      3      0
      0      2      1      3      3
      0      2      2      1      1
      1      0      0      3      3

     -1      1      1      0      0
      0      0      0      2      0
      0      0      1      1      3
      0      0     -1     -1      2
      0      1      0      1      0

      2      0      0      0      1
      0      2      0      1      1
      0      3     -1      2      2
      0      0      2      1      0
      1      0      2      3      2

      0      1      3      0      2
      0      3      0      2      2
     -1      2      0      0      1
      0      0      0      2      1
      2      2      0      2      0

      1     -1      0      0      1
      2      0     -1      1      0
      0      0      2     -3      0
     -1      1      0      0      0
      2      0      4      0      3

      0      2      1      0      0
      2      1      0      0      2
      0     -1      0      0      0
      0      3      1      2      2
      1      0      0      3      0

      0      1      0      0      2
     -2      4      2      1     -1
      0     -1      2     -1      0
      0     -4      5      2      1
      3      1      0      1     -1

      0     -1      0     -1      0
      1      0      0      3      1
     -2     -1      1      0      0
      0      0     -1      0      1
     -1      0      0     -2      1

      0      0      3      0      1
     -1      1      2      0      0
     -2      0     -1      3      0
      0      0      3      0      3
      3      0      0      0      0

      0      3      2      1      0
      0      1     -1      1      0
      0     -1      0      1      0
     -1      1      0     -1     -1
      0     -1      0      1      1

     -1      0      0     -1      0
      0      1      3      2     -1
      0     -1      0      2      2
     -1      2      2      0     -1
     -1     -1      3      1      1

     -4     -1     -3     -2      0
      0      0      1      1      0
      0      1     -1      0     -3
     -3     -3      0      0      0
      1      0      0      1      0

      0     -1      0      2      1
      0      0      0      0      1
      0     -2     -2      0     -1
      0      3      0      0      1
     -2      0      0      0      1

