;
; ENVI ASCII Output of file: E:\Imaging\ROI_AVIRIS\5_2_13.img [Fri Nov 17 12:00:54 2017]
; File Dimensions: 5 samples x 5 lines x 224 bands
; Line Format    : (5i7)
;
    478    471    483    500    485
    478    471    483    500    477
    492    484    485    467    477
    492    484    498    487    467
    483    503    498    487    467

    585    588    583    599    584
    585    588    583    599    591
    574    573    583    579    591
    574    573    589    570    589
    582    586    589    570    589

    632    622    633    652    630
    632    622    633    652    618
    636    629    634    628    618
    636    629    625    624    638
    635    624    625    624    638

    818    800    820    822    818
    818    800    820    822    817
    817    808    805    829    817
    817    808    799    792    821
    806    822    799    792    821

   1194   1192   1216   1215   1193
   1194   1192   1216   1215   1204
   1196   1192   1196   1212   1204
   1196   1192   1200   1201   1201
   1190   1200   1200   1201   1201

   1264   1267   1271   1278   1270
   1264   1267   1271   1278   1274
   1255   1275   1252   1274   1274
   1255   1275   1268   1274   1268
   1267   1262   1268   1274   1268

   1193   1195   1197   1207   1197
   1193   1195   1197   1207   1193
   1187   1189   1197   1201   1193
   1187   1189   1198   1192   1190
   1194   1188   1198   1192   1190

   1092   1102   1107   1117   1112
   1092   1102   1107   1117   1112
   1099   1106   1110   1113   1112
   1099   1106   1101   1103   1107
   1109   1109   1101   1103   1107

   1200   1194   1196   1195   1194
   1200   1194   1196   1195   1210
   1182   1196   1200   1200   1210
   1182   1196   1204   1196   1191
   1188   1202   1204   1196   1191

   1210   1212   1210   1212   1218
   1210   1212   1210   1212   1221
   1213   1211   1219   1227   1221
   1213   1211   1224   1218   1223
   1208   1217   1224   1218   1223

   1170   1184   1172   1178   1179
   1170   1184   1172   1178   1191
   1178   1172   1178   1179   1191
   1178   1172   1186   1183   1181
   1179   1183   1186   1183   1181

   1104   1111   1094   1102   1104
   1104   1111   1094   1102   1114
   1098   1098   1107   1113   1114
   1098   1098   1113   1108   1105
   1096   1110   1113   1108   1105

   1042   1047   1036   1047   1040
   1042   1047   1036   1047   1053
   1044   1048   1047   1047   1053
   1044   1048   1041   1052   1049
   1042   1047   1041   1052   1049

    938    936    930    933    932
    938    936    930    933    943
    936    939    943    943    943
    936    939    942    939    942
    935    940    942    939    942

    849    852    849    845    854
    849    852    849    845    858
    849    848    848    856    858
    849    848    852    853    855
    858    853    852    853    855

    753    750    754    752    751
    753    750    754    752    764
    757    751    747    754    764
    757    751    751    756    756
    760    752    751    756    756

    662    665    664    667    663
    662    665    664    667    674
    662    665    661    670    674
    662    665    658    662    668
    666    663    658    662    668

    630    630    630    635    631
    630    630    630    635    641
    632    631    626    632    641
    632    631    626    627    633
    633    627    626    627    633

    596    594    596    603    598
    596    594    596    603    606
    601    596    591    593    606
    601    596    593    591    597
    599    590    593    591    597

    554    560    555    562    555
    554    560    555    562    556
    558    549    555    556    556
    558    549    555    554    555
    556    549    555    554    555

    512    510    509    514    506
    512    510    509    514    514
    508    504    502    507    514
    508    504    509    503    511
    509    504    509    503    511

    467    468    466    469    471
    467    468    466    469    468
    467    467    462    461    468
    467    467    464    461    467
    462    461    464    461    467

    436    428    434    437    433
    436    428    434    437    435
    436    430    423    435    435
    436    430    425    427    433
    427    430    425    427    433

    387    384    387    391    390
    387    384    387    391    388
    384    377    382    385    388
    384    377    381    382    376
    385    379    381    382    376

    358    360    360    361    356
    358    360    360    361    362
    355    355    353    363    362
    355    355    350    354    356
    355    351    350    354    356

    347    342    347    348    347
    347    342    347    348    344
    340    343    342    344    344
    340    343    343    338    344
    339    344    343    338    344

    319    321    320    326    319
    319    321    320    326    320
    322    317    317    321    320
    322    317    318    315    317
    317    319    318    315    317

    294    293    299    304    296
    294    293    299    304    296
    294    294    295    295    296
    294    294    294    298    295
    295    296    294    298    295

    280    280    285    289    287
    280    280    285    289    287
    283    279    284    283    287
    283    279    279    280    281
    286    282    279    280    281

    262    262    261    269    266
    262    262    261    269    263
    258    261    261    264    263
    258    261    260    261    265
    260    257    260    261    265

    248    249    249    254    245
    248    249    249    254    253
    247    247    246    247    253
    247    247    247    248    247
    248    250    247    248    247

    245    242    243    249    243
    245    242    243    249    245
    241    245    246    245    245
    241    245    242    242    242
    240    241    242    242    242

    244    242    244    247    242
    244    242    244    247    246
    239    243    242    248    246
    239    243    242    244    241
    236    238    242    244    241

    245    242    242    250    242
    245    242    242    250    244
    241    244    246    244    244
    241    244    242    243    241
    239    241    242    243    241

    225    227    226    231    223
    225    227    226    231    231
    220    224    225    232    231
    220    224    228    227    224
    219    225    228    227    224

    204    202    199    205    196
    204    202    199    205    205
    194    198    198    200    205
    194    198    202    205    198
    191    198    202    205    198

    174    175    175    182    172
    174    175    175    182    179
    175    173    176    175    179
    175    173    177    181    173
    166    176    177    181    173

    167    168    167    173    165
    167    168    167    173    171
    167    168    168    169    171
    167    168    173    173    168
    163    167    173    173    168

    153    158    150    157    146
    153    158    150    157    156
    153    151    154    154    156
    153    151    154    157    150
    144    153    154    157    150

    121    122    117    124    114
    121    122    117    124    118
    117    121    117    121    118
    117    121    124    123    117
    113    117    124    123    117

    128    132    125    131    120
    128    132    125    131    128
    124    125    127    126    128
    124    125    130    131    126
    120    125    130    131    126

    137    143    135    143    131
    137    143    135    143    140
    136    136    138    139    140
    136    136    144    143    137
    132    137    144    143    137

    138    142    136    144    129
    138    142    136    144    142
    136    139    138    138    142
    136    139    146    145    136
    132    137    146    145    136

     84     87     81     85     77
     84     87     81     85     84
     80     81     83     83     84
     80     81     88     88     82
     78     82     88     88     82

    107    111    106    112     98
    107    111    106    112    109
    105    108    109    107    109
    105    108    114    111    105
    100    105    114    111    105

    112    119    109    117    104
    112    119    109    117    114
    111    112    114    114    114
    111    112    118    121    111
    106    113    118    121    111

    104    108    102    107     94
    104    108    102    107    107
     99    101    104    103    107
     99    101    110    110    102
     97     99    110    110    102

     97     99     94     98     83
     97     99     94     98     97
     95     92     98     94     97
     95     92    102    102     96
     89     94    102    102     96

     86     93     85     92     79
     86     93     85     92     88
     84     86     89     87     88
     84     86     95     94     86
     79     86     95     94     86

     71     74     67     74     62
     71     74     67     74     71
     69     69     71     69     71
     69     69     75     74     70
     63     68     75     74     70

     70     74     68     72     64
     70     74     68     72     70
     69     68     70     67     70
     69     68     76     75     71
     64     68     76     75     71

     75     80     71     77     64
     75     80     71     77     73
     70     70     75     72     73
     70     70     81     79     73
     66     72     81     79     73

     79     83     77     83     68
     79     83     77     83     79
     76     75     79     78     79
     76     75     85     82     77
     69     76     85     82     77

     74     80     72     77     63
     74     80     72     77     75
     71     71     75     71     75
     71     71     79     79     72
     66     71     79     79     72

     72     80     69     73     63
     72     80     69     73     72
     69     69     73     69     72
     69     69     78     78     72
     63     70     78     78     72

     66     73     64     71     58
     66     73     64     71     68
     64     64     69     66     68
     64     64     74     71     65
     61     64     74     71     65

     64     70     60     66     54
     64     70     60     66     65
     62     60     64     62     65
     62     60     73     70     63
     57     61     73     70     63

     49     56     47     54     41
     49     56     47     54     51
     49     48     51     47     51
     49     48     55     54     49
     43     47     55     54     49

     44     48     39     46     36
     44     48     39     46     42
     40     41     42     42     42
     40     41     48     46     40
     36     38     48     46     40

     40     41     37     41     31
     40     41     37     41     39
     37     38     39     38     39
     37     38     44     42     39
     32     37     44     42     39

     36     39     32     38     30
     36     39     32     38     37
     34     35     35     35     37
     34     35     41     38     35
     31     31     41     38     35

     25     25     21     25     19
     25     25     21     25     24
     22     22     24     22     24
     22     22     26     27     21
     19     21     26     27     21

     15     18     14     18     13
     15     18     14     18     15
     15     14     15     16     15
     15     14     18     16     15
     13     14     18     16     15

     18     20     16     21     14
     18     20     16     21     18
     17     15     16     17     18
     17     15     20     20     15
     14     16     20     20     15

     28     30     26     32     23
     28     30     26     32     28
     28     28     29     28     28
     28     28     34     31     28
     23     27     34     31     28

     33     35     32     35     28
     33     35     32     35     34
     31     31     34     30     34
     31     31     36     35     30
     28     29     36     35     30

     38     43     36     43     30
     38     43     36     43     38
     35     34     38     34     38
     35     34     42     39     37
     32     36     42     39     37

     41     45     37     43     32
     41     45     37     43     40
     38     39     40     38     40
     38     39     44     43     38
     33     37     44     43     38

     38     44     36     44     30
     38     44     36     44     39
     36     35     39     37     39
     36     35     44     41     38
     33     36     44     41     38

     39     44     36     42     30
     39     44     36     42     39
     36     36     39     34     39
     36     36     46     44     38
     32     36     46     44     38

     37     43     35     42     29
     37     43     35     42     36
     35     34     38     35     36
     35     34     44     40     37
     32     34     44     40     37

     34     40     32     39     27
     34     40     32     39     34
     31     30     35     33     34
     31     30     40     36     34
     28     31     40     36     34

     33     40     31     39     27
     33     40     31     39     34
     31     31     35     31     34
     31     31     38     38     33
     27     32     38     38     33

     33     37     30     37     24
     33     37     30     37     32
     29     30     32     30     32
     29     30     37     35     30
     26     28     37     35     30

     30     38     30     36     24
     30     38     30     36     30
     28     28     32     30     30
     28     28     37     34     31
     25     28     37     34     31

     27     33     25     32     22
     27     33     25     32     28
     25     26     30     26     28
     25     26     33     31     26
     22     25     33     31     26

     26     30     23     30     20
     26     30     23     30     25
     23     24     27     25     25
     23     24     31     28     25
     20     23     31     28     25

     24     26     22     28     18
     24     26     22     28     23
     22     22     24     23     23
     22     22     28     26     24
     18     22     28     26     24

     19     22     17     22     14
     19     22     17     22     18
     18     16     19     18     18
     18     16     22     21     17
     14     17     22     21     17

     12     11     11     12      8
     12     11     11     12     11
     10     11     12     10     11
     10     11     13     12     11
      9     10     13     12     11

      5      5      4      6      3
      5      5      4      6      5
      5      4      4      4      5
      5      4      6      5      5
      3      5      6      5      5

      3      4      3      5      3
      3      4      3      5      4
      3      4      3      3      4
      3      4      3      4      2
      2      3      3      4      2

      6      5      5      6      3
      6      5      5      6      5
      4      5      5      4      5
      4      5      5      6      4
      3      4      5      6      4

      4      6      5      5      3
      4      6      5      5      5
      4      5      6      5      5
      4      5      6      6      4
      3      3      6      6      4

      7      9      7      8      5
      7      9      7      8      8
      6      6      7      6      8
      6      6      9      9      7
      5      7      9      9      7

     12     15     11     14      9
     12     15     11     14     10
     10     11     13     11     10
     10     11     15     13     12
      8     10     15     13     12

     15     16     13     17     10
     15     16     13     17     13
     12     12     13     12     13
     12     12     16     16     13
     11     13     16     16     13

     12     15     11     14      9
     12     15     11     14     12
     11     11     12     11     12
     11     11     14     16     12
      9     12     14     16     12

     13     16     12     16      9
     13     16     12     16     14
     12     12     13     12     14
     12     12     17     16     13
     10     12     17     16     13

     12     14     11     13      7
     12     14     11     13     11
     11     10     12     10     11
     11     10     14     13     11
      9     10     14     13     11

     13     15     12     17      9
     13     15     12     17     12
     12     11     13     13     12
     12     11     16     15     12
      9     11     16     15     12

     13     16     12     16      8
     13     16     12     16     14
     13     11     15     12     14
     13     11     16     14     12
     10     11     16     14     12

     15     19     13     17     10
     15     19     13     17     15
     12     13     15     13     15
     12     13     19     16     13
      9     12     19     16     13

     14     17     13     18     10
     14     17     13     18     14
     12     12     15     12     14
     12     12     16     16     14
     10     12     16     16     14

     13     17     12     17      9
     13     17     12     17     13
     11     12     15     12     13
     11     12     18     15     12
      9     11     18     15     12

     13     16     11     15      8
     13     16     11     15     12
     11     10     13     11     12
     11     10     15     14     12
      9     11     15     14     12

     13     17     12     17      9
     13     17     12     17     13
     11     12     15     12     13
     11     12     18     15     12
      9     11     18     15     12

      8     15     13     11     10
      8     15     13     11     13
     12     13     13     15     13
     12     13     15     14     16
     11     16     15     14     16

     14     14     14     12     12
     14     14     14     12     12
     14     13     13     14     12
     14     13     14     14     11
     12     15     14     14     11

     12     13     10     10     14
     12     13     10     10     15
     11     11     15     16     15
     11     11     11     14     14
     12     12     11     14     14

     12     14     16     11     12
     12     14     16     11     14
     13     13     13     13     14
     13     13     11     15     13
      9     14     11     15     13

     11     12     10     10     11
     11     12     10     10     12
     11     11     10     10     12
     11     11     11     11     11
      6     10     11     11     11

      9     10     11      8      6
      9     10     11      8      7
      6      9     12      8      7
      6      9     10      8      8
      6     10     10      8      8

    -31     -9     -4     39     19
    -31     -9     -4     39     34
     27     24     29     35     34
     27     24     46     51     44
     -3     41     46     51     44

      5      5      5      3      3
      5      5      5      3      6
      2      5      4      7      6
      2      5      5      4      4
      5      4      5      4      4

      2      2      4      1      3
      2      2      4      1      3
      2      5      3      3      3
      2      5      3      3      3
      1      3      3      3      3

      0      3     -1     -1      1
      0      3     -1     -1      2
     -1      1      0      0      2
     -1      1      1      1      1
     -1      0      1      1      1

      0      0      2     -2      0
      0      0      2     -2     -1
      0      0      0      0     -1
      0      0      0      0      0
     -2      0      0      0      0

      1      1      3     -1      1
      1      1      3     -1      5
      0      2      1      0      5
      0      2      0      5      1
     -2      3      0      5      1

      0      0      0      0      0
      0      0      0      0      0
      1      0      1      0      0
      1      0     -2      1      0
      0      0     -2      1      0

     -3     -1      4     -3     -1
     -3     -1      4     -3      4
     -4      3      6      7      4
     -4      3      3      6      1
     -5     -2      3      6      1

      1      0      0      0      0
      1      0      0      0     -2
     -3      0      1      0     -2
     -3      0      3      4      3
      0      1      3      4      3

      0     -2      2      0      0
      0     -2      2      0      2
      0      1      0      1      2
      0      1      0      4      0
      0      0      0      4      0

      1      0      1      1     -1
      1      0      1      1      3
      0      2      0     -1      3
      0      2      1      3      0
      1      0      1      3      0

      0      0      1     -2     -1
      0      0      1     -2      1
      0      3      6      2      1
      0      3      2      1      2
     -1      1      2      1      2

      3     -1      2      2      1
      3     -1      2      2      2
      0      3      0      0      2
      0      3      2      3      0
     -1      1      2      3      0

      0      2      2      2      3
      0      2      2      2      3
      0      4      4      3      3
      0      4      0      4      3
      0      0      0      4      3

      3      1      4      5      1
      3      1      4      5      4
      1      0      4      4      4
      1      0      2      5      6
      2      1      2      5      6

      0      3      1      0      1
      0      3      1      0      4
      1      6      4      2      4
      1      6      3      2      3
      1      3      3      2      3

      2      3      2      5      2
      2      3      2      5      2
      2      3      6      5      2
      2      3      3      4      4
      2      3      3      4      4

      5      6      6      7      7
      5      6      6      7      5
      8      7      5      6      5
      8      7      6      7      5
      2      5      6      7      5

      7      9     10      8      7
      7      9     10      8     10
      7     10     11      8     10
      7     10      9     12     10
      6     10      9     12     10

     11     11     12     11     11
     11     11     12     11     10
      8     12     12     13     10
      8     12     11     11     11
     10      9     11     11     11

     11     12     12     11     12
     11     12     12     11     13
     11     14     13     10     13
     11     14     11     11     13
     10     10     11     11     13

     10     11     11     12     13
     10     11     11     12     10
     12     13     15     11     10
     12     13     14     12     12
      9     11     14     12     12

     13     16     15     13     15
     13     16     15     13     16
     13     15     17     15     16
     13     15     13     15     12
     11     13     13     15     12

     15     14     14     12     12
     15     14     14     12     12
     12     14     13     12     12
     12     14     13     13     11
     12     12     13     13     11

     10     10     13     10     12
     10     10     13     10     11
     12     13     14     12     11
     12     13     11     13     11
     11     11     11     13     11

      9     10     12      8     11
      9     10     12      8     10
     10      9     12     11     10
     10      9     11     10      9
     10     11     11     10      9

     10     11     11      9     12
     10     11     11      9     11
      8     11     11      9     11
      8     11     12      8     11
     11     10     12      8     11

     11     11     10     10      9
     11     11     10     10     14
     11     10     10     11     14
     11     10      9     10     10
      9     10      9     10     10

     10     10      9      9     12
     10     10      9      9      9
      9     10     13     13      9
      9     10     12     10     10
      8      9     12     10     10

      9     12     11      9      9
      9     12     11      9     10
      7     11     11     10     10
      7     11      8     10     10
      8      9      8     10     10

     11      9     10      8     10
     11      9     10      8     12
      8     11     12     12     12
      8     11     12     11     10
      9     11     12     11     10

     10     10      9      9     12
     10     10      9      9     12
      8      9     12     10     12
      8      9      9     12     10
      7     10      9     12     10

      9      9      7      8     10
      9      9      7      8     10
      8      9     10      9     10
      8      9     10     11      6
      5     10     10     11      6

      6      8     10      9      7
      6      8     10      9      9
      7      8     10      7      9
      7      8      8      8     10
      7     10      8      8     10

      8      8      9      9      6
      8      8      9      9      7
      7      8      8     10      7
      7      8      7      9      9
      8      9      7      9      9

      7      7      8      9      7
      7      7      8      9      8
      8      8      9     11      8
      8      8      8      9      9
      5      9      8      9      9

      6      7      6      6      8
      6      7      6      6      7
      7      8      9      8      7
      7      8      8      9      8
      5      8      8      9      8

      6      7      7      6      8
      6      7      7      6      8
      6      8      7      6      8
      6      8      8      9      8
      7      7      8      9      8

      7      8      7      6      6
      7      8      7      6      7
      7      7      7      7      7
      7      7      6      6      9
      6      9      6      6      9

      6      6      8      5      6
      6      6      8      5      6
      7      8      8      7      6
      7      8      8      8      6
      5      6      8      8      6

      6      5      7      7      6
      6      5      7      7      8
      6      7      6      7      8
      6      7      6      6      7
      4      6      6      6      7

      4      6      6      6      6
      4      6      6      6      6
      5      7      6      7      6
      5      7      6      7      7
      6      4      6      7      7

      7      5      8      5      5
      7      5      8      5      5
      6      6      8      5      5
      6      6      5      7      4
      3      5      5      7      4

      3      3      6      5      5
      3      3      6      5      5
      3      5      6      4      5
      3      5      4      4      6
      4      7      4      4      6

      3      5      6      3      4
      3      5      6      3      4
      3      6      5      6      4
      3      6      5      5      6
      2      4      5      5      6

      2      4      3      3      2
      2      4      3      3      2
      3      3      3      3      2
      3      3      3      4      3
      2      4      3      4      3

      3      2      4      3      2
      3      2      4      3      2
      2      3      4      4      2
      2      3      3      2      3
      1      3      3      2      3

      1      2      2      1      1
      1      2      2      1      2
      1      3      2      2      2
      1      3      0      2      1
      1      2      0      2      1

      0      1      1      1      0
      0      1      1      1      0
      0      2      1      2      0
      0      2      0      0      2
      0      1      0      0      2

      0      0      0     -2      0
      0      0      0     -2      0
     -1      0      0      0      0
     -1      0     -1      1      0
      0      0     -1      1      0

      0      2      0     -1      0
      0      2      0     -1      1
      0      0      0      2      1
      0      0      1      0      0
     -1      0      1      0      0

     -1      1      0      0      0
     -1      1      0      0      0
     -1      2      0      1      0
     -1      2      0      0      0
      0      0      0      0      0

      0      1      0     -1      0
      0      1      0     -1      0
     -1     -1      1      0      0
     -1     -1      1      0     -2
      0      0      1      0     -2

      0      1      2      0     -2
      0      1      2      0      1
      0      2      0      1      1
      0      2      1      0      1
      1      0      1      0      1

      0      1      1     -1      0
      0      1      1     -1      0
      0      0      2      1      0
      0      0      1      0      0
     -2      0      1      0      0

      0      0      0      0     -1
      0      0      0      0      1
     -2      0      0      0      1
     -2      0      0      1      0
     -2      0      0      1      0

      0      0      2      0      0
      0      0      2      0      0
      0      2      2      1      0
      0      2      0      0      1
      0     -1      0      0      1

      2      0      0      0      0
      2      0      0      0      0
      1      0      0      2      0
      1      0      0     -2      0
      0     -1      0     -2      0

      0      0     -1     -1     -1
      0      0     -1     -1      0
      1      0      0      1      0
      1      0      1     -2      0
      1     -1      1     -2      0

      0     -1     -1     -1     -1
      0     -1     -1     -1      1
      0      0      0      0      1
      0      0      0      0      0
      1      0      0      0      0

      2      1      0     -1      0
      2      1      0     -1      0
      0      2      0      0      0
      0      2      1     -3      0
      0      0      1     -3      0

      2      0      0      0      0
      2      0      0      0      0
      1      2      0      1      0
      1      2      0     -1      0
      0      0      0     -1      0

      0      0     -3     -1      0
      0      0     -3     -1      0
      1      1     -1      1      0
      1      1      1      0      0
      0     -1      1      0      0

     -1      0      0     -1     -1
     -1      0      0     -1      3
      0      1      1      1      3
      0      1      0     -1     -1
      0     -1      0     -1     -1

      1      0      0      0      1
      1      0      0      0      1
      2      1      1      1      1
      2      1     -2      1      0
      0     -1     -2      1      0

      1      0      0     -2     -2
      1      0      0     -2      2
      0      1      0      1      2
      0      1      0     -1      0
      0      0      0     -1      0

      0      0      0      0      0
      0      0      0      0      0
      2      3      1      2      0
      2      3      0      0      0
      0      0      0      0      0

      2      3      2      0      0
      2      3      2      0      3
      3      2      1      2      3
      3      2      2      0      0
      0      0      2      0      0

      2      3      2      1      3
      2      3      2      1      3
      3      3      3      3      3
      3      3      2      3      2
      3      2      2      3      2

      4      3      2      3      2
      4      3      2      3      4
      3      3      3      4      4
      3      3      3      2      2
      3      1      3      2      2

      2      2      0      2      1
      2      2      0      2      3
      3      2      3      2      3
      3      2      1      1      1
      2      0      1      1      1

      2      1      1      0      0
      2      1      1      0      2
      1      0      0      0      2
      1      0      1      0      1
      1      0      1      0      1

      2      1      1     -1      1
      2      1      1     -1      1
      3      2      2      2      1
      3      2      1      0      1
      0      0      1      0      1

      3      4      2      2      4
      3      4      2      2      4
      3      3      3      4      4
      3      3      2      2      3
      3      3      2      2      3

      5      3      4      3      5
      5      3      4      3      4
      5      5      3      4      4
      5      5      5      4      5
      3      4      5      4      5

      4      4      2      3      4
      4      4      2      3      4
      4      4      3      4      4
      4      4      2      3      2
      3      3      2      3      2

      3      3      2      1      2
      3      3      2      1      3
      3      3      2      3      3
      3      3      2      3      3
      2      2      2      3      3

      3      3      2      2      3
      3      3      2      2      2
      3      3      2      3      2
      3      3      3      2      3
      3      1      3      2      3

      4      3      3      4      3
      4      3      3      4      5
      3      3      4      4      5
      3      3      5      2      3
      4      4      5      2      3

      6      3      4      3      4
      6      3      4      3      5
      4      4      4      4      5
      4      4      4      4      4
      4      4      4      4      4

      5      5      4      4      5
      5      5      4      4      5
      4      3      4      4      5
      4      3      3      3      3
      4      4      3      3      3

      4      5      3      2      4
      4      5      3      2      4
      4      6      4      4      4
      4      6      5      4      5
      4      4      5      4      5

      6      3      4      3      4
      6      3      4      3      4
      4      5      3      4      4
      4      5      4      2      1
      3      5      4      2      1

      4      4      4      4      3
      4      4      4      4      5
      4      4      4      4      5
      4      4      3      4      4
      3      3      3      4      4

      5      3      4      2      4
      5      3      4      2      4
      4      4      4      5      4
      4      4      5      4      5
      3      3      5      4      5

      4      4      2      4      5
      4      4      2      4      3
      5      4      2      5      3
      5      4      4      3      3
      2      3      4      3      3

      5      3      2      3      3
      5      3      2      3      4
      3      4      3      4      4
      3      4      2      3      3
      2      3      2      3      3

      3      1      1      3      4
      3      1      1      3      3
      5      5      2      5      3
      5      5      4      3      4
      4      2      4      3      4

      4      3      3      3      4
      4      3      3      3      2
      3      3      2      4      2
      3      3      2      4      2
      3      3      2      4      2

      3      3      2      2      4
      3      3      2      2      3
      5      2      3      4      3
      5      2      4      3      3
      1      2      4      3      3

      3      2      2      2      2
      3      2      2      2      2
      4      5      4      3      2
      4      5      1      4      3
      3      1      1      4      3

      3      2      3      2      4
      3      2      3      2      3
      5      5      2      4      3
      5      5      4      2      3
      2      3      4      2      3

      4      4      2      3      2
      4      4      2      3      4
      5      3      3      3      4
      5      3      4      3      1
      3      3      4      3      1

      2      2      3      2      3
      2      2      3      2      5
      5      5      4      3      5
      5      5      3      2      3
      3      2      3      2      3

      3      4      3      2      2
      3      4      3      2      4
      4      4      4      4      4
      4      4      3      4      3
      4      2      3      4      3

      4      4      2      2      1
      4      4      2      2      2
      4      4      3      3      2
      4      4      3      2      4
      3      2      3      2      4

      1      1      2      2      4
      1      1      2      2      3
      3      2      3      5      3
      3      2      3      3      1
      2      0      3      3      1

      3      3      3      2      2
      3      3      3      2      2
      1      2      3      3      2
      1      2      2      3      2
      2      3      2      3      2

      4      3      2      1      2
      4      3      2      1      4
      3      3      2      4      4
      3      3      1      2      1
      2      2      1      2      1

      3      1      1      2      3
      3      1      1      2      2
      2      2      2      2      2
      2      2      3      3      0
      2      1      3      3      0

      3      3      3      2      2
      3      3      3      2      2
      3      2      2      3      2
      3      2      1      3      3
      0      1      1      3      3

      1      2      2      1      1
      1      2      2      1      3
      4      5      3      4      3
      4      5      2      3      3
      1      1      2      3      3

      3      5      2      0      2
      3      5      2      0      3
      2      2      1      5      3
      2      2      0      2      2
      2      0      0      2      2

      1      4      1      1      3
      1      4      1      1      3
      2      2      1      4      3
      2      2      0      2      1
      0      0      0      2      1

      3      1      1      0      1
      3      1      1      0      3
      1      1      0      4      3
      1      1      0      3      2
      1      0      0      3      2

      2      0      1      0      3
      2      0      1      0      1
      3      2      2      3      1
      3      2      0      2      2
      2      1      0      2      2

      3      1      0      0      2
      3      1      0      0      1
      3      2      3      4      1
      3      2      2      0      1
      1      0      2      0      1

      1      2     -1     -1     -1
      1      2     -1     -1      2
      1      4      2      2      2
      1      4      3      4      1
      2      0      3      4      1

      1      1      0      1      1
      1      1      0      1      3
      1      0      0      3      3
      1      0      1      4      1
      0     -1      1      4      1

      1      0      0      0     -1
      1      0      0      0      1
      0      2      2      1      1
      0      2      2      1      0
      1     -1      2      1      0

      0      0      1      0      0
      0      0      1      0      0
      2      0      2      1      0
      2      0      0      2      0
      0      0      0      2      0

      1      0      0      2     -2
      1      0      0      2      0
      0      3      4      0      0
      0      3      0      0      0
      2     -2      0      0      0

      2      0      1      0      0
      2      0      1      0      1
      2      2      0      4      1
      2      2      0     -1      0
      0     -2      0     -1      0

      2      0      0      0      0
      2      0      0      0      0
      3      0      1      2      0
      3      0      0      0      0
      0      0      0      0      0

      4      3      0     -1      0
      4      3      0     -1     -2
     -1      0     -1      3     -2
     -1      0      0      0      3
     -1      1      0      0      3

      1      0      0     -2      0
      1      0      0     -2      0
      2      2      0      1      0
      2      2      1     -2     -1
      0      0      1     -2     -1

      0      0      0      0      2
      0      0      0      0      1
     -1      1     -1      2      1
     -1      1      0      1      0
      1     -1      0      1      0

      2      0      0     -1      0
      2      0      0     -1     -1
      0      0      0      1     -1
      0      0     -1      0      0
      0      0     -1      0      0

      1      0     -1     -1      0
      1      0     -1     -1     -2
      0      2      0      6     -2
      0      2     -2     -1      0
      0     -1     -2     -1      0

     -1      2      0      0      0
     -1      2      0      0      1
     -2     -1     -1      1      1
     -2     -1      0      0      0
     -1      1      0      0      0

      0      0      0     -2     -2
      0      0      0     -2      0
      1      0      1      2      0
      1      0     -1      0     -2
      0      0     -1      0     -2

