;
; ENVI ASCII Output of file: E:\Imaging\ROI_AVIRIS\5_2_18.img [Fri Nov 17 12:01:33 2017]
; File Dimensions: 5 samples x 5 lines x 224 bands
; Line Format    : (5i7)
;
    485    485    479    477    490
    484    487    500    479    467
    484    487    500    479    467
    477    488    495    473    476
    477    488    495    478    480

    581    581    578    554    576
    574    582    582    575    573
    574    582    582    575    573
    574    574    571    585    561
    574    574    571    569    578

    626    626    615    630    629
    632    632    627    639    622
    632    632    627    639    622
    620    629    621    626    618
    620    629    621    627    619

    798    798    796    783    806
    799    801    802    800    804
    799    801    802    800    804
    804    803    789    789    796
    804    803    789    800    796

   1188   1188   1179   1182   1172
   1193   1183   1179   1185   1180
   1193   1183   1179   1185   1180
   1171   1190   1190   1172   1175
   1171   1190   1190   1189   1188

   1247   1247   1257   1246   1250
   1253   1253   1271   1247   1254
   1253   1253   1271   1247   1254
   1255   1252   1259   1256   1256
   1255   1252   1259   1257   1246

   1186   1186   1192   1191   1192
   1195   1186   1190   1180   1186
   1195   1186   1190   1180   1186
   1181   1186   1188   1185   1173
   1181   1186   1188   1189   1175

   1097   1097   1093   1091   1095
   1104   1098   1092   1094   1096
   1104   1098   1092   1094   1096
   1098   1103   1105   1091   1089
   1098   1103   1105   1097   1096

   1189   1189   1188   1181   1195
   1202   1199   1190   1186   1187
   1202   1199   1190   1186   1187
   1200   1194   1205   1190   1186
   1200   1194   1205   1198   1187

   1214   1214   1211   1228   1214
   1220   1216   1219   1212   1216
   1220   1216   1219   1212   1216
   1215   1222   1223   1220   1217
   1215   1222   1223   1214   1221

   1179   1179   1179   1184   1189
   1189   1181   1182   1174   1182
   1189   1181   1182   1174   1182
   1185   1189   1187   1184   1167
   1185   1189   1187   1174   1181

   1107   1107   1105   1102   1113
   1114   1118   1120   1109   1107
   1114   1118   1120   1109   1107
   1108   1123   1118   1122   1108
   1108   1123   1118   1104   1110

   1048   1048   1048   1046   1057
   1055   1055   1050   1047   1049
   1055   1055   1050   1047   1049
   1049   1052   1053   1049   1045
   1049   1052   1053   1046   1043

    943    943    947    948    949
    956    960    947    949    954
    956    960    947    949    954
    946    947    956    953    953
    946    947    956    956    949

    858    858    858    863    868
    865    874    862    863    873
    865    874    862    863    873
    865    866    868    867    868
    865    866    868    867    870

    767    767    765    765    770
    776    769    771    769    779
    776    769    771    769    779
    772    773    775    775    769
    772    773    775    767    774

    680    680    679    683    679
    690    683    682    680    687
    690    683    682    680    687
    683    682    687    682    682
    683    682    687    680    682

    646    646    646    649    650
    655    652    649    648    652
    655    652    649    648    652
    647    650    653    650    648
    647    650    653    648    649

    612    612    613    613    620
    620    620    615    615    616
    620    620    615    615    616
    610    617    619    617    613
    610    617    619    615    616

    570    570    568    572    575
    578    575    575    573    583
    578    575    575    573    583
    577    575    577    576    570
    577    575    577    568    572

    524    524    530    528    527
    535    529    530    524    531
    535    529    530    524    531
    527    529    527    524    530
    527    529    527    524    526

    477    477    486    482    484
    489    490    485    487    488
    489    490    485    487    488
    482    485    484    486    480
    482    485    484    480    479

    446    446    448    449    457
    457    452    449    452    453
    457    452    449    452    453
    448    453    452    452    446
    448    453    452    448    447

    397    397    400    396    401
    400    397    404    402    399
    400    397    404    402    399
    402    398    404    399    395
    402    398    404    393    393

    368    368    368    367    374
    376    375    374    372    375
    376    375    374    372    375
    368    373    374    370    371
    368    373    374    373    367

    357    357    358    358    363
    361    364    362    363    363
    361    364    362    363    363
    359    363    361    361    360
    359    363    361    358    359

    332    332    337    336    340
    337    338    336    334    337
    337    338    336    334    337
    335    336    338    338    332
    335    336    338    333    332

    307    307    307    308    311
    315    315    311    310    309
    315    315    311    310    309
    309    308    313    315    310
    309    308    313    310    309

    294    294    298    297    300
    298    301    299    297    303
    298    301    299    297    303
    296    298    300    295    296
    296    298    300    300    294

    270    270    274    273    274
    276    272    277    276    275
    276    272    277    276    275
    274    272    273    276    272
    274    272    273    270    271

    259    259    256    260    260
    264    262    262    260    260
    264    262    262    260    260
    261    261    263    260    257
    261    261    263    260    260

    254    254    252    255    260
    258    254    255    256    262
    258    254    255    256    262
    254    256    254    256    254
    254    256    254    252    257

    253    253    250    253    258
    254    248    253    255    262
    254    248    253    255    262
    252    254    248    249    253
    252    254    248    249    256

    254    254    251    254    260
    260    254    255    255    263
    260    254    255    255    263
    254    257    253    255    254
    254    257    253    252    256

    235    235    234    236    242
    244    235    235    237    246
    244    235    235    237    246
    239    239    234    236    238
    239    239    234    236    235

    206    206    207    210    215
    217    209    209    206    222
    217    209    209    206    222
    210    209    204    206    207
    210    209    204    208    207

    185    185    179    179    190
    192    182    181    185    193
    192    182    181    185    193
    183    186    182    178    183
    183    186    182    185    183

    177    177    175    173    179
    185    175    172    175    186
    185    175    172    175    186
    177    179    172    171    180
    177    179    172    180    175

    161    161    155    156    165
    171    158    158    155    169
    171    158    158    155    169
    160    163    157    155    162
    160    163    157    162    160

    124    124    119    122    126
    133    126    118    120    131
    133    126    118    120    131
    123    127    119    121    124
    123    127    119    125    120

    134    134    132    127    136
    142    132    129    126    140
    142    132    129    126    140
    130    136    126    128    134
    130    136    126    133    131

    149    149    139    140    149
    156    142    145    140    154
    156    142    145    140    154
    143    148    140    138    143
    143    148    140    146    141

    147    147    143    140    149
    158    146    143    140    157
    158    146    143    140    157
    145    151    138    137    144
    145    151    138    148    143

     87     87     85     85     89
     97     89     86     84     97
     97     89     86     84     97
     86     89     82     81     88
     86     89     82     89     83

    115    115    108    109    116
    126    112    110    107    124
    126    112    110    107    124
    113    119    107    107    113
    113    119    107    114    111

    120    120    116    115    124
    131    119    118    112    128
    131    119    118    112    128
    120    126    112    111    117
    120    126    112    119    116

    110    110    105    102    114
    120    112    107    102    118
    120    112    107    102    118
    111    117    102    102    108
    111    117    102    111    103

    102    102     97     97    102
    114    101     99     94    111
    114    101     99     94    111
    102    106     94     94    101
    102    106     94    105     97

     93     93     91     86     96
    102     94     92     88     98
    102     94     92     88     98
     93     97     86     86     90
     93     97     86     94     85

     75     75     72     69     76
     84     74     70     67     83
     84     74     70     67     83
     74     77     67     66     72
     74     77     67     77     71

     75     75     70     69     77
     86     73     74     69     82
     86     73     74     69     82
     75     81     68     68     74
     75     81     68     78     72

     79     79     75     72     81
     88     80     77     72     87
     88     80     77     72     87
     78     84     71     70     77
     78     84     71     80     74

     85     85     83     75     84
     95     82     81     77     94
     95     82     81     77     94
     82     89     76     74     80
     82     89     76     87     80

     79     79     75     72     81
     90     78     76     71     89
     90     78     76     71     89
     78     84     71     71     78
     78     84     71     81     73

     78     78     71     72     78
     88     77     74     70     84
     88     77     74     70     84
     75     82     69     69     74
     75     82     69     79     70

     71     71     70     65     73
     85     72     69     64     80
     85     72     69     64     80
     71     78     64     63     69
     71     78     64     75     67

     71     71     65     62     70
     81     70     65     59     77
     81     70     65     59     77
     67     76     63     60     67
     67     76     63     71     62

     55     55     50     51     54
     63     55     51     48     59
     63     55     51     48     59
     52     57     47     47     50
     52     57     47     56     49

     47     47     41     42     44
     53     47     43     40     49
     53     47     43     40     49
     45     49     39     38     43
     45     49     39     48     39

     42     42     38     38     41
     50     43     40     35     45
     50     43     40     35     45
     40     45     37     36     39
     40     45     37     44     38

     38     38     34     33     37
     43     39     36     32     41
     43     39     36     32     41
     34     39     32     30     36
     34     39     32     38     33

     24     24     23     22     24
     31     25     22     22     29
     31     25     22     22     29
     23     27     21     18     22
     23     27     21     26     20

     18     18     17     15     17
     18     18     15     15     18
     18     18     15     15     18
     15     17     14     13     16
     15     17     14     17     14

     19     19     17     17     18
     22     18     17     15     21
     22     18     17     15     21
     19     22     16     14     17
     19     22     16     19     15

     30     30     28     27     32
     38     31     29     25     34
     38     31     29     25     34
     31     34     27     25     30
     31     34     27     33     28

     36     36     34     32     36
     44     37     33     29     40
     44     37     33     29     40
     35     39     30     28     32
     35     39     30     38     31

     42     42     38     35     41
     52     42     39     34     48
     52     42     39     34     48
     40     46     34     33     39
     40     46     34     45     36

     45     45     39     38     46
     54     45     41     36     51
     54     45     41     36     51
     43     49     37     35     42
     43     49     37     45     38

     43     43     39     36     44
     53     44     41     36     49
     53     44     41     36     49
     40     48     37     34     40
     40     48     37     45     37

     43     43     39     36     45
     52     43     40     33     50
     52     43     40     33     50
     39     46     35     33     40
     39     46     35     44     36

     43     43     37     34     42
     51     41     38     33     47
     51     41     38     33     47
     40     46     35     31     39
     40     46     35     44     35

     38     38     34     33     40
     48     37     35     30     45
     48     37     35     30     45
     36     42     31     30     36
     36     42     31     39     31

     37     37     35     31     38
     46     37     36     30     44
     46     37     36     30     44
     36     42     31     28     35
     36     42     31     38     31

     36     36     32     28     37
     46     36     34     28     41
     46     36     34     28     41
     34     39     29     26     32
     34     39     29     38     28

     34     34     31     28     36
     45     34     33     27     40
     45     34     33     27     40
     33     39     28     26     32
     33     39     28     36     28

     30     30     28     26     32
     40     32     29     23     36
     40     32     29     23     36
     29     34     26     23     29
     29     34     26     33     26

     28     28     26     24     30
     36     29     27     22     34
     36     29     27     22     34
     27     32     23     21     26
     27     32     23     30     23

     26     26     24     21     27
     33     26     24     20     31
     33     26     24     20     31
     25     30     20     19     24
     25     30     20     27     21

     21     21     18     17     20
     24     21     20     16     24
     24     21     20     16     24
     19     23     16     15     20
     19     23     16     22     17

     12     12     11     10     12
     16     12     10      9     15
     16     12     10      9     15
     11     14      8      8     11
     11     14      8     12      9

      5      5      5      5      5
      6      5      4      3      5
      6      5      4      3      5
      5      6      3      3      5
      5      6      3      5      3

      4      4      3      3      4
      5      4      3      3      6
      5      4      3      3      6
      4      5      2      2      2
      4      5      2      4      4

      6      6      5      4      5
      7      6      3      4      6
      7      6      3      4      6
      5      5      3      4      5
      5      5      3      5      3

      6      6      3      5      5
      7      6      3      4      5
      7      6      3      4      5
      5      5      4      3      3
      5      5      4      6      4

      7      7      6      6      8
     11      9      6      6      9
     11      9      6      6      9
      8      9      5      4      6
      8      9      5      8      6

     13     13     11     11     13
     18     13     12      9     15
     18     13     12      9     15
     12     15      9      9     11
     12     15      9     14     10

     15     15     13     12     15
     20     16     14     11     18
     20     16     14     11     18
     14     18     12     11     14
     14     18     12     17     12

     15     15     12     11     14
     19     14     12     10     16
     19     14     12     10     16
     13     15     10     10     13
     13     15     10     15     11

     14     14     12     12     17
     20     16     13     10     18
     20     16     13     10     18
     14     18     10     10     14
     14     18     10     16     12

     13     13     11     10     13
     17     13     12      9     15
     17     13     12      9     15
     12     15      9      9     11
     12     15      9     14      9

     15     15     12     12     15
     20     15     13      9     18
     20     15     13      9     18
     13     17     10     10     14
     13     17     10     17     10

     16     16     14     12     15
     21     17     14     10     19
     21     17     14     10     19
     14     18     11     10     14
     14     18     11     17     11

     16     16     14     12     17
     22     16     15     11     21
     22     16     15     11     21
     16     19     12     11     15
     16     19     12     18     13

     16     16     14     12     16
     20     17     13     12     20
     20     17     13     12     20
     15     19     12     11     15
     15     19     12     18     12

     15     15     13     12     16
     21     16     14     10     18
     21     16     14     10     18
     14     18     10      9     14
     14     18     10     17     11

     14     14     12     10     13
     19     14     12      9     17
     19     14     12      9     17
     12     17     10      9     12
     12     17     10     17      9

     15     15     13     12     16
     21     16     14     10     18
     21     16     14     10     18
     14     18     10      9     14
     14     18     10     17     11

     14     14      5     11     13
     17     10     13     19     11
     17     10     13     19     11
     14     14     11     15     17
     14     14     11     13     11

     14     14     12     13     12
     15     13     17     12     12
     15     13     17     12     12
     17     13     13     15     13
     17     13     13     12     15

     16     16     11     14     14
     17     10     11     15     15
     17     10     11     15     15
     14     16      9     13     10
     14     16      9     11      8

     16     16     10     11     16
     14     13     13     15     17
     14     13     13     15     17
     15     12     12     13     14
     15     12     12      9     13

     14     14     12     10     12
     12     11     11     13     12
     12     11     11     13     12
     13     13      8     15     11
     13     13      8      9     11

      9      9      9     11     10
      9     10     11     11     10
      9     10     11     11     10
      8      9      8      9      8
      8      9      8      7     12

     16     16     11     11     15
      0      3    -12    -19      1
      0      3    -12    -19      1
     15     22      4     22     20
     15     22      4      6      5

      6      6      4      6      2
      5      5      7      5      3
      5      5      7      5      3
      3      4      4      5      5
      3      4      4      4      3

      3      3      3      2      4
      5      2      2      2      3
      5      2      2      2      3
      1      2      3      4      4
      1      2      3      2      4

      0      0      0      0      2
      0      0      0      0      1
      0      0      0      0      1
      1     -1      1      1      1
      1     -1      1     -1      0

      0      0      0      0      0
     -2     -1      0     -2      0
     -2     -1      0     -2      0
      0      0      0      0      0
      0      0      0      0      1

      1      1      0      0      0
      1      0      0      0     -1
      1      0      0      0     -1
      0      0      0      0      0
      0      0      0     -1      2

      1      1      0      0      0
      0      0      0      0      0
      0      0      0      0      0
      0      1      0      0      0
      0      1      0      0      2

      0      0      0      0      0
     -2     -5     -4      1      0
     -2     -5     -4      1      0
      1     -1     -3      0      0
      1     -1     -3     -3     -2

      1      1     -1      0      0
      0      1     -1     -1      0
      0      1     -1     -1      0
      0      0      0      3      2
      0      0      0      0      0

      0      0     -1      0      1
     -1      0      0      1      1
     -1      0      0      1      1
     -2      2      1      0      2
     -2      2      1      1      0

     -1     -1      1      3     -2
      0      0     -1      2      2
      0      0     -1      2      2
      2      4      3      3      3
      2      4      3      0      0

      1      1      0     -1      1
      1      0      1      0      0
      1      0      1      0      0
      1      1      0      3      1
      1      1      0      2      1

      0      0      0      2      0
      0      2     -1      0      2
      0      2     -1      0      2
      0      1      1      1      0
      0      1      1      0      2

      3      3      0      2      2
      5      2      2      2      3
      5      2      2      2      3
      2      6      2      2      2
      2      6      2      5      0

      2      2      2      3      1
      4      2      1      5      3
      4      2      1      5      3
      2      4      5      3      2
      2      4      5      2      3

      1      1      2      2      0
      2      2      2      4      2
      2      2      2      4      2
      1      1      2      2      2
      1      1      2      2      2

      4      4      2      4      2
      3      3      5      6      5
      3      3      5      6      5
      3      4      4      3      2
      3      4      4      4      2

      7      7      7      6      8
      8      7      6      8      6
      8      7      6      8      6
      7      5      9      6      7
      7      5      9      6      5

     11     11      7     11      8
      8     10      8     10      8
      8     10      8     10      8
      8      9      9      9      9
      8      9      9     10     10

     11     11     11     11     10
     11     10     11     11     14
     11     10     11     11     14
     10     12     13     10     12
     10     12     13     12      9

     12     12     11     12     14
     11     11     11     11     12
     11     11     11     11     12
     12     12     11     11     11
     12     12     11     10     10

     13     13     12     12     11
     12     10     11     12     12
     12     10     11     12     12
     10     12     10     13     12
     10     12     10     14     12

     19     19     16     17     14
     12     11     13     15     14
     12     11     13     15     14
     13     13      8     15     11
     13     13      8     12     12

     12     12     14     12     13
     14     13     13     13     14
     14     13     13     13     14
     15     12     13     15     14
     15     12     13     12     15

     13     13     11     11     11
     13     11     10     13     14
     13     11     10     13     14
     12     12     12     12     12
     12     12     12     13     10

     10     10     11     11     11
     12     11     10     12     10
     12     11     10     12     10
     11     11     10     12     11
     11     11     10     10     11

     11     11      8      9     10
     10     11     11      9     10
     10     11     11      9     10
     11     12      8     11     11
     11     12      8     11     10

     12     12      9      9     12
     12     10     10     13     12
     12     10     10     13     12
      8     12     13     11     11
      8     12     13     10     11

     12     12     10     11     10
     12      9     10     11     10
     12      9     10     11     10
     11     13      8     11     11
     11     13      8      9      9

     10     10     10      9     11
      9      8      9      9     10
      9      8      9      9     10
      8      9     10     10     10
      8      9     10     10     10

     10     10     10     11     10
     12      9      9     11     10
     12      9      9     11     10
     10     11      9     10     10
     10     11      9     10     10

     11     11      9     12     11
     10      9     10     10     10
     10      9     10     10     10
     10     11     12     10     11
     10     11     12     11      9

     10     10      8     11     10
     10     10      9     10      8
     10     10      9     10      8
      8      9     10      9      8
      8      9     10      9     10

     10     10      8      9     11
     10      9      9      9      8
     10      9      9      9      8
      7     10      8     10      9
      7     10      8      8      8

     10     10      9      8     11
      9      8      8      9      8
      9      8      8      9      8
      8      8      9      6      9
      8      8      9      9      9

      8      8      9      9      9
      7      8      9     11      9
      7      8      9     11      9
      7     10      8      9      7
      7     10      8     10      7

      9      9      6      8      9
     10      8      9      6      8
     10      8      9      6      8
      8      9      9      9     11
      8      9      9      8      7

      9      9      5     10      8
      8      8      8      8      9
      8      8      8      8      9
      7      8      9      8      8
      7      8      9      7      7

      8      8      6      8      9
      9      5      8      6     10
      9      5      8      6     10
      6      8      7      9      8
      6      8      7      8      8

      8      8      6      9      6
      6      6      6      7      7
      6      6      6      7      7
      6      7      7      7      7
      6      7      7      8      7

      7      7      5      6      8
      7      5      6      6      8
      7      5      6      6      8
      7      6      6      6      7
      7      6      6      5      5

      7      7      5      7      9
      5      5      6      5      5
      5      5      6      5      5
      6      7      6      5      7
      6      7      6      6      5

      6      6      3      5      5
      9      6      7     10     11
      9      6      7     10     11
      7      7      7      5      5
      7      7      7      2      3

      4      4      4      6      4
      4      6      3      6      5
      4      6      3      6      5
      6      5      5      6      4
      6      5      5      5      3

      6      6      4      4      3
      5      4      5      4      5
      5      4      5      4      5
      4      5      4      3      4
      4      5      4      5      4

      3      3      3      5      4
      5      4      3      2      3
      5      4      3      2      3
      2      3      1      3      4
      2      3      1      2      4

      4      4      1      2      2
      2      3      2      1      3
      2      3      2      1      3
      2      3      2      3      2
      2      3      2      3      2

      2      2      0      1      1
      1      3      1      0      0
      1      3      1      0      0
      3      1      1      0      1
      3      1      1      0      1

      0      0      1      0      0
      1      0      0      0      1
      1      0      0      0      1
      0      0      0      1      1
      0      0      0      1      1

     -1     -1      0      0      0
      0     -1      1      0      0
      0     -1      1      0      0
      0      1      0      1      0
      0      1      0      0      1

      1      1     -1      1      0
      0      0      0      0      0
      0      0      0      0      0
      0      2     -1      0     -1
      0      2     -1      0      0

      0      0      0      1      0
      1      0      0      1      1
      1      0      0      1      1
      0      0      0      0      0
      0      0      0      0      0

      1      1     -1     -1      0
      1      0      0      2      0
      1      0      0      2      0
      0      1      0     -2      0
      0      1      0      0      0

      2      2      0      0      1
      1      0      1      0      0
      1      0      1      0      0
      1      1      0      0      1
      1      1      0      0      0

      1      1     -1      1      0
      0     -1      0      0      0
      0     -1      0      0      0
      0      1      0      1      0
      0      1      0      0      1

      0      0     -1      0      0
      0     -1      0      0      0
      0     -1      0      0      0
      1      0      0      0      1
      1      0      0     -1      0

      0      0     -1      0      0
      0      0      0      1      0
      0      0      0      1      0
      0      2      0      0      0
      0      2      0      0      0

      1      1      0      0      0
     -2      0      0      0     -1
     -2      0      0      0     -1
      0      1      0      0      0
      0      1      0      1      1

      1      1      0      0      0
      0      1      0      0      0
      0      1      0      0      0
     -1      1      1      0      1
     -1      1      1      0     -1

      1      1      0      0      0
      1      0      0      0      0
      1      0      0      0      0
      0      1      0      0      0
      0      1      0     -1      0

      0      0      2      0      0
      0      0      0      2      0
      0      0      0      2      0
      0      0      0      0      0
      0      0      0      1     -2

      0      0      1      0      0
      0      0      0      0     -2
      0      0      0      0     -2
      1      1      0      0      0
      1      1      0      0     -1

      0      0      0     -1      0
     -1      0      0      0      0
     -1      0      0      0      0
      1      0      0      0      1
      1      0      0      1      0

      0      0      0     -1      0
      1      0      0      1      0
      1      0      0      1      0
      0      0      0      1      0
      0      0      0      0      0

      0      0      0      0      0
      0      0      0      0      0
      0      0      0      0      0
      1      1      0      0      0
      1      1      0      1      0

      1      1      0      0      0
      0      0      0      0      0
      0      0      0      0      0
      1      0      0      0      0
      1      0      0      0      0

      1      1      0      0      1
      0      0     -1      1      0
      0      0     -1      1      0
      1      0      0      0      0
      1      0      0      0      0

      3      3      2      0      2
      2      1      2      2      0
      2      1      2      2      0
      2      2      3      0      1
      2      2      3      0      0

      2      2      1      1      3
      3      1      2      2      3
      3      1      2      2      3
      2      3      3      4      3
      2      3      3      3      3

      3      3      3      2      3
      3      3      2      2      2
      3      3      2      2      2
      4      5      3      2      3
      4      5      3      4      3

      2      2      2      2      2
      1      1      3      3      1
      1      1      3      3      1
      2      5      3      1      3
      2      5      3      2      2

      1      1      2      0      2
      0     -1      0      1      0
      0     -1      0      1      0
      0      2      1      2      0
      0      2      1      1      0

      2      2      3      2      2
      0      1      0      2      0
      0      1      0      2      0
      1      3      1      2      3
      1      3      1      1      2

      4      4      4      2      2
      3      4      4      3      4
      3      4      4      3      4
      5      4      3      2      4
      5      4      3      3      3

      5      5      4      4      4
      5      4      4      5      3
      5      4      4      5      3
      6      5      4      4      4
      6      5      4      3      5

      4      4      4      2      4
      4      4      2      3      2
      4      4      2      3      2
      4      5      4      4      4
      4      5      4      4      4

      4      4      5      3      4
      2      2      3      3      2
      2      2      3      3      2
      4      3      2      2      3
      4      3      2      3      3

      3      3      3      2      3
      2      2      2      3      1
      2      2      2      3      1
      2      3      3      2      3
      2      3      3      3      3

      4      4      4      3      5
      3      4      3      3      4
      3      4      3      3      4
      2      5      4      4      3
      2      5      4      4      2

      5      5      5      3      4
      4      5      3      4      4
      4      5      3      4      4
      4      4      4      4      5
      4      4      4      5      4

      6      6      5      4      5
      3      6      3      4      3
      3      6      3      4      3
      4      5      3      5      4
      4      5      3      4      4

      4      4      5      5      6
      4      4      4      5      4
      4      4      4      5      4
      4      6      6      3      3
      4      6      6      5      3

      4      4      5      2      5
      4      5      3      5      5
      4      5      3      5      5
      5      5      5      4      5
      5      5      5      5      5

      5      5      5      5      6
      5      4      5      5      4
      5      4      5      5      4
      5      5      3      3      4
      5      5      3      4      4

      4      4      4      4      4
      5      5      5      4      4
      5      5      5      4      4
      3      5      4      4      4
      3      5      4      4      3

      4      4      4      5      3
      3      4      4      5      4
      3      4      4      5      4
      5      5      3      4      4
      5      5      3      5      3

      3      3      3      4      5
      3      4      4      4      3
      3      4      4      4      3
      3      5      4      3      2
      3      5      4      4      4

      3      3      4      5      4
      4      2      3      4      4
      4      2      3      4      4
      3      5      1      3      4
      3      5      1      3      2

      3      3      4      4      3
      2      2      3      4      3
      2      2      3      4      3
      4      4      4      2      3
      4      4      4      4      2

      6      6      4      2      2
      4      3      2      3      1
      4      3      2      3      1
      4      4      3      3      3
      4      4      3      4      2

      4      4      4      2      3
      5      4      4      4      3
      5      4      4      4      3
      3      4      5      3      3
      3      4      5      4      1

      4      4      3      3      3
      3      4      3      4      3
      3      4      3      4      3
      4      4      3      1      3
      4      4      3      3      4

      5      5      2      2      4
      4      2      3      4      2
      4      2      3      4      2
      4      2      4      3      4
      4      2      4      3      2

      3      3      3      3      5
      3      4      2      4      3
      3      4      2      4      3
      3      4      4      4      2
      3      4      4      3      4

      3      3      4      3      4
      2      1      1      3      3
      2      1      1      3      3
      3      5      5      4      4
      3      5      5      4      3

      4      4      6      1      3
      3      3      2      2      1
      3      3      2      2      1
      2      3      3      3      4
      2      3      3      2      3

      4      4      3      2      3
      3      2      4      3      4
      3      2      4      3      4
      4      3      4      1      3
      4      3      4      3      3

      5      5      4      3      3
      3      3      1      4      1
      3      3      1      4      1
      2      4      3      3      1
      2      4      3      3      2

      4      4      3      4      4
      4      2      3      4      2
      4      2      3      4      2
      4      5      2      3      2
      4      5      2      5      3

      3      3      1      2      2
      2      3      2      1      3
      2      3      2      1      3
      3      5      3      1      4
      3      5      3      4      2

      1      1      2      3      2
      0      3      2      3      0
      0      3      2      3      0
      0      2      3      3      0
      0      2      3      5      1

      2      2      3      3      3
      1      2      3      2      1
      1      2      3      2      1
      2      3      4      2      3
      2      3      4      4      1

      2      2      2      0      1
      1      2      2      2      2
      1      2      2      2      2
      4      2      2      2      0
      4      2      2      3      2

      3      3      2      1      2
      2      1      2      3      2
      2      1      2      3      2
      4      4      2      2      2
      4      4      2      2      0

      1      1      3      2      3
      1      3      1      2      1
      1      3      1      2      1
      1      3      3      0      2
      1      3      3      2      2

      2      2      0      1      1
      2      2      3      1      0
      2      2      3      1      0
      3      2      1      3      0
      3      2      1      1      2

      2      2      3      1      1
      2      1      1      1      0
      2      1      1      1      0
      4      2      1      0      1
      4      2      1      3      2

      1      1      3      0      3
      2      2      1      1      0
      2      2      1      1      0
      2      2      3      2      0
      2      2      3      0      1

      0      0      0      0      1
      0      1      0      1      0
      0      1      0      1      0
     -1      1      2      1      0
     -1      1      2      2      3

      2      2      1      0      0
      0      0      2      0     -1
      0      0      2      0     -1
      2      1      0      0      2
      2      1      0      0      0

      0      0      1      0      0
      0      0      0      0      0
      0      0      0      0      0
      2      2      2      0      0
      2      2      2      1      2

      0      0      1      1      0
      0      1      0      1     -2
      0      1      0      1     -2
      0      4      1      0     -1
      0      4      1      1      1

      0      0      1      0      1
      3      0      0     -1      0
      3      0      0     -1      0
      0      1     -1      1      0
      0      1     -1      2      0

      0      0      0      0      2
      1      3     -1      1      0
      1      3     -1      1      0
      0      0     -1      2     -1
      0      0     -1      0      0

      0      0      1      2      0
      1     -1      4      1     -1
      1     -1      4      1     -1
      1      1     -2     -1      0
      1      1     -2      0      1

     -1     -1      0      0      0
      0      0      1      0      0
      0      0      1      0      0
      0      1     -1      0     -1
      0      1     -1      0      0

      0      0      1      0      0
      0      0      1     -1      0
      0      0      1     -1      0
      0      0      0      0      0
      0      0      0     -1      0

      0      0     -3      0      3
     -2      0      0      2      1
     -2      0      0      2      1
      2      1     -1     -2     -1
      2      1     -1      3      0

     -1     -1      0      0      0
     -1      2     -3      0     -2
     -1      2     -3      0     -2
      1      0     -1      0     -2
      1      0     -1      1      1

      0      0      0     -2      0
      2     -1      0      0     -4
      2     -1      0      0     -4
      0      1      0     -2     -2
      0      1      0      0      0

      1      1      0      0      2
     -3     -1      0      0      0
     -3     -1      0      0      0
      0     -1      0      1     -1
      0     -1      0      0      0

