;
; ENVI ASCII Output of file: E:\Imaging\ROI_AVIRIS\5_3_16.img [Fri Nov 17 12:05:27 2017]
; File Dimensions: 5 samples x 5 lines x 224 bands
; Line Format    : (5i7)
;
    473    477    469    492    468
    473    477    469    469    475
    485    473    469    469    475
    479    485    471    479    488
    452    471    492    479    478

    578    567    533    567    563
    578    567    533    567    585
    578    557    567    567    585
    565    570    571    573    579
    540    562    557    577    577

    626    606    615    613    617
    626    606    615    610    624
    631    626    610    610    624
    627    611    616    618    624
    615    607    626    615    617

    782    780    777    783    782
    782    780    777    784    766
    795    772    784    784    766
    789    794    785    780    794
    775    779    789    772    785

   1168   1158   1155   1149   1148
   1168   1158   1155   1163   1151
   1158   1146   1163   1163   1151
   1169   1170   1151   1156   1164
   1169   1162   1163   1150   1153

   1229   1225   1221   1220   1218
   1229   1225   1221   1217   1219
   1240   1216   1217   1217   1219
   1239   1235   1234   1210   1219
   1233   1231   1226   1222   1233

   1173   1171   1152   1162   1167
   1173   1171   1152   1168   1152
   1177   1151   1168   1168   1152
   1167   1181   1160   1160   1165
   1163   1172   1171   1175   1165

   1087   1091   1065   1073   1079
   1087   1091   1065   1075   1084
   1082   1077   1075   1075   1084
   1077   1086   1085   1069   1084
   1085   1079   1080   1081   1076

   1181   1176   1179   1172   1174
   1181   1176   1179   1168   1160
   1180   1181   1168   1168   1160
   1183   1191   1178   1176   1175
   1182   1183   1183   1176   1167

   1212   1200   1198   1202   1203
   1212   1200   1198   1197   1192
   1212   1212   1197   1197   1192
   1211   1216   1220   1199   1204
   1201   1206   1215   1200   1204

   1177   1175   1165   1169   1175
   1177   1175   1165   1168   1162
   1171   1175   1168   1168   1162
   1178   1180   1176   1173   1170
   1165   1172   1173   1168   1163

   1109   1101   1099   1104   1111
   1109   1101   1099   1100   1099
   1103   1099   1100   1100   1099
   1110   1110   1114   1105   1101
   1098   1105   1109   1093   1112

   1056   1045   1040   1044   1050
   1056   1045   1040   1037   1042
   1049   1042   1037   1037   1042
   1052   1058   1047   1043   1044
   1035   1050   1047   1044   1040

    949    953    943    954    953
    949    953    943    944    944
    945    946    944    944    944
    954    957    955    948    939
    945    943    948    946    944

    868    864    868    875    872
    868    864    868    867    864
    869    863    867    867    864
    866    877    871    863    869
    858    866    867    867    862

    772    774    770    776    778
    772    774    770    762    775
    771    776    762    762    775
    777    777    774    774    771
    769    771    768    772    767

    687    688    685    691    692
    687    688    685    683    681
    688    681    683    683    681
    683    694    689    690    683
    679    688    683    681    687

    653    655    652    661    659
    653    655    652    652    651
    655    654    652    652    651
    650    659    655    657    652
    648    654    653    652    653

    619    622    618    629    625
    619    622    618    619    621
    621    626    619    619    621
    615    624    619    623    619
    615    620    623    621    618

    584    582    579    583    584
    584    582    579    580    579
    578    578    580    580    579
    581    584    587    580    574
    575    577    580    582    579

    534    537    530    535    537
    534    537    530    531    527
    538    535    531    531    527
    533    536    535    533    531
    528    527    535    540    534

    490    493    486    492    495
    490    493    486    489    487
    488    492    489    489    487
    491    496    493    490    490
    484    487    491    489    486

    455    456    455    463    460
    455    456    455    456    456
    455    455    456    456    456
    457    463    462    453    455
    448    457    463    456    456

    409    411    410    410    414
    409    411    410    409    404
    407    405    409    409    404
    406    411    407    406    406
    404    403    404    406    407

    380    382    380    385    381
    380    382    380    381    374
    377    378    381    381    374
    383    380    383    385    376
    375    377    385    380    378

    370    372    367    372    371
    370    372    367    367    364
    367    366    367    367    364
    368    372    372    368    369
    363    364    370    368    367

    346    346    341    350    346
    346    346    341    341    346
    345    345    341    341    346
    343    347    345    342    343
    340    340    340    341    344

    317    319    319    328    316
    317    319    319    311    317
    315    314    311    311    317
    314    321    317    316    319
    313    314    319    315    319

    304    304    303    309    303
    304    304    303    303    305
    304    303    303    303    305
    303    306    302    303    308
    301    300    305    301    301

    283    282    280    285    286
    283    282    280    280    280
    279    280    280    280    280
    281    284    283    281    281
    279    281    282    280    284

    267    266    264    265    269
    267    266    264    265    266
    269    262    265    265    266
    268    268    265    265    266
    266    264    268    266    268

    261    264    260    263    262
    261    264    260    260    260
    262    260    260    260    260
    262    261    263    258    258
    259    260    262    261    261

    256    261    255    264    257
    256    261    255    256    259
    262    263    256    256    259
    260    259    257    257    255
    259    257    256    262    259

    260    264    260    263    262
    260    264    260    261    259
    260    259    261    261    259
    262    261    263    258    257
    259    259    263    261    262

    242    248    241    245    241
    242    248    241    245    241
    241    240    245    245    241
    248    248    241    243    240
    241    240    243    245    244

    211    220    215    214    210
    211    220    215    218    212
    209    211    218    218    212
    217    217    214    213    212
    216    213    213    220    215

    182    190    187    193    189
    182    190    187    191    187
    184    185    191    191    187
    192    191    190    187    184
    189    185    190    192    187

    173    187    184    186    180
    173    187    184    188    179
    175    178    188    188    179
    187    183    180    179    179
    180    177    184    183    182

    160    168    163    165    163
    160    168    163    167    165
    160    162    167    167    165
    168    165    164    164    162
    164    162    164    166    166

    122    129    129    130    126
    122    129    129    130    124
    121    124    130    130    124
    131    125    124    125    127
    131    125    128    129    130

    131    140    135    136    135
    131    140    135    136    133
    129    129    136    136    133
    138    138    134    133    133
    134    132    137    137    139

    141    154    150    150    147
    141    154    150    153    145
    140    144    153    153    145
    152    148    146    146    148
    147    142    148    151    151

    141    153    150    149    149
    141    153    150    154    145
    139    145    154    154    145
    152    150    146    149    148
    150    144    151    153    152

     85     92     93     90     87
     85     92     93     92     87
     83     87     92     92     87
     91     90     89     88     88
     90     86     91     90     91

    107    119    116    118    114
    107    119    116    122    112
    108    112    122    122    112
    119    119    116    118    117
    118    113    119    120    118

    113    126    126    125    123
    113    126    126    125    120
    113    118    125    125    120
    127    122    121    124    120
    123    119    125    125    127

    103    115    114    114    110
    103    115    114    117    108
    102    107    117    117    108
    115    113    111    113    108
    115    108    117    115    115

     95    109    104    106    101
     95    109    104    109    100
     93     96    109    109    100
    106    106    101    104    101
    106    102    106    108    105

     87     97     97     96     93
     87     97     97     99     91
     85     88     99     99     91
     97     94     93     96     93
     96     91     99     99     99

     69     78     78     76     73
     69     78     78     80     71
     68     71     80     80     71
     76     74     75     77     74
     76     72     77     77     76

     68     78     79     79     73
     68     78     79     81     72
     68     70     81     81     72
     78     78     73     74     74
     77     74     78     79     81

     72     83     82     82     77
     72     83     82     84     77
     70     73     84     84     77
     82     79     76     80     77
     82     75     84     81     83

     75     89     88     86     84
     75     89     88     91     81
     74     78     91     91     81
     87     84     83     85     83
     88     82     88     87     88

     69     83     82     82     77
     69     83     82     86     75
     69     74     86     86     75
     81     81     77     80     77
     82     75     83     83     83

     70     82     81     80     75
     70     82     81     83     73
     66     71     83     83     73
     81     79     77     78     77
     80     73     82     80     82

     63     76     74     74     70
     63     76     74     80     69
     61     67     80     80     69
     75     72     71     74     72
     74     69     75     77     77

     62     72     73     72     69
     62     72     73     76     65
     59     61     76     76     65
     70     71     68     70     67
     71     66     73     72     74

     47     55     56     55     50
     47     55     56     59     51
     45     50     59     59     51
     55     53     52     54     52
     56     50     56     57     56

     41     47     48     47     44
     41     47     48     49     42
     38     41     49     49     42
     49     45     44     46     46
     48     43     47     50     49

     37     43     43     42     39
     37     43     43     46     40
     35     39     46     46     40
     43     43     39     41     40
     44     40     43     43     42

     31     36     40     37     36
     31     36     40     40     33
     30     32     40     40     33
     37     37     35     37     37
     36     33     37     41     40

     23     23     27     24     23
     23     23     27     28     21
     22     20     28     28     21
     25     27     24     23     24
     24     24     24     27     24

     14     15     18     17     16
     14     15     18     17     14
     13     13     17     17     14
     18     16     15     15     15
     19     15     14     18     16

     16     19     20     18     18
     16     19     20     19     18
     14     15     19     19     18
     20     18     19     18     15
     18     17     18     19     19

     26     32     33     32     31
     26     32     33     33     28
     24     27     33     33     28
     32     31     29     30     30
     32     29     33     33     34

     29     37     38     37     35
     29     37     38     41     32
     29     30     41     41     32
     39     37     33     37     34
     37     32     39     37     39

     35     43     45     44     40
     35     43     45     46     39
     33     37     46     46     39
     43     40     39     42     40
     43     38     45     44     45

     36     45     46     47     44
     36     45     46     50     39
     34     37     50     50     39
     45     45     42     46     43
     46     41     47     48     49

     34     44     46     43     42
     34     44     46     51     39
     33     36     51     51     39
     45     44     41     43     41
     45     39     47     46     47

     35     44     46     45     40
     35     44     46     47     38
     32     36     47     47     38
     44     42     41     43     41
     45     39     45     45     47

     34     43     45     42     40
     34     43     45     47     38
     31     34     47     47     38
     43     42     39     42     40
     42     38     45     45     45

     31     42     41     40     36
     31     42     41     43     36
     28     32     43     43     36
     38     38     37     38     37
     39     35     41     39     41

     29     39     40     39     36
     29     39     40     44     33
     27     32     44     44     33
     39     39     34     39     36
     39     34     40     41     42

     28     37     38     36     33
     28     37     38     40     31
     26     29     40     40     31
     36     35     33     36     33
     37     31     39     36     37

     27     36     38     35     33
     27     36     38     39     30
     25     30     39     39     30
     35     35     32     34     33
     36     31     38     38     38

     25     33     33     32     29
     25     33     33     35     28
     23     26     35     35     28
     32     31     29     32     30
     31     27     35     33     33

     23     30     31     29     27
     23     30     31     33     25
     21     23     33     33     25
     30     28     27     29     27
     29     25     32     31     31

     21     27     29     26     24
     21     27     29     30     23
     18     21     30     30     23
     28     25     24     27     24
     27     24     28     29     28

     16     22     22     21     18
     16     22     22     23     17
     14     16     23     23     17
     20     19     19     21     19
     21     18     20     23     23

     10     11     14     13     10
     10     11     14     14     10
      8     10     14     14     10
     13     13     12     12     12
     13     10     12     14     14

      4      5      5      5      4
      4      5      5      6      4
      3      4      6      6      4
      5      5      4      5      5
      6      4      4      4      5

      3      3      4      4      3
      3      3      4      4      3
      2      2      4      4      3
      4      3      4      3      3
      4      4      3      5      4

      4      5      6      6      5
      4      5      6      7      4
      3      4      7      7      4
      5      6      5      4      5
      6      5      5      7      6

      4      5      6      5      5
      4      5      6      4      4
      4      3      4      4      4
      5      5      5      5      4
      5      4      5      6      6

      7      7      8      8      7
      7      7      8      9      6
      4      5      9      9      6
      8      8      6      6      7
      8      7      8      9      9

      9     12     15     13     11
      9     12     15     16     11
      8     10     16     16     11
     14     13     11     14     12
     14     12     14     14     15

     11     16     17     15     14
     11     16     17     18     14
     10     11     18     18     14
     15     15     14     15     15
     15     13     17     16     17

     10     14     14     14     13
     10     14     14     16     12
      9     10     16     16     12
     14     14     12     13     13
     15     12     14     15     16

     10     15     17     15     14
     10     15     17     17     13
      9     11     17     17     13
     15     14     13     15     14
     15     13     15     16     18

      9     13     14     13     12
      9     13     14     15     11
      8      9     15     15     11
     12     12     11     13     11
     14     11     14     13     14

     10     16     16     17     14
     10     16     16     16     11
      9     11     16     16     11
     16     15     13     15     13
     16     13     14     16     17

     11     15     16     15     14
     11     15     16     17     12
      9     11     17     17     12
     15     15     14     16     14
     15     13     17     17     17

     12     17     18     16     15
     12     17     18     20     14
     10     13     20     20     14
     17     16     14     17     15
     17     14     18     18     20

     12     17     19     17     15
     12     17     19     19     12
      9     12     19     19     12
     17     17     15     17     15
     17     15     18     18     17

     10     15     16     15     13
     10     15     16     18     12
      9     11     18     18     12
     16     14     14     16     15
     15     14     16     17     17

     10     15     16     13     13
     10     15     16     16     11
      8     11     16     16     11
     13     14     12     14     13
     14     12     15     16     16

     10     15     16     15     13
     10     15     16     18     12
      9     11     18     18     12
     16     14     13     16     15
     15     13     16     17     17

     12     13     12     12     12
     12     13     12     14     15
     16     14     14     14     15
     14     11     13     16     19
     12     13      9     14     11

     14     12     17     11     16
     14     12     17     17     17
     14     18     17     17     17
     16     13     16     13     20
     10     16     14     16     15

     11     13     12     13     15
     11     13     12     16     13
     13     17     16     16     13
     16     13     14     13     12
     13     13     16     11     12

     14     15     15     13     14
     14     15     15     12     13
     15     14     12     12     13
     14     13     16     14     18
     13     12     15     11      9

     13     12     12      9      9
     13     12     12     14     11
     11     12     14     14     11
     13     12     12      9     13
      8     12     10     11     12

      9     11      9      7      7
      9     11      9     10      9
     11      9     10     10      9
     12      9      7     11     10
     12     10     11     10     10

    -11     -7     -6    -13     -5
    -11     -7     -6     19     21
      2     12     19     19     21
     -2     32     27     22     22
    -11    -13      4    -12    -12

      5      6      6      4      4
      5      6      6      6      6
      3      6      6      6      6
      5      6      6      4      4
      4      5      5      4      4

      3      4      3      2      3
      3      4      3      1      6
      3      4      1      1      6
      5      3      1      2      5
      2      3      2      3      3

      0      0      0      0     -1
      0      0      0      0      1
      0      0      0      0      1
      0      2      0      0      0
      0      0      0      2     -1

      0      0      1      0     -1
      0      0      1     -1     -1
      1      0     -1     -1     -1
      0     -1      1      0      0
      1      0      0      0      0

      0     -1      0     -3     -1
      0     -1      0      0      2
     -2      0      0      0      2
     -1      0     -1     -2      0
      1      1      0     -1      0

      1      1      0      0      0
      1      1      0      2      0
      1      0      2      2      0
      2      1      0     -2      0
      0      1      0      0      2

      0     -3     -6     -6     -4
      0     -3     -6     -2     -2
     -1      5     -2     -2     -2
      0      0     -1     -4      0
     -1     -1      0     -3     -2

      1     -1      1     -1      1
      1     -1      1      3      0
      0      2      3      3      0
     -1      0      1     -2      1
      0      0     -4      0     -3

      3     -1      0      0      0
      3     -1      0      0      0
      0      1      0      0      0
     -1      2      0      0      0
      0      4      0      0      1

      1      0      1      0      0
      1      0      1      2      0
      0     -1      2      2      0
      1      1      1     -1      2
      0      1      0      0      0

      0      2     -1      4      0
      0      2     -1      3      1
      1      2      3      3      1
      0      1      1      0      3
      2      1      0      1     -2

      1      0      2     -1      1
      1      0      2      2      1
      1      0      2      2      1
      0     -1      1      2      3
      0      0      0      1      0

      3      3      4      2      1
      3      3      4      1      2
      1      5      1      1      2
      1      3      3      2      3
      4      3      2      1      4

      1      4      4      3      2
      1      4      4      6      2
      5      5      6      6      2
      4      5      1      2      5
      5      1      3      4      4

      5      3      3      2      0
      5      3      3      4      1
      4      2      4      4      1
      1      2      1      2      1
      3      2      2      2      4

      4      3      3      3      3
      4      3      3      6      2
      5      5      6      6      2
      4      4      3      0      6
      5      5      5      4      3

      6      8      8      7      5
      6      8      8      7      6
      7      8      7      7      6
      8      7      6      7      7
      8      7      6      6      9

      9     11     10      8      8
      9     11     10      8     10
      8     10      8      8     10
      9      8     10      6      9
     10      8      9     11     11

     14     14     12     12     12
     14     14     12     11     11
     10     12     11     11     11
     12     11     10     10     13
      9     12     11     14     13

     10     10     13     13     11
     10     10     13     13     14
     10     12     13     13     14
     13     14     12     12     12
     12     14     12     10     12

     12     12     12     10     13
     12     12     12     12     14
     12     14     12     12     14
     12     12     13     12     14
     13     12     12     13     14

     17     14     14     13     17
     17     14     14     13     16
     14     16     13     13     16
     16     12     16     15     16
     11     11     12     18     18

     13     13     15     13     13
     13     13     15     15     12
     13     15     15     15     12
     14     13     13     13     15
     14     13     14     13     14

     12     15     13     12     12
     12     15     13     13     15
     13     13     13     13     15
     13     12     11     13     13
     13     15     11     13     13

     11     11     10     11      9
     11     11     10     12     10
     11     13     12     12     10
      8     11     11     10      9
     11     12      9     11     11

     12     11     13     11     10
     12     11     13     11     11
     13     10     11     11     11
     11     14     11      8     12
     11     11     11     11     12

     10     12     10     12     11
     10     12     10     14     11
     12     10     14     14     11
     12     11     10      9     13
     12     12     10     11     12

     10     11     12      8     11
     10     11     12     12     10
      9     11     12     12     10
     11     11     12     10     12
     11     10     10     11     10

      9      8      9     11      9
      9      8      9     10     12
      9      9     10     10     12
     10      9      9      9     10
     11     11     10     11      9

     11     11     11      9     11
     11     11     11     13     10
     11     12     13     13     10
     11     10     12     10     11
     13      9     11     11      9

     11      7     10     10      7
     11      7     10     11     12
     10     12     11     11     12
     12     10     10      8     11
     13     11      9     10     10

     10      9     10      9     10
     10      9     10     11      9
      8     10     11     11      9
      8      9     11      9     10
     10     10      8     11     10

     10     11     11      8      9
     10     11     11     10      8
      8     11     10     10      8
      9      8      8      8      9
     10      9     10      9     10

     10     10     10     10     10
     10     10     10     10      7
     10     11     10     10      7
      8      9      9      9     11
      9     10      9     10     10

      9     10      9     10      8
      9     10      9      9      8
      8     11      9      9      8
      8      8      9     10      9
      9      8      9     10      8

     10      9      8      9      9
     10      9      8      8      8
     10      8      8      8      8
      9      8      8     10     10
      9      9      7      8      9

      6      7      8      7      6
      6      7      8      8      8
      6     10      8      8      8
      9      9      8      7      9
      9      8      9      7      9

      9      7      7      8      8
      9      7      7      7      7
      7      8      7      7      7
      8      9      8      7      9
      9      9      6      8      7

      6      7      7      7      6
      6      7      7      9      7
      5      7      9      9      7
      6      7      5      7      8
      7      8      6      8     10

      8      7      5      6      6
      8      7      5      5      7
      6      7      5      5      7
      7      8      6      5      6
      8      6      8      7      6

      7      5      6      4      7
      7      5      6      6      6
      6      5      6      6      6
      9      7      4      8      5
      7      7      7      9      6

      3      4      4      4      3
      3      4      4      6      4
      7      4      6      6      4
      3      5      3      3      4
      6      7      9      6      6

      7      6      4      5      4
      7      6      4      5      6
      4      4      5      5      6
      5      5      3      5      6
      5      7      5      6      5

      4      4      5      2      4
      4      4      5      5      4
      5      5      5      5      4
      4      5      4      3      6
      3      7      3      5      6

      4      3      2      2      2
      4      3      2      2      4
      2      2      2      2      4
      3      2      2      2      4
      4      6      3      3      2

      4      4      2      1      4
      4      4      2      3      2
      0      4      3      3      2
      3      1      3      1      2
      2      3      4      1      2

      1      1      1      0      1
      1      1      1      2      1
      1      1      2      2      1
      2      2      1      2      1
      0      3      2      1      2

      1      1      0      0      0
      1      1      0      2      1
      1      0      2      2      1
      1      0      1      0      1
      2      1      0      0      0

      0      0      0      0     -1
      0      0      0     -1      0
      0      1     -1     -1      0
      0     -1      0      1      0
      0      0      0      0     -1

      0      0      0      0      0
      0      0      0     -1      0
      3      0     -1     -1      0
      0     -1      0     -1      0
      0      0      0      1      0

      0      0     -1      0     -1
      0      0     -1      0      0
      0      0      0      0      0
      0     -1      0      0      0
      0      0      0      0      0

     -1      0     -2      0      0
     -1      0     -2      0      0
      0      0      0      0      0
     -2      0      0      0      1
      0      0     -2      0     -1

      2      0      0      0      0
      2      0      0      0      1
      0      1      0      0      1
      0      0      0     -1      0
      0      1     -1      0      0

      0      0     -3      0      0
      0      0     -3      1      0
     -1      1      1      1      0
     -2      0      0     -1      0
     -2      0      0      0      0

     -1      0      0      0      0
     -1      0      0     -1      0
      1      2     -1     -1      0
     -1      0      0     -2      3
     -1      0      0      0      1

      0      0      0      0      0
      0      0      0      1      0
      1      0      1      1      0
      0      0      1     -1      1
      0      2      1      1      0

      0      1      0      0      0
      0      1      0      0      0
      1      0      0      0      0
      0      0      0      0     -1
      0      0     -1      1      1

      0     -2      0      0      0
      0     -2      0      0      0
      0      0      0      0      0
      0      1      1      0      0
      0      0     -1      1      0

      0      0      0     -1      0
      0      0      0      0      0
      0      0      0      0      0
      0      0      0     -1      0
      0      0      0      0      0

      0      0      1      0     -1
      0      0      1      0      0
     -1      0      0      0      0
     -1      0      0     -1      0
      0      0      0     -1      0

      1      0      0      0      0
      1      0      0      0      0
      0      0      0      0      0
      1      0     -1     -2     -1
      0      0      1      0      0

      0      1      1      0      0
      0      1      1      0     -2
      1      0      0      0     -2
      0     -1      0     -1      1
      0      0      1      0      0

      0      1     -1     -1      0
      0      1     -1      0      0
      0      0      0      0      0
      0      0      0      0      0
      0      0      0      0      0

      0      0      0     -1      1
      0      0      0      0      0
      0      0      0      0      0
      0      0      0      0      0
      0      1      0      0      1

      1      0      0      0      0
      1      0      0      0      0
      0      0      0      0      0
      0      0      1      0      0
      0      0      0      0      1

      1      1      0      0      2
      1      1      0     -1      0
      0      0     -1     -1      0
      0      0      1      0     -2
      0      1      0      0      0

      1      1      2      2      0
      1      1      2      0      1
      1      1      0      0      1
      1      1      2      1      1
      1      1      0      2      3

      4      3      1      1      3
      4      3      1      2      2
      3      4      2      2      2
      2      2      3      0      2
      0      2      0      1      3

      4      4      3      3      4
      4      4      3      4      3
      2      3      4      4      3
      3      3      4      2      3
      3      2      4      3      2

      3      2      0      1      0
      3      2      0      1      1
      0      1      1      1      1
      2      2      3      0      1
      1      1      1      1      2

      1      0      0      0      1
      1      0      0      1      1
      1      0      1      1      1
      1      0      1      0      0
      1      1      0      0      1

      1      2      1      2      1
      1      2      1      0      0
      2      0      0      0      0
      2      2      1      1      0
      0      2      1      1      1

      3      3      4      2      3
      3      3      4      1      3
      3      2      1      1      3
      4      3      4      2      3
      3      2      3      4      3

      5      5      3      4      4
      5      5      3      4      4
      5      4      4      4      4
      5      3      5      4      4
      5      5      5      5      5

      4      4      4      3      4
      4      4      4      3      5
      3      2      3      3      5
      5      4      5      2      3
      3      3      5      4      3

      5      2      3      2      2
      5      2      3      2      3
      2      2      2      2      3
      4      2      3      2      2
      1      1      2      3      3

      3      2      3      4      2
      3      2      3      1      3
      2      3      1      1      3
      4      2      4      2      2
      2      3      3      3      4

      3      4      4      3      4
      3      4      4      4      3
      5      3      4      4      3
      4      3      5      1      4
      2      3      4      3      3

      5      5      4      3      3
      5      5      4      4      4
      4      4      4      4      4
      4      4      5      3      5
      4      5      3      4      5

      5      3      5      4      3
      5      3      5      2      4
      4      4      2      2      4
      4      4      4      4      4
      3      4      4      4      6

      6      5      5      4      4
      6      5      5      4      4
      4      3      4      4      4
      5      4      5      5      6
      3      4      4      5      4

      2      3      4      3      4
      2      3      4      3      5
      5      5      3      3      5
      4      3      4      4      4
      4      5      4      4      6

      3      6      6      5      4
      3      6      6      3      4
      4      3      3      3      4
      4      4      5      4      4
      3      5      4      4      3

      4      5      5      5      5
      4      5      5      5      3
      4      4      5      5      3
      5      5      5      2      4
      4      4      4      4      6

      3      5      3      4      4
      3      5      3      2      3
      4      5      2      2      3
      4      6      5      3      5
      3      5      5      5      4

      4      4      4      2      4
      4      4      4      3      6
      4      3      3      3      6
      5      3      4      3      4
      3      3      3      4      3

      3      3      3      3      3
      3      3      3      1      4
      4      4      1      1      4
      3      4      4      3      2
      3      3      2      4      4

      4      3      2      3      3
      4      3      2      3      3
      3      2      3      3      3
      6      4      3      3      3
      4      4      3      3      3

      3      3      2      2      2
      3      3      2      4      3
      2      2      4      4      3
      4      4      3      1      4
      3      4      3      3      3

      2      3      2      3      4
      2      3      2      4      4
      2      4      4      4      4
      4      2      5      2      4
      3      2      1      3      4

      4      3      4      3      3
      4      3      4      2      3
      3      2      2      2      3
      5      3      4      1      2
      4      4      3      3      3

      3      3      2      4      3
      3      3      2      2      5
      3      3      2      2      5
      4      2      3      4      4
      2      3      3      3      4

      4      3      3      3      3
      4      3      3      3      3
      4      3      3      3      3
      4      3      6      2      3
      3      2      1      3      3

      3      3      3      4      3
      3      3      3      3      4
      2      1      3      3      4
      3      3      3      2      4
      2      4      3      3      3

      4      3      3      4      3
      4      3      3      1      3
      2      4      1      1      3
      3      2      2      1      2
      2      3      4      1      4

      3      5      4      4      2
      3      5      4      3      2
      3      1      3      3      2
      3      3      4      2      1
      2      3      3      3      4

      4      1      4      4      5
      4      1      4      2      4
      2      3      2      2      4
      1      3      2      0      0
      3      4      1      3      3

      2      2      1      4      2
      2      2      1      1      2
      5      2      1      1      2
      4      1      3      1      2
      2      4      2      4      2

      4      2      0      3      1
      4      2      0      1      4
      3      1      1      1      4
      1      2      2      1      1
      3      2      2      2      3

      2      1      4      4      2
      2      1      4      0      0
      1      1      0      0      0
      3      3      3      0      2
      1      4      1      2      2

      3      2      1      3      1
      3      2      1      1      2
      3      1      1      1      2
      1      2      2      1      4
      3      3      3      2      2

      2      3      2      2      2
      2      3      2      0      3
      3      1      0      0      3
      1      3      3      0      3
      1      2      3      3      2

      4      3      3      1      1
      4      3      3      0      1
      0      1      0      0      1
      2      0      0      3      2
      1      3      1      2      2

      2      2      2      3      1
      2      2      2      1      3
      2      3      1      1      3
      4      4      3      0      1
      2      2      3      0      4

      0      2      1      1      1
      0      2      1      1      2
      2      0      1      1      2
      2      1      3      0      0
      0      2      1      2      3

      0      0      1      0      2
      0      0      1      1      2
      1      1      1      1      2
      0      0      1     -1      4
      2      1      1      0      1

      1      1     -1      2      1
      1      1     -1      0      0
      3      1      0      0      0
      1      1      2      1      0
      2      0      3      1      2

      4      0      0      1      0
      4      0      0      1      2
      0      1      1      1      2
      2      3      1      2      1
      1      0      1      1      1

      0      0      0      0      0
      0      0      0      1     -1
      1      2      1      1     -1
      2      2      2      0      0
      0      1      0      2      0

      0      1      1      2      0
      0      1      1      1      0
      0      1      1      1      0
      1      1      2      0      0
      0      2      2      1      1

      0      0      0      1      0
      0      0      0      3      3
      0      2      3      3      3
      0      0      3      2      1
      0      0      0      1      3

      0      0      2      0      2
      0      0      2      0      1
      0      0      0      0      1
      2      0      0      0     -2
      0      1     -1      0      1

      0      0      0      1      1
      0      0      0      1      2
      0      0      1      1      2
      2      0      1      0      2
      0      1      0      0      0

      4      0     -2     -2      4
      4      0     -2      1      0
     -2      1      1      1      0
      1      0     -1      2      6
     -2      4     -1      0      3

      0     -1      2      1     -1
      0     -1      2      2      1
     -1      0      2      2      1
      3      0      0     -1      0
     -1      0      0      2      0

      0      2      0      0      0
      0      2      0      0      0
      1     -3      0      0      0
      2      1      1      0      2
      1      0      0      0      0

      1      0      0      0      1
      1      0      0      0      0
      0      0      0      0      0
      0      0      2     -2      0
      1      3      0      0      0

      0     -2      0     -3     -2
      0     -2      0      0      0
     -1      0      0      0      0
      0      2      1      0     -2
     -1      1      0     -1      0

      0     -2      0      0     -1
      0     -2      0      2      2
     -1      0      2      2      2
      0     -1     -1      0      0
     -1     -1     -2     -2      0

      1      0      0      0     -1
      1      0      0      0      0
     -2      2      0      0      0
      0      0      3      0     -3
     -1      0      0      0      0

