;
; ENVI ASCII Output of file: E:\Imaging\ROI_AVIRIS\5_3_1.img [Fri Nov 17 12:02:41 2017]
; File Dimensions: 5 samples x 5 lines x 224 bands
; Line Format    : (5i7)
;
    473    478    484    485    488
    461    461    502    473    481
    482    474    491    475    488
    481    492    481    487    486
    471    480    483    487    480

    572    567    591    599    585
    569    569    581    557    587
    581    585    569    581    571
    577    561    569    561    565
    541    579    575    575    573

    619    598    642    628    626
    615    615    629    613    627
    610    627    625    616    637
    625    614    603    614    616
    612    622    615    608    617

    794    793    803    795    813
    782    782    789    785    808
    777    786    775    788    794
    778    787    793    790    802
    761    782    771    791    780

   1160   1161   1165   1167   1177
   1151   1151   1172   1164   1168
   1153   1162   1136   1167   1167
   1145   1136   1137   1162   1167
   1118   1140   1156   1161   1155

   1219   1228   1224   1239   1231
   1203   1203   1230   1232   1226
   1200   1209   1208   1214   1224
   1198   1195   1210   1211   1221
   1190   1200   1202   1220   1217

   1158   1164   1168   1169   1170
   1150   1150   1162   1154   1169
   1141   1137   1136   1150   1159
   1136   1131   1135   1155   1147
   1123   1128   1147   1152   1147

   1075   1074   1080   1076   1076
   1073   1073   1067   1076   1086
   1059   1057   1063   1068   1079
   1054   1051   1059   1072   1071
   1052   1070   1063   1070   1081

   1166   1172   1169   1170   1186
   1169   1169   1179   1182   1170
   1169   1164   1160   1170   1167
   1159   1154   1159   1169   1170
   1150   1165   1174   1175   1169

   1202   1205   1206   1190   1199
   1199   1199   1208   1200   1192
   1198   1198   1191   1201   1199
   1195   1182   1193   1202   1200
   1186   1196   1203   1200   1195

   1184   1172   1175   1168   1175
   1179   1179   1183   1169   1175
   1180   1170   1161   1174   1179
   1167   1170   1163   1172   1176
   1163   1165   1178   1180   1169

   1110   1104   1106   1098   1105
   1110   1110   1107   1103   1100
   1108   1101   1097   1104   1102
   1101   1098   1103   1100   1106
   1092   1102   1115   1108   1107

   1053   1049   1042   1043   1050
   1049   1049   1054   1041   1041
   1057   1057   1049   1044   1048
   1052   1052   1047   1050   1047
   1037   1050   1055   1050   1051

    946    953    939    946    941
    953    953    949    942    939
    966    963    962    951    950
    963    953    949    954    944
    948    955    960    946    953

    859    867    857    858    859
    875    875    871    858    853
    891    889    879    872    862
    886    885    874    876    861
    865    883    880    871    867

    771    768    768    754    761
    777    777    779    766    761
    797    798    795    775    771
    797    798    782    789    776
    780    789    793    777    776

    677    686    677    668    672
    693    693    702    676    668
    718    718    712    693    686
    707    715    699    703    693
    694    709    706    694    690

    648    650    647    641    641
    662    662    663    646    638
    690    692    682    662    657
    678    689    672    671    662
    665    681    675    662    656

    618    614    616    613    609
    630    630    623    616    607
    662    666    650    629    627
    649    663    644    639    630
    634    653    644    630    620

    576    573    576    573    575
    593    593    595    573    572
    624    622    618    600    588
    610    622    603    601    586
    598    612    607    596    586

    533    531    533    526    527
    552    552    548    529    525
    582    585    576    550    540
    565    577    566    551    546
    558    572    563    544    542

    492    494    492    486    479
    506    506    505    487    482
    542    543    533    508    500
    529    543    519    513    506
    512    528    517    507    502

    460    462    462    451    448
    482    482    474    457    446
    512    510    504    469    470
    499    516    490    484    469
    482    496    484    477    470

    408    406    405    405    396
    426    426    420    410    395
    460    460    455    428    422
    448    458    441    429    420
    436    441    434    422    418

    382    383    385    376    377
    398    398    398    382    376
    433    430    424    401    395
    421    434    412    404    397
    409    424    409    396    395

    366    369    376    362    362
    388    388    381    369    364
    426    427    416    385    385
    410    425    403    395    384
    400    409    395    384    383

    344    342    347    339    337
    364    364    361    346    337
    406    392    392    363    359
    384    400    378    373    360
    374    385    371    362    357

    319    318    318    311    315
    336    336    335    318    316
    373    373    359    333    335
    357    370    351    344    332
    343    350    340    332    327

    302    308    305    303    302
    324    324    323    309    300
    360    352    351    326    323
    347    357    341    328    320
    333    337    329    320    316

    284    284    289    277    278
    297    297    298    284    279
    336    331    326    303    296
    323    335    315    307    298
    307    314    305    299    291

    268    269    272    266    260
    283    283    283    272    263
    316    316    313    284    281
    304    316    300    294    280
    291    300    290    278    275

    262    267    265    257    256
    283    283    275    258    259
    314    310    307    283    276
    304    314    293    284    277
    288    294    283    277    271

    261    265    266    258    253
    281    281    268    260    260
    310    306    304    278    273
    300    311    287    280    278
    286    294    285    277    273

    261    267    264    258    255
    282    282    276    257    258
    313    311    308    283    277
    305    315    293    284    277
    288    294    283    278    271

    247    256    248    239    240
    265    265    254    239    242
    290    291    292    268    259
    286    298    275    265    263
    269    277    271    259    257

    217    220    220    216    210
    232    232    226    209    216
    256    265    261    237    231
    253    263    248    239    234
    243    246    240    231    229

    191    193    191    189    187
    205    205    203    187    191
    228    234    234    208    202
    221    234    218    210    205
    212    217    209    205    203

    182    188    186    187    180
    203    203    199    181    187
    224    233    231    207    197
    218    230    210    208    201
    207    212    207    198    196

    165    172    170    169    166
    182    182    180    162    169
    205    213    210    190    178
    198    213    193    190    185
    190    192    192    183    179

    129    133    128    132    128
    140    140    142    124    131
    159    165    166    147    141
    152    163    148    145    143
    144    149    146    141    137

    135    142    139    143    136
    150    150    150    135    140
    168    180    178    155    152
    165    177    159    156    150
    154    161    158    153    148

    150    157    153    156    150
    168    168    168    147    153
    186    202    202    177    169
    180    196    179    176    170
    174    180    174    169    162

    151    158    154    157    150
    165    165    167    148    157
    189    203    205    173    170
    183    198    176    175    167
    173    179    174    170    163

     89     95     92     93     88
    101    101    102     90     94
    114    124    121    107    104
    113    122    109    105    101
    105    108    106    101    102

    117    123    120    124    120
    133    133    135    114    124
    150    164    165    139    133
    144    158    142    141    132
    138    143    139    136    132

    124    130    126    130    123
    139    139    144    123    130
    155    177    175    148    138
    154    170    150    150    141
    143    149    148    143    141

    113    120    114    120    115
    130    130    131    111    118
    144    161    160    135    129
    142    154    134    136    128
    133    139    134    130    126

    105    111    107    112    105
    120    120    123    101    108
    133    148    149    128    123
    131    146    127    125    118
    125    129    124    120    119

     93    102     95    101     96
    107    107    109     92    100
    123    137    137    113    112
    121    133    118    115    108
    113    117    114    107    106

     74     79     76     80     75
     86     86     85     73     79
     99    107    107     89     88
     96    104     93     90     85
     89     92     89     88     84

     73     85     77     82     79
     89     89     90     73     83
    100    111    108     90     91
    100    107     95     93     88
     88     94     90     87     85

     81     86     81     89     83
     91     91     96     76     85
    103    118    118     97     97
    102    114     99     99     92
     95    100     99     95     90

     85     93     86     93     87
     99     99    101     83     91
    110    128    125    102    103
    113    121    104    105     98
    103    107    104    101     97

     80     86     79     87     83
     94     94     96     77     85
    106    123    121     99     95
    101    119    103    102     92
     96    100    100     95     90

     75     84     79     84     80
     93     93     92     75     84
    102    119    119     96     96
    103    113     99     96     91
     94    100     95     94     88

     72     80     72     81     75
     87     87     88     72     80
     99    113    112     89     88
     97    110     92     91     85
     88     92     91     89     83

     68     75     70     76     72
     85     85     84     66     76
     92    107    106     87     85
     91    103     89     85     82
     85     88     88     84     80

     52     57     55     60     55
     63     63     64     52     57
     72     80     80     64     68
     71     80     67     65     61
     66     69     65     65     61

     44     49     44     51     45
     53     53     53     42     48
     61     65     65     54     56
     59     68     58     53     53
     55     57     54     55     51

     40     45     39     46     41
     52     52     48     38     44
     56     57     57     48     53
     55     63     53     47     47
     51     51     48     48     46

     36     40     35     40     35
     44     44     43     33     39
     48     50     50     44     48
     49     56     46     42     41
     44     47     42     43     40

     25     23     24     26     21
     30     30     26     24     26
     30     28     25     29     29
     38     30     29     25     24
     30     31     25     30     25

     15     16     15     17     15
     17     17     16     15     15
     18     17     16     16     18
     19     20     16     15     17
     17     17     17     17     15

     18     19     17     20     17
     21     21     20     16     19
     23     22     22     21     22
     27     26     21     19     19
     23     22     22     23     20

     30     33     29     35     31
     36     36     34     29     32
     43     41     42     37     39
     46     49     40     35     33
     38     39     35     39     35

     34     39     34     40     34
     43     43     41     33     37
     51     50     50     42     48
     53     59     47     43     42
     45     46     43     44     41

     40     46     41     46     43
     54     54     52     39     44
     63     64     64     51     58
     62     73     56     52     49
     53     55     52     54     47

     44     49     44     50     44
     55     55     54     42     49
     67     70     70     56     62
     65     75     61     56     53
     56     60     57     57     52

     42     48     43     49     43
     54     54     53     41     47
     64     66     66     55     60
     64     73     60     53     53
     56     58     53     57     51

     42     48     41     48     43
     54     54     53     40     46
     65     68     67     55     60
     63     74     57     55     51
     57     57     54     56     51

     40     46     40     47     42
     51     51     52     38     45
     63     66     67     52     58
     62     73     56     52     50
     54     56     53     54     48

     37     43     37     43     39
     50     50     48     35     42
     57     63     62     48     54
     58     68     54     50     46
     52     54     49     52     45

     36     43     37     43     39
     48     48     46     35     41
     57     62     61     47     53
     57     66     53     49     45
     51     52     47     50     46

     33     40     33     40     34
     44     44     46     32     37
     53     59     57     44     50
     54     65     50     46     44
     47     48     45     48     42

     32     39     33     41     35
     44     44     44     31     38
     53     57     55     44     49
     53     62     50     45     42
     46     48     45     46     40

     30     36     30     36     31
     40     40     40     28     33
     48     51     50     41     43
     49     58     44     40     38
     42     42     41     42     36

     28     33     28     33     28
     36     36     36     26     30
     44     46     46     38     41
     46     53     40     37     35
     39     38     37     39     33

     26     30     26     30     25
     33     33     33     24     27
     39     41     41     34     38
     42     48     37     34     32
     36     34     32     35     31

     20     21     17     23     20
     24     24     25     17     21
     31     31     30     26     28
     32     36     28     25     23
     27     26     25     26     23

     11     14     12     13     12
     14     14     14     10     13
     17     16     17     14     15
     19     22     16     14     14
     16     16     14     15     13

      5      4      4      6      3
      5      5      4      4      4
      5      5      4      5      5
      5      7      4      4      4
      3      6      5      5      5

      3      3      3      5      3
      4      4      4      4      4
      4      4      4      4      4
      4      5      5      3      2
      3      5      4      4      3

      6      5      4      6      5
      6      6      5      5      5
      6      5      5      5      5
      6      7      6      5      5
      6      6      5      5      5

      4      6      4      5      4
      6      6      6      4      4
      6      5      5      5      5
      7      7      5      5      4
      5      5      5      5      5

      7      7      7      9      6
      9      9      8      7      8
      9      9     10     10     11
     11     13      9      8      7
     10      9      9      8      9

     12     15     11     15     12
     17     17     17     11     14
     21     19     19     16     18
     21     24     19     15     14
     17     17     17     17     15

     14     17     14     19     15
     19     19     19     13     16
     22     23     23     18     23
     24     29     21     18     18
     20     21     19     22     18

     13     15     13     16     13
     18     18     17     12     16
     20     21     22     17     20
     23     26     20     17     16
     19     19     18     20     17

     13     18     13     18     13
     18     18     19     13     16
     23     23     24     20     22
     25     29     20     18     18
     20     20     19     20     18

     12     15     12     15     12
     16     16     17     10     13
     19     20     21     18     20
     21     24     18     17     14
     18     17     16     19     16

     14     17     13     17     14
     20     20     19     12     16
     22     22     24     20     22
     26     28     22     17     19
     20     19     20     20     18

     14     18     13     17     14
     21     21     20     13     15
     24     24     24     20     22
     27     29     21     18     18
     21     21     19     22     18

     16     19     15     19     16
     21     21     23     13     18
     26     27     27     22     26
     29     33     24     21     21
     23     23     22     24     20

     15     19     14     20     16
     22     22     21     13     17
     25     27     26     23     25
     28     33     24     21     21
     23     23     21     23     20

     14     17     14     17     15
     20     20     20     13     16
     24     24     26     20     21
     25     31     22     20     18
     22     20     19     22     18

     13     15     12     17     13
     18     18     17     11     15
     20     21     21     19     20
     23     26     20     17     17
     19     18     18     19     17

     14     17     14     17     15
     20     20     20     13     16
     24     24     26     20     21
     25     31     22     20     18
     22     20     20     22     18

     18     21     18     15     16
     14     14     17     18     15
     22     18     22     18     14
     22     28     15     16     15
     17     21     15     19     15

     14     18     20     12     14
     17     17     24     13     16
     21     22     22     18     21
     21     21     19     15     16
     21     20     22     16     18

     16     17     16     14     18
     18     18     18     16     15
     19     19     19     17     19
     22     21     22     17     15
     16     21     21     20     18

     16     17     14     15     16
     18     18     18     14     15
     22     23     20     18     18
     23     22     20     19     20
     18     20     19     16     18

     12     14     12      9     12
     15     15     16     13     14
     16     20     19     15     15
     16     21     18     17     14
     14     14     14     16     13

      9     10      8     11     11
     13     13     11     11      9
     12     16     14     12     10
     11     16     11     12      9
     13     15     12     11     10

    -19    -15    -16    -21    -20
    -20    -20    -22    -19    -20
     -8    -13     13     -3      0
    -12     -5     16     -3    -15
      6     -3     -1     -4     -3

      5      7      6      3      6
      5      5      6      4      4
      6      6      8      6      4
      7      9      8      6      6
      5      7      4      8      5

      3      4      5      4      4
      3      3      2      2      3
      3      4      6      1      3
      4      5      2      2      2
      5      4      3      6      4

      0      1      1      0      0
      1      1      0      0      0
      0      1      2      0      0
      2      1      0      3      0
      0      0      3      2      0

      1      1     -1      0      0
      0      0     -1      0     -1
      0      2      1      0      0
      0      0      0      0     -1
      0      1      0      0      0

      0      0      0      0      4
      0      0     -1     -2      0
     -1      1      2      1      2
      0      2      0      0      1
      0      1      1     -1     -2

      0      2      0      0      2
      0      0      0      1      0
      0      0      1      0      2
      1      2      0      2      1
      0      1      0      2      0

      5      6     -1      0      2
      0      0      4      2      0
     -4     -2      4      1      3
      2      2     -1     -1      0
     -3      2     -2      4     -3

      1     -1      1      0      0
      0      0      1     -1      1
     -1      0      2      0      0
      1      0      1      1      1
     -2      0      0      3     -3

      0      0      2     -1      2
      0      0      0     -1      2
     -1      1      0      0      2
      0      0      1      0      1
      0      2      1      1      0

      2      0      0      0      3
      1      1      0      0      0
      0      0      1      2      0
      2      2      2      2      1
      0      0     -1      2     -2

      1      3      0      0      0
      1      1      1      2     -1
      0      1      3      0      0
      2      2      0      1      0
      3      1      1      0      0

      2      1      0     -1      1
      1      1      3      0      0
      0      0      5      0      0
      2      1      1      2      4
      0      4      0      3      2

      4      4      1      3      0
      3      3      4      2      4
      1      2      4      1      2
      5      4      2      1      3
      2      2      5      5      5

      5      4      3      1      3
      2      2      3      4      5
      2      2      4      2      1
      3      6      3      4      6
      4      4      4      2      6

      3      2      2      3      3
      3      3      3      3      4
      3      2      3      0      2
      4      1      1      3      5
      3      2      4      4      1

      4      3      1      4      5
      4      4      3      5      8
      3      3      4      3      3
      6      4      5      4      6
      4      3      6      7      3

      9      6      7      8      8
      8      8     10      8      5
     10      9      8      8      9
     10     10      8      8      9
      7      9      9      9     10

     11     11     11     10     11
     12     12     11     10     11
     13     15     15     11     14
     13     15     12     11     11
     11     14     12     11     10

     14     13     13     13     12
     13     13     15     14     14
     17     16     15     14     15
     18     18     16     16     15
     13     15     16     14     12

     14     14     15     13     15
     15     15     17     15     15
     19     19     20     14     18
     21     18     19     16     17
     16     17     18     17     15

     14     15     13     15     12
     15     15     17     15     15
     22     22     22     16     20
     20     22     17     19     17
     18     19     16     16     16

     17     16     14     12     15
     18     18     23     15     13
     21     25     28     21     20
     19     25     19     22     21
     15     23     19     20     20

     16     16     16     14     14
     15     15     18     18     15
     21     23     21     17     21
     21     24     19     18     16
     19     21     19     19     17

     15     14     16     15     15
     18     18     16     15     13
     20     20     19     17     20
     21     22     19     17     15
     18     19     18     18     15

     13     12     15     13     13
     15     15     13     14     12
     19     18     19     14     17
     20     20     17     17     15
     15     19     14     16     14

     12     13     11     12     12
     15     15     17     14     14
     18     18     20     15     18
     17     22     18     16     16
     15     18     18     15     11

     14     11     12     13     14
     15     15     15     15     14
     21     20     20     15     16
     19     19     17     16     17
     16     18     17     16     15

     11     13     13     14     13
     15     15     14     11     13
     16     17     19     15     17
     17     21     15     17     16
     14     18     15     15     15

     12     12     12     10     12
     14     14     16     14     12
     18     17     21     13     15
     17     18     15     17     15
     13     16     13     13     12

     11     13     13     11     12
     16     16     14     15     12
     18     19     19     14     15
     18     21     17     17     16
     15     19     17     14     15

      9     13     12     13     13
     15     15     15     13     12
     18     18     19     16     14
     17     19     16     16     17
     15     15     15     15     13

     11     11     14     10     11
     13     13     13     13     12
     18     17     18     12     14
     14     18     14     14     12
     15     16     13     13     14

     10     12     12     11     11
     14     14     13     11      8
     16     17     17     13     14
     16     17     13     13     13
     14     17     12     14     10

     10     11     12     10     11
     14     14     13     11     10
     16     16     18     14     15
     14     18     15     14     12
     13     15     12     14     14

     11     12     12     10      9
     13     13     14     11     10
     16     17     16     13     15
     16     18     12     13     14
     11     14     12     10     13

     12     11     10     10     10
     13     13     14     11     10
     17     15     17     12     13
     14     16     12     12     14
     13     15     13     12     11

     10      9      9      9     12
     12     12     13     11     10
     16     14     15     12     12
     14     17     12     12     11
     11     13     10     11     10

     12     11      9      8     10
     12     12     11      9      8
     15     15     15     10     11
     11     16     13     12     13
     13     12     12     11     11

      8      8      9      8      9
      9      9      9      7      9
     11     13     12      9     10
     12     14     12     10      9
     10     10      9     12     10

      8      6      7      7      7
     10     10      9      6      8
     11     11     12     10     11
     14     14     10     10      9
     10     10      9     11     10

      7      7      8      7      5
      8      8      8      8      7
      9     11     11      7      9
     10     12      8      8      7
      9      9      7      8      9

      8      8      6      8      8
      8      8      8      8      7
     10     10     11      8     10
     10     12      7      7      8
      6      9      7      7      7

      7      8      7      6      5
      7      7      7      7      6
      9      9      9      7      8
     10     10      7      8      8
      9      9      7      6      8

      8      6      4      6      7
      5      5      8      6      5
      7      8      9      6      8
      7      9      5      6      5
      5      8      8      6      6

      5      2      4      6      5
      6      6      4      4      2
      4      4      6      5      4
      6      6      4      5      4
      4      5      3      4      6

      2      2      2      2      2
      2      2      2      2      4
      2      4      6      3      4
      3      5      2      3      4
      3      4      4      5      3

      0      0      1      1      2
      2      2      2      2      0
      2      0      3      1      2
      4      4      3      2      2
      0      3      1      4      2

      0      0      0      0      1
     -1     -1      2      0      0
      0      1      1      3      0
      2      4      4      1      1
      0      0      1      0     -1

      0      0      0      0      0
      0      0      1      0      0
      0      0      0      0     -1
      0      1      0      0      1
     -2      0      0      0      0

      0      1      0     -1      0
      0      0      1      0      0
      0      1      0      1      0
      1      2      0      0      1
      0      0      0      0      2

      1      1     -2      0     -2
      1      1      0      0      0
     -1      0      0      1      0
      0      0      2      1      0
     -1      1     -1      1      1

     -2      0      0     -1     -1
      0      0     -1     -2     -2
     -1     -1      0      0      0
      0      1     -2      1      2
      0      0      1      0      0

      0      0     -1      0      0
      1      1      0      0      0
      0      0      3      0      1
      0      0      0      2     -1
      0      1      0      1      0

      0      0      0     -1     -1
      2      2      0      1      0
      0      0      1      0      1
      0      1     -1      0      1
     -1      1      0      0      0

      0      0      0      0      0
      0      0      1      0      0
      0      0      0      0      0
      0      0      0     -1      0
      0      1      0      0      0

      0      0      0      0      0
      0      0      0      0      0
      1      0      2      0      1
      0      0     -2      0      0
      0      0      0      0      0

      0      0      0     -1      0
      0      0      0      1      0
      0      0      0      0      0
      2      0      1      1      0
      0      0      0     -1      0

     -1      0     -1     -3      0
      0      0      0      1      0
      0      0      0      0     -1
      2      0      1      0      0
      1      0      1      0      1

      0      0      0      0     -1
      0      0      0      0     -1
      0      0      0      1      0
      3      0      0      0      0
      1      0      0      0      2

      0     -1      0      0      0
      0      0      0      0      1
      1      0      0      0      0
      3      0     -1      0      0
      0      2     -1      0      0

      0     -1     -1      0      0
      0      0     -1      0     -1
     -1      1     -1      0      0
      3      0      0      0      1
      1     -1      0      0      0

      0      0      0     -1     -1
      0      0      1      1      0
      0      0      0      0      0
      2     -1      0      0      0
     -1      0     -1      0      0

      1      0      0      0      0
     -2     -2      0      1      0
      0      1      0     -1      0
      3      0      0      0      0
      1      0      0      0      0

     -1     -1     -1      0      0
     -1     -1      0      1      1
      0      0      0      0      0
      3     -2      0      0      0
      0      1      0      0      0

      0     -1      0      0      0
      0      0      0      1      0
      0      0      0      1      0
      1      0      1      0      0
      1      0      0      1      1

      0      1      0      0      0
     -1     -1      2      0      0
      0      0      0      1      0
      2      0      2      0      1
      0      2      1      0      0

      1      1      1      0      0
      0      0      1      1      1
      2      2      1      1      0
      4      2      2      3      1
      1      3      0      1      2

      1      3      3      1      2
      2      2      4      3      1
      3      3      3      2      3
      5      3      4      3      3
      3      5      5      4      3

      5      3      5      2      2
      4      4      4      4      3
      4      3      5      3      3
      6      3      4      5      3
      5      5      4      3      4

      2      3      3      1      1
      2      2      5      1      2
      3      4      3      3      2
      3      2      3      3      1
      3      2      3      2      4

      0      0      1      1      1
      0      0      0      0      0
      0      1      0      0      0
      2      1      0      1      1
      2      1      1      2      1

      0      1      1      2      1
      0      0      2      2      2
      1      0      1      1      0
      4      2      2      2      1
      3      1      0      2      1

      2      4      2      3      3
      2      2      5      4      3
      5      3      4      4      4
      7      5      4      5      4
      5      4      4      4      4

      5      6      4      6      5
      6      6      5      6      7
      6      6      5      5      4
     10      8      6      6      7
      8      6      5      6      5

      4      4      3      3      3
      4      4      5      5      3
      6      5      4      5      3
      8      5      5      4      4
      7      4      5      4      4

      3      2      2      2      3
      3      3      4      5      2
      4      3      4      3      3
      6      6      5      3      6
      5      4      3      3      3

      2      4      3      4      3
      2      2      3      5      3
      6      4      3      3      4
      7      4      4      4      4
      3      4      5      5      4

      6      4      5      4      4
      5      5      7      6      4
      7      6      6      6      3
      8      7      6      5      4
      6      6      5      5      6

      3      5      5      4      5
      7      7      5      5      4
      7      6      7      7      4
     10      7      7      6      7
      7      6      7      6      7

      5      6      5      7      5
      5      5      5      6      5
      7      8      7      6      5
     10      8      6      8      5
      7      7      6      7      7

      6      5      4      6      5
      5      5      6      5      5
      7      6      6      4      6
      9      8      7      7      6
      6      7      6      6      6

      4      6      6      5      4
      5      5      5      5      5
      7      6      8      6      6
      9      7      8      7      6
      8      6      7      6      6

      5      7      5      5      6
      5      5      8      6      5
      7      7      5      7      7
      9      8      7      7      6
      8      6      6      7      7

      5      7      6      5      5
      7      7      6      5      3
      7      8      8      8      6
     10      8      7      6      6
      7      9      7      6      6

      5      6      5      5      3
      6      6      7      6      5
      7      8      8      7      5
     10      9      8      7      5
      7      7      7      6      6

      5      5      4      5      3
      6      6      5      6      4
      7      7      7      8      5
      9      7      7      8      6
      8      7      5      5      7

      5      5      3      4      5
      5      5      6      5      5
      7      7      8      6      5
      9      7      6      5      5
      6      5      5      4      6

      5      3      5      5      4
      5      5      4      6      5
      6      6      6      6      5
      8      7      7      7      4
      7      5      6      5      5

      4      5      4      4      3
      5      5      5      4      5
      8      7      7      5      5
      9      6      8      7      4
      8      5      4      4      5

      3      2      5      3      4
      6      6      6      4      5
      7      7      6      6      4
      9      7      6      6      5
      7      5      6      5      5

      2      4      6      3      2
      4      4      6      5      6
      8      8      6      5      4
      9      7      9      7      6
      7      4      7      6      6

      6      5      5      5      4
      5      5      8      7      3
      8      7      9      7      4
     10      7      7      8      7
      7      6      7      6      6

      4      3      5      4      5
      4      4      4      6      6
      8      7      7      7      5
     11      8      7      5      6
      5      6      7      7      5

      5      5      4      4      2
      4      4      7      7      2
      8      8      8      6      5
      9      9      8      7      4
      5      7      7      5      5

      3      5      4      3      4
      5      5      5      5      4
      8      8      6      6      4
      9      7      7      7      5
      6      7      4      5      5

      6      4      4      4      2
      3      3      5      4      3
      7      8      6      6      6
      7      8      7      7      6
      5      7      6      4      5

      3      5      4      4      4
      4      4      5      5      2
      7      5      5      6      3
      8      7      4      3      5
      5      7      5      5      5

      4      4      2      3      3
      5      5      3      4      3
      6      7      6      4      4
      7      6      6      6      5
      5      6      6      6      4

      2      3      2      4      4
      2      2      4      5      3
      8      7      7      7      4
      8      6      7      5      5
      5      6      4      6      5

      4      2      3      2      4
      3      3      5      4      5
      5      6      5      4      4
      7      4      5      5      3
      5      5      4      4      3

      1      1      2      3      2
      3      3      5      2      2
      5      6      6      5      3
      8      5      3      3      4
      5      4      3      4      6

      1      2      2      3      3
      3      3      2      3      1
      6      4      6      4      3
      7      6      5      4      5
      1      6      4      3      4

      2      5      0      3      2
      4      4      4      3      2
      6      6      5      6      4
      6      5      4      2      1
      3      5      3      4      4

      2      2      3      2      2
      2      2      4      3      3
      5      3      2      4      3
      5      5      5      5      2
      4      2      4      2      5

      2      2      2      3      0
      1      1      1      3      0
      3      3      3      2      3
      5      4      4      2      1
      5      5      1      3      2

      2      0      1      1      1
      1      1      2      4      0
      3      3      2      4      0
      6      5      3      1      3
      2      5      3      1      3

      1      0      2      2      3
      3      3      0      0      0
      1      1      4      5      2
      4      3      3      4      4
      4      3      3      1      5

      0      2      2      1      0
      0      0      2      1      1
      1      3      3      2      0
      3      1      4      2      0
      0      2      0      2      3

      0      2      2      0      1
      1      1      0      0      1
      2      2      2      2      3
      4      1      2      2      0
      3      3      3      2      0

      0      0      3      1      2
      0      0      2      0      0
      2      4      4      2      3
      3      2      1      3      1
      3      2      3      4      2

      0      0      3      0     -1
      1      1      1      0      0
      4      1      1      2      2
      3      0      0     -1      3
      1      3      2     -1      1

      0      2      1      4      0
      0      0      0      1      2
      0      0      0      2      0
      1      0      0      1      0
      0      1      0      0      0

      0      1      2      1      0
      0      0      2      3      0
      0      1      1      2      4
      2      0      3      1      2
      4      1      1      1      1

      0      0      0      2      2
     -2     -2      3      0      2
      2      5      0      0      0
      3      3      2     -1      0
      2      0      2      0      0

     -2      0      1     -1      0
      0      0     -1      2     -1
      0      0      1      0      0
      3      1      1      0      2
      1      0      1     -1      3

      1      0      0      3     -1
      0      0      1      0      0
      0      1      2      2      0
      1      0     -1      0      1
      0      0      1      1      0

     -1      0      3      3      1
     -2     -2      0      3     -3
      1      0      4      0      1
      4      0      0      1     -1
      0      0      3      3      1

      2      0      0      0      0
     -1     -1     -2      1     -1
      0      0      0     -1      1
      1     -3      0     -3     -2
      0     -3      0     -2      0

     -2      1      0      0     -5
     -3     -3      1      1     -2
      0     -1     -1      1      0
      2      1      1      1     -2
     -1      0      0      1      0

      0      0     -2      0      2
     -1     -1      0      0     -3
      0      2     -1      2     -2
      0     -1      0      0     -3
      0      0      0     -3      0

