;
; ENVI ASCII Output of file: E:\Imaging\ROI_AVIRIS\5_3_3.img [Fri Nov 17 12:02:58 2017]
; File Dimensions: 5 samples x 5 lines x 224 bands
; Line Format    : (5i7)
;
    490    489    478    467    481
    490    489    478    467    485
    471    464    471    477    477
    493    471    471    471    467
    466    473    469    469    474

    570    554    567    567    577
    570    554    567    567    572
    566    569    547    553    553
    571    545    545    571    555
    559    561    559    559    572

    592    597    625    614    614
    592    597    625    614    594
    589    605    614    606    606
    605    605    605    604    603
    594    606    611    611    621

    759    761    777    768    785
    759    761    777    768    768
    769    759    753    779    779
    789    772    772    768    771
    768    776    789    789    775

   1103   1115   1117   1147   1161
   1103   1115   1117   1147   1137
   1110   1126   1132   1123   1123
   1135   1133   1133   1132   1134
   1146   1135   1144   1144   1146

   1156   1176   1184   1199   1211
   1156   1176   1184   1199   1190
   1184   1185   1186   1186   1186
   1205   1206   1206   1204   1195
   1209   1193   1193   1193   1207

   1103   1116   1129   1135   1146
   1103   1116   1129   1135   1123
   1116   1117   1121   1128   1128
   1140   1134   1134   1128   1138
   1138   1129   1132   1132   1148

   1020   1032   1037   1054   1061
   1020   1032   1037   1054   1038
   1032   1034   1037   1042   1042
   1047   1050   1050   1045   1049
   1060   1043   1050   1050   1062

   1111   1108   1118   1146   1152
   1111   1108   1118   1146   1126
   1114   1123   1129   1136   1136
   1148   1141   1141   1134   1135
   1144   1138   1137   1137   1147

   1132   1139   1146   1157   1161
   1132   1139   1146   1157   1152
   1146   1147   1149   1153   1153
   1162   1165   1165   1164   1166
   1175   1156   1165   1165   1168

   1088   1112   1111   1130   1138
   1088   1112   1111   1130   1120
   1112   1123   1125   1123   1123
   1132   1131   1131   1128   1130
   1139   1128   1127   1127   1135

   1027   1039   1051   1052   1061
   1027   1039   1051   1052   1053
   1040   1046   1064   1049   1049
   1064   1053   1053   1062   1059
   1064   1054   1060   1060   1069

    980    986    987    994    998
    980    986    987    994    993
    988    985    988   1003   1003
   1009   1000   1000    999   1007
   1005    993   1002   1002   1001

    884    890    893    902    912
    884    890    893    902    894
    892    901    907    905    905
    915    912    912    907    908
    910    898    905    905    907

    811    808    814    819    828
    811    808    814    819    815
    816    814    824    817    817
    823    826    826    821    823
    820    818    821    821    822

    717    723    730    729    732
    717    723    730    729    725
    725    723    731    722    722
    732    732    732    727    728
    728    724    724    724    730

    640    637    642    639    638
    640    637    642    639    635
    643    647    642    644    644
    651    642    642    645    646
    644    639    648    648    645

    610    607    609    608    605
    610    607    609    608    605
    611    617    611    616    616
    616    612    612    613    613
    611    608    614    614    613

    579    576    574    577    572
    579    576    574    577    575
    578    585    579    586    586
    579    582    582    580    579
    578    577    581    581    580

    541    536    537    539    540
    541    536    537    539    537
    541    545    538    543    543
    541    541    541    537    541
    537    533    537    537    537

    499    494    493    488    491
    499    494    493    488    495
    500    503    500    498    498
    496    497    497    496    495
    487    491    490    490    490

    456    461    454    451    452
    456    461    454    451    449
    460    459    453    455    455
    456    455    455    455    457
    451    449    454    454    455

    425    426    422    420    422
    425    426    422    420    422
    430    429    427    424    424
    422    422    422    426    424
    416    419    419    419    418

    380    376    371    369    373
    380    376    371    369    374
    379    377    377    376    376
    376    373    373    375    374
    371    372    371    371    374

    354    350    347    347    348
    354    350    347    347    345
    359    357    354    352    352
    354    349    349    351    351
    345    343    347    347    352

    342    340    339    335    333
    342    340    339    335    335
    346    338    341    339    339
    338    336    336    336    340
    335    331    333    333    334

    321    317    311    312    310
    321    317    311    312    309
    319    321    317    316    316
    314    317    317    316    312
    311    307    307    307    309

    294    293    288    289    284
    294    293    288    289    289
    298    293    290    291    291
    292    287    287    292    289
    285    285    285    285    287

    284    279    282    275    275
    284    279    282    275    278
    283    283    283    281    281
    279    278    278    277    277
    274    273    273    273    277

    262    259    259    255    252
    262    259    259    255    257
    260    258    258    259    259
    258    258    258    257    255
    253    250    254    254    257

    252    246    247    239    242
    252    246    247    239    240
    250    247    247    244    244
    249    242    242    245    244
    237    237    243    243    241

    243    241    239    235    236
    243    241    239    235    237
    242    242    238    241    241
    239    239    239    239    238
    233    232    233    233    238

    241    239    244    230    238
    241    239    244    230    238
    242    238    236    240    240
    235    234    234    235    239
    239    231    228    228    239

    243    241    239    237    236
    243    241    239    237    236
    242    241    238    241    241
    237    238    238    239    238
    234    231    231    231    238

    225    221    227    219    226
    225    221    227    219    219
    225    226    222    224    224
    216    219    219    220    224
    220    219    210    210    221

    203    196    202    197    199
    203    196    202    197    192
    199    201    197    201    201
    189    197    197    195    198
    194    189    186    186    197

    176    173    178    173    174
    176    173    178    173    169
    174    174    174    173    173
    165    167    167    173    174
    172    165    164    164    168

    170    167    172    167    167
    170    167    172    167    161
    168    169    166    167    167
    157    164    164    165    164
    164    159    156    156    162

    154    154    159    153    154
    154    154    159    153    149
    155    152    150    154    154
    145    150    150    152    154
    150    144    142    142    150

    121    120    119    119    121
    121    120    119    119    115
    118    119    117    119    119
    108    116    116    115    117
    115    112    109    109    117

    127    128    129    128    128
    127    128    129    128    123
    127    125    128    127    127
    118    121    121    122    125
    123    119    115    115    123

    138    139    140    140    141
    138    139    140    140    135
    142    140    141    139    139
    124    130    130    133    136
    134    129    123    123    133

    141    140    142    143    142
    141    140    142    143    132
    142    138    140    139    139
    123    134    134    135    138
    136    131    121    121    133

     84     84     85     86     86
     84     84     85     86     80
     86     82     86     85     85
     74     80     80     80     84
     82     78     74     74     80

    108    109    111    113    111
    108    109    111    113    103
    112    106    112    108    108
     94    104    104    105    108
    106    101     94     94    102

    116    115    118    120    118
    116    115    118    120    108
    118    113    117    114    114
     99    109    109    108    112
    110    107     98     98    108

    107    107    108    108    107
    107    107    108    108     98
    107    106    106    106    106
     90     99     99    101    104
    101     98     90     90     98

     97     99     98    101    101
     97     99     98    101     92
    101     99     97     99     99
     83     91     91     94     97
     96     90     82     82     91

     88     90     89     92     91
     88     90     89     92     84
     90     89     91     88     88
     75     85     85     87     89
     87     81     75     75     83

     73     73     72     73     73
     73     73     72     73     68
     72     72     74     71     71
     58     67     67     68     70
     70     64     60     60     66

     72     73     74     75     74
     72     73     74     75     67
     74     73     74     74     74
     57     66     66     69     71
     70     63     59     59     68

     76     76     76     80     79
     76     76     76     80     71
     78     76     78     76     76
     60     72     72     71     74
     74     68     63     63     71

     80     82     82     87     85
     80     82     82     87     76
     84     80     84     81     81
     65     76     76     76     79
     79     71     64     64     76

     77     78     77     82     78
     77     78     77     82     68
     78     75     77     74     74
     60     71     71     71     75
     74     67     62     62     69

     75     76     76     81     76
     75     76     76     81     70
     77     73     77     75     75
     58     69     69     71     73
     73     64     60     60     69

     70     72     71     76     71
     70     72     71     76     64
     74     68     73     70     70
     52     65     65     67     70
     68     61     55     55     64

     68     68     67     72     68
     68     68     67     72     62
     69     67     70     66     66
     49     61     61     64     65
     65     59     51     51     62

     51     53     53     54     56
     51     53     53     54     48
     57     50     55     51     51
     37     46     46     49     51
     52     45     40     40     48

     46     46     43     45     46
     46     46     43     45     42
     46     44     46     42     42
     33     40     40     42     45
     43     39     35     35     40

     40     41     40     42     43
     40     41     40     42     36
     41     39     40     40     40
     30     36     36     37     38
     40     34     30     30     36

     34     38     36     39     37
     34     38     36     39     34
     39     36     38     36     36
     25     34     34     34     36
     38     30     26     26     35

     22     25     21     24     24
     22     25     21     24     21
     26     25     24     25     25
     17     20     20     22     23
     23     20     17     17     23

     13     16     16     19     16
     13     16     16     19     15
     16     17     14     16     16
     11     12     12     15     14
     17     15     11     11     14

     17     17     17     18     20
     17     17     17     18     17
     20     18     19     18     18
     13     14     14     17     16
     19     14     13     13     17

     30     30     30     34     34
     30     30     30     34     27
     32     29     32     30     30
     20     26     26     28     30
     29     26     22     22     26

     34     37     34     38     35
     34     37     34     38     30
     37     35     37     34     34
     22     29     29     33     35
     34     27     24     24     32

     39     43     41     44     43
     39     43     41     44     36
     43     40     44     40     40
     27     35     35     37     40
     40     33     29     29     37

     44     45     43     47     45
     44     45     43     47     40
     46     42     46     43     43
     28     38     38     38     41
     43     36     31     31     38

     42     44     43     45     42
     42     44     43     45     37
     44     41     45     42     42
     26     37     37     38     41
     43     34     28     28     37

     42     42     41     46     43
     42     42     41     46     37
     44     41     45     41     41
     26     38     38     38     41
     40     35     29     29     35

     41     43     40     46     42
     41     43     40     46     36
     44     40     44     41     41
     25     36     36     37     41
     40     33     28     28     35

     38     37     36     43     38
     38     37     36     43     32
     41     36     40     36     36
     22     33     33     33     37
     36     30     25     25     32

     38     38     37     42     40
     38     38     37     42     30
     41     36     39     37     37
     21     33     33     33     35
     37     31     25     25     31

     36     38     34     40     37
     36     38     34     40     30
     38     34     37     33     33
     20     31     31     32     34
     34     28     23     23     29

     35     35     34     40     34
     35     35     34     40     30
     38     34     35     33     33
     19     31     31     31     34
     34     27     22     22     29

     31     32     31     35     32
     31     32     31     35     27
     33     30     32     30     30
     17     27     27     27     31
     30     25     20     20     26

     29     29     28     32     30
     29     29     28     32     24
     30     28     30     29     29
     15     25     25     26     27
     28     22     18     18     24

     27     25     25     30     28
     27     25     25     30     22
     27     26     27     27     27
     13     23     23     24     24
     26     20     16     16     22

     20     22     19     23     21
     20     22     19     23     18
     23     20     20     20     20
     11     19     19     18     20
     21     16     11     11     17

     11     12     11     14     12
     11     12     11     14     11
     14     12     12     12     12
      5     10     10     10     11
     13      9      7      7     11

      3      5      4      5      4
      3      5      4      5      4
      7      4      5      4      4
      2      4      4      4      3
      5      4      3      3      4

      3      3      3      3      4
      3      3      3      3      3
      4      4      4      5      5
      1      3      3      4      3
      3      3      2      2      3

      4      5      4      7      5
      4      5      4      7      6
      6      5      5      5      5
      3      3      3      5      5
      5      4      3      3      4

      4      5      5      5      5
      4      5      5      5      4
      6      4      4      5      5
      3      3      3      4      5
      6      4      3      3      4

      7      7      8      8      7
      7      7      8      8      6
      8      7      8      7      7
      4      6      6      7      7
      8      5      4      4      7

     13     13     12     15     14
     13     13     12     15     11
     15     13     14     13     13
      6     11     11     12     13
     13     10      6      6     11

     15     16     15     17     17
     15     16     15     17     12
     17     15     16     15     15
      7     12     12     13     14
     16     11      8      8     12

     13     15     13     18     14
     13     15     13     18     11
     16     13     15     13     13
      6     12     12     12     13
     15     10      8      8     11

     14     15     14     17     17
     14     15     14     17     12
     17     15     16     16     16
      7     13     13     13     14
     15     11      8      8     12

     13     13     12     15     13
     13     13     12     15      9
     14     12     13     13     13
      6     10     10     12     12
     14     10      7      7     10

     15     15     14     17     17
     15     15     14     17     13
     17     15     16     14     14
      6     12     12     12     15
     14     10      7      7     11

     13     15     14     18     16
     13     15     14     18     13
     18     15     17     16     16
      6     13     13     14     14
     15     11      8      8     13

     15     17     15     21     18
     15     17     15     21     14
     20     16     17     17     17
      6     14     14     15     14
     17     12      8      8     12

     15     17     16     19     18
     15     17     16     19     13
     17     16     19     16     16
      6     13     13     14     16
     16     11      8      8     14

     15     16     16     18     16
     15     16     16     18     13
     17     15     17     15     15
      6     13     13     14     15
     16     12      7      7     12

     12     15     13     18     16
     12     15     13     18     11
     16     13     15     14     14
      5     10     10     12     14
     15      9      7      7     11

     15     16     16     19     16
     15     16     16     19     13
     17     15     17     15     15
      6     13     13     14     15
     16     12      7      7     11

     17     17     14     15     16
     17     17     14     15     16
      9     13     16     12     12
     11     14     14     14     16
      9     13     13     13      9

     18     16     11     15     11
     18     16     11     15     13
     13     13     13     12     12
     14     14     14     11     15
     16     13     16     16     12

     21     16     15     14     18
     21     16     15     14     15
     16     12     15     13     13
     12     16     16     10     11
     15     12     12     12     13

     16     14     12     19     10
     16     14     12     19     13
     15     14     13     12     12
     14     12     12     12     17
     12     13     13     13     13

     14     14      9     10      8
     14     14      9     10      9
     10     11     12     12     12
     11     15     15      8     14
     10     13     12     12     12

      9      9     11     13     10
      9      9     11     13      9
     12      9     10      8      8
      9     10     10      9     11
      8     12      8      8      8

     30     29     30     30     32
     30     29     30     30      7
     10     -7     -3     -1     -1
      5     11     11     13      2
     24      8     10     10     11

      4      4      4      6      5
      4      4      4      6      4
      5      4      5      6      6
      4      8      8      5      4
      5      4      4      4      3

      3      3      2      4      0
      3      3      2      4      3
      2      1      5      2      2
      2      5      5      3      4
      4      2      1      1      4

      0      2      0      1      0
      0      2      0      1      0
      0      0      0      1      1
      1      0      0      0      0
     -1      2      0      0      0

      1      1     -2      0     -1
      1      1     -2      0      0
      1      0      0      0      0
      0     -1     -1      0      0
      0      0     -3     -3      0

      1     -1      0      3      0
      1     -1      0      3      2
      2      0      1     -1     -1
      0      1      1      0     -2
      1      2      0      0     -1

      0      0      1      1      0
      0      0      1      1      0
      1      0      1      1      1
      0      0      0      0      1
      1      0      0      0     -1

      4      4      4      5      0
      4      4      4      5      3
      6      0      1     -1     -1
      3      1      1     -1      0
     -1      2      0      0      0

      1      0      0      0      0
      1      0      0      0      0
      1      0      1      3      3
      0      1      1     -1      0
      4      1      3      3     -1

      0      0      2      2     -1
      0      0      2      2     -1
      2      0      0      0      0
     -1      5      5      2      0
      3      3     -1     -1      0

     -1      1      1      1      0
     -1      1      1      1      0
      0     -2      1      0      0
      0      0      0      2      1
      2      3      0      0      0

      1      2      1      1      0
      1      2      1      1      1
      1      0      1      1      1
     -1      5      5      2      2
      0      1     -1     -1      0

      1      2      0      2      1
      1      2      0      2      3
      3      0      2      0      0
      0      1      1      2      3
      3      2      2      2      1

      2      4      2      3     -1
      2      4      2      3      3
      2      0      3      3      3
      2      3      3      3      4
      2      3      0      0      2

      5      4      0      5      2
      5      4      0      5      2
      3      2      5      2      2
      2      2      2      5      2
      4      1      5      5      2

      4      1      0      4      0
      4      1      0      4      3
      2      2      1      1      1
      2      6      6      2      2
      2      1      0      0      4

      5      3      2      6      5
      5      3      2      6      3
      5      1      6      4      4
      3      6      6      3      2
      5      4      1      1      1

      7      7      5      6      7
      7      7      5      6      6
      7      7      8      4      4
      5      8      8      3      8
      5      9      6      6      6

      9     11     10     10      9
      9     11     10     10      9
     11     10      9      8      8
      8     11     11      8      9
      8      9      9      9     10

     12     12      9     11      9
     12     12      9     11     12
     12     12     12     12     12
     10     14     14     12     11
     10     10     12     12     10

     16     14     12     12     11
     16     14     12     12     12
     10     13     12     12     12
     12     12     12     11     12
     10     11     11     11     11

     15     13     12     11     11
     15     13     12     11     13
     14     14     14     11     11
      9     13     13     12     13
     11     11     14     14     10

     22     20     16     18     14
     22     20     16     18     13
     11     15     12     14     14
     17     14     14     14     16
      9     12      9      9     11

     16     16     13     15     12
     16     16     13     15     15
     15     14     15     13     13
     12     14     14     12     10
     12     12     13     13     11

     16     14     11     13     12
     16     14     11     13     10
     13     13     15     15     15
     10     13     13     11     12
     10     12      9      9     12

     14     11     12     11     11
     14     11     12     11     12
     10     12     12     13     13
      9     11     11     10     10
      9     12     10     10     11

     16     14     10     12     11
     16     14     10     12     12
     11     10     12     13     13
     10     11     11     10     11
     10     11     11     11      9

     14     13     11     13     12
     14     13     11     13     12
     14     12     10     12     12
      9     12     12     11     13
     10     12     10     10      8

     15     13     10     10      8
     15     13     10     10     10
     11     10     11     10     10
      9     12     12      9     11
     10     12      9      9     10

     11     10     12      9      9
     11     10     12      9     11
     12      9      8      8      8
      8     12     12     10     12
     10     10     10     10      8

     13     14      9     12      9
     13     14      9     12      9
     11     10     12     12     12
      9     10     10      9     11
     11      9     10     10     10

     12     12     11     11      9
     12     12     11     11     10
     11     11      9     10     10
      8     12     12     10     11
      9      9     10     10     10

     13     13     11     11      8
     13     13     11     11      9
     10      9     10      7      7
      9     10     10     10     10
      9     10      9      9      8

     13     12     11      9      7
     13     12     11      9     10
     10     10     11      9      9
      8      8      8      9     11
      8      9      8      8      9

     14     11      9      9      8
     14     11      9      9      9
     10      9      9     10     10
      6      8      8      9      9
      7      9      8      8      9

     12     12      9      9      8
     12     12      9      9      9
      9      8      9     10     10
      6      8      8      7     10
      8      8      7      7      7

     11      9      9     10      8
     11      9      9     10      7
     10      9      9      8      8
      8      9      9      6     11
      7      7      7      7      8

      9     10      9      8      9
      9     10      9      8      8
      9      9      8      7      7
      7      8      8      6      9
      6      9      5      5      9

     10      7      8      9      8
     10      7      8      9      8
      6     10      9      7      7
      5      7      7      7     10
      8      7      7      7      6

      7     10      9      8      5
      7     10      9      8      7
      7      7      7      8      8
      6      7      7      5     10
      6      6      7      7      7

      9      9      6      4      8
      9      9      6      4      7
      8      7      7      7      7
      6      7      7      7      7
      6      5      6      6      5

      8      9      6      5      6
      8      9      6      5      4
      7      6      7      7      7
      6      7      7      5      6
      6      5      6      6      7

      7      5      5      6      6
      7      5      5      6      6
      4      4      7      7      7
      4      7      7      9      6
      7      6      5      5      4

      4      7      5      6      4
      4      7      5      6      7
      6      5      6      4      4
      5      6      6      5      5
      5      6      5      5      4

      6      6      3      6      5
      6      6      3      6      3
      5      4      7      5      5
      4      6      6      3      6
      4      5      4      4      4

      2      5      3      5      3
      2      5      3      5      3
      6      6      4      3      3
      4      3      3      4      4
      4      2      3      3      3

      4      3      2      4      0
      4      3      2      4      0
      3      3      2      2      2
      4      2      2      4      5
      1      2      1      1      4

      2      3      1      2      1
      2      3      1      2      1
      1      3      0      1      1
      0      1      1      2      2
      3      1      2      2      2

      0      0      0      1      0
      0      0      0      1      0
      0      1      1      2      2
      0      1      1      0     -1
      1      0      1      1      1

      0      1      0      0      0
      0      1      0      0     -1
      1      0      0      1      1
     -2      0      0      0     -1
      0      0      0      0      0

      0     -1      0      0      0
      0     -1      0      0      0
      0      0      1      0      0
      1      1      1      1      1
      0      0      0      0     -1

      0     -1     -1      1      0
      0     -1     -1      1      0
      0     -1      0      0      0
     -1      2      2     -1      0
      0      1      0      0      0

      0      0      0      1      0
      0      0      0      1      0
      1      0     -2      0      0
     -1      0      0      0      0
      0      0      2      2     -1

     -1      0     -1      0     -1
     -1      0     -1      0      0
      1      1      0      0      0
     -2      0      0     -1     -1
      2      0      0      0      1

      2      3      0      2     -2
      2      3      0      2     -1
      1      0     -1     -2     -2
     -1      0      0      0      0
      0      0      0      0      2

      1      1     -2      1     -2
      1      1     -2      1     -1
      1      3      0     -1     -1
      0      2      2      1      2
      1      1     -1     -1     -1

      0      2     -1      0      0
      0      2     -1      0     -1
      2     -2      0      0      0
      0      3      3      1      0
      2      1      1      1      0

      0      0     -2      0      1
      0      0     -2      0     -1
      1      0      2     -1     -1
      0      2      2     -2      0
     -1      0      0      0      0

      0      1      0      0      0
      0      1      0      0      1
      0      0      0      0      0
     -1      0      0      0      1
      0     -1      0      0      0

      0      0      0      0      1
      0      0      0      0     -1
      0     -1      1      0      0
      0      2      2     -1      0
     -1      0      1      1      0

     -1      1     -1      0     -1
     -1      1     -1      0      0
      1     -2      1     -4     -4
      0      0      0      0      0
      0      0      0      0     -1

      0      0     -1      0      1
      0      0     -1      0      0
      0     -2      0     -1     -1
     -1      0      0     -2      0
      1      0      0      0      0

      0      1      0      1     -2
      0      1      0      1      1
      0     -2      1      0      0
      0      0      0     -2      0
      0      0      0      0      0

     -2      2     -1      0     -1
     -2      2     -1      0      0
      0     -1      1      0      0
      0     -1     -1     -1      0
      0      0      0      0      0

      0      0      0     -1      0
      0      0      0     -1      0
      1      0      0      0      0
      0      0      0     -2      0
      1      0      0      0      0

      0      0      0      0     -1
      0      0      0      0     -1
      0      0      0      1      1
      0      1      1     -2      0
      0      0      0      0      0

      1      0      1     -1      0
      1      0      1     -1      0
      2      0      2      0      0
      1      1      1      0      0
      0      1     -1     -1      1

      1      2      0      1      0
      1      2      0      1      1
      4      1      1      1      1
      1      2      2      0      0
      3      1      1      1      0

      2      2      1      2      1
      2      2      1      2      3
      3      1      4      0      0
      1      3      3      0      1
      3      3      2      2      2

      2      4      1      3      2
      2      4      1      3      2
      3      2      3      3      3
      3      5      5      2      3
      3      2      2      2      4

      0      3      0      2      1
      0      3      0      2      4
      3      1      2      0      0
      2      3      3      0      1
      1      2      3      3      1

      1      1      1      1      1
      1      1      1      1      1
      0      0      0      0      0
      1      1      1      0      0
      2      0      0      0      0

      0      2      2      0      0
      0      2      2      0      1
      2      0      2      2      2
      1      1      1      0      0
      0      1      1      1      2

      2      5      3      2      1
      2      5      3      2      2
      3      2      5      3      3
      3      3      3      2      4
      3      3      3      3      2

      5      4      4      3      3
      5      4      4      3      4
      7      5      6      3      3
      4      7      7      3      4
      4      5      5      5      5

      5      5      3      5      3
      5      5      3      5      3
      5      3      4      3      3
      4      5      5      3      2
      3      4      3      3      4

      3      3      2      3      2
      3      3      2      3      3
      4      2      3      0      0
      4      3      3      0      2
      2      2      3      3      2

      2      2      3      3      2
      2      2      3      3      3
      3      2      5      2      2
      2      4      4      1      3
      2      2      3      3      3

      3      5      3      3      2
      3      5      3      3      2
      5      3      5      3      3
      4      5      5      3      3
      5      4      4      4      5

      5      5      3      3      2
      5      5      3      3      4
      5      3      6      4      4
      3      5      5      3      5
      4      4      5      5      4

      5      6      4      5      5
      5      6      4      5      4
      5      5      5      5      5
      4      6      6      4      4
      2      3      2      2      4

      4      4      5      5      5
      4      4      5      5      4
      4      4      5      4      4
      6      4      4      3      3
      5      4      4      4      4

      3      5      3      4      4
      3      5      3      4      5
      5      4      6      3      3
      4      5      5      2      3
      5      5      3      3      4

      5      6      4      5      4
      5      6      4      5      3
      5      4      6      3      3
      4      5      5      3      4
      4      5      3      3      5

      5      5      4      4      2
      5      5      4      4      3
      5      2      5      4      4
      4      4      4      3      4
      4      4      4      4      4

      5      5      5      5      4
      5      5      5      5      4
      5      5      4      3      3
      5      4      4      3      3
      4      3      3      3      5

      5      6      4      5      5
      5      6      4      5      4
      5      3      5      3      3
      3      4      4      4      4
      4      3      3      3      4

      5      4      2      2      3
      5      4      2      2      2
      5      3      3      2      2
      2      4      4      3      4
      3      3      3      3      3

      4      3      4      4      2
      4      3      4      4      4
      4      1      4      5      5
      4      5      5      3      3
      4      2      3      3      3

      3      4      4      5      2
      3      4      4      5      4
      4      4      4      1      1
      2      4      4      1      3
      4      3      3      3      3

      5      4      2      1      2
      5      4      2      1      2
      5      2      4      2      2
      3      4      4      3      3
      2      4      4      4      2

      3      3      3      3      4
      3      3      3      3      3
      6      1      4      3      3
      4      4      4      2      3
      4      4      3      3      3

      5      6      4      4      4
      5      6      4      4      3
      5      3      6      2      2
      3      5      5      3      2
      2      4      4      4      3

      4      4      3      4      2
      4      4      3      4      3
      6      2      5      2      2
      3      4      4      2      2
      3      3      2      2      2

      3      4      3      2      3
      3      4      3      2      3
      4      3      5      3      3
      3      3      3      1      3
      4      4      3      3      4

      4      4      3      1      3
      4      4      3      1      3
      3      3      4      2      2
      4      4      4      2      2
      3      4      5      5      4

      3      3      2      3      4
      3      3      2      3      5
      4      1      3      3      3
      4      3      3      2      2
      1      2      2      2      3

      3      3      2      2      0
      3      3      2      2      4
      2      4      4      1      1
      4      4      4      1      2
      3      1      3      3      2

      3      3      3      2      4
      3      3      3      2      3
      5      3      4      3      3
      2      4      4      1      2
      3      2      3      3      0

      2      3      3      1      3
      2      3      3      1      3
      4      2      4      2      2
      3      3      3      3      2
      1      4      1      1      1

      4      1      1      5      1
      4      1      1      5      2
      4      1      3      3      3
      3      3      3      3      3
      2      2      3      3      1

      1      5      1      2      3
      1      5      1      2      2
      3      3      2      1      1
      3      5      5      3      2
      2      1      1      1      2

      3      2      2      0      2
      3      2      2      0      4
      3      1      4      1      1
      2      2      2     -1      2
      0      2      3      3      3

      4      4      4      1      0
      4      4      4      1      4
      4      2      3      2      2
      3      4      4      2      3
      2      1      1      1      0

      2      4      3      2      3
      2      4      3      2      2
      3      2      3      1      1
      0      1      1      1      3
      2      3      1      1      1

      2      2      0      1      2
      2      2      0      1      1
      2      0      3      1      1
      0      0      0      0      1
      3      2      3      3      2

      2      2      3      1      1
      2      2      3      1      1
      2      1      2      1      1
      3      0      0      0      3
      2      0      3      3      1

      0      2      2      0      0
      0      2      2      0      3
      4      0      0      1      1
      1      3      3      2      2
      3      1      2      2      2

      1      0      1      0      1
      1      0      1      0      0
      1      0      0      2      2
      1      4      4      0      0
      3      0      1      1      2

      0      2      0      1      0
      0      2      0      1      0
      2      0      1      0      0
      0      0      0      0      0
      1      2      1      1      1

      0      3      0      1      0
      0      3      0      1      0
      2      2      2      0      0
      0      1      1      0      1
      0      0      0      0      1

      0      0      1      0      1
      0      0      1      0      1
      2      0      1      0      0
      1      0      0      1      1
      3      3      1      1     -1

     -1      0      0      1      1
     -1      0      0      1      0
      1      0      4      1      1
      0      2      2      0      0
      0      0      2      2      0

     -2      2     -1      1      0
     -2      2     -1      1      0
      1      1      1      0      0
      0      2      2      0      0
      0      1      0      0      0

      0      1      1      1      0
      0      1      1      1      0
      0     -4      5      4      4
      0      0      0      0      3
      0      1      0      0      0

      0      2     -2      0      1
      0      2     -2      0      2
      1      0      0      0      0
     -1      0      0      0      0
      0      0      0      0     -2

      0      0      0      0      0
      0      0      0      0      1
     -1      0      0      0      0
      0      3      3      0     -3
      0      1      0      0     -3

      3     -2      0      1     -1
      3     -2      0      1      0
      1      1      4      0      0
      0      3      3     -1      2
      2      0      0      0     -1

      0      1     -3      0      0
      0      1     -3      0      0
      0     -2      2      0      0
      0      0      0     -7      0
      0      2      1      1     -2

      0      0     -1      0      0
      0      0     -1      0      2
      1     -2      1     -2     -2
      0      0      0      0      1
      0      1      0      0      0

     -1      0     -4      1     -1
     -1      0     -4      1      0
      0     -2      1     -2     -2
      0      0      0     -2     -2
      0      1     -1     -1      0

