;
; ENVI ASCII Output of file: E:\Imaging\ROI_AVIRIS\5_3_13.img [Fri Nov 17 12:05:03 2017]
; File Dimensions: 5 samples x 5 lines x 224 bands
; Line Format    : (5i7)
;
    480    480    476    486    507
    474    482    480    480    480
    476    489    472    474    479
    467    489    472    459    475
    480    468    488    459    473

    571    571    566    570    580
    576    570    562    562    569
    571    576    564    565    564
    585    576    564    567    566
    565    558    556    567    556

    609    609    601    602    631
    616    620    605    605    605
    607    620    610    602    613
    601    620    610    593    600
    623    620    605    593    603

    774    774    767    782    804
    779    767    783    783    775
    781    781    761    764    770
    789    781    761    768    754
    799    792    770    768    786

   1119   1119   1128   1159   1181
   1140   1123   1123   1123   1144
   1130   1161   1127   1120   1133
   1156   1161   1127   1138   1124
   1178   1167   1173   1138   1151

   1190   1190   1189   1212   1239
   1197   1173   1179   1179   1202
   1206   1227   1190   1175   1192
   1236   1227   1190   1200   1186
   1238   1229   1229   1200   1220

   1123   1123   1124   1145   1164
   1133   1111   1113   1113   1139
   1130   1154   1120   1117   1125
   1150   1154   1120   1135   1126
   1167   1165   1156   1135   1153

   1036   1036   1047   1062   1082
   1054   1035   1036   1036   1055
   1061   1065   1034   1031   1046
   1073   1065   1034   1058   1039
   1080   1065   1073   1058   1068

   1121   1121   1129   1152   1174
   1141   1125   1119   1119   1146
   1147   1161   1133   1122   1132
   1168   1161   1133   1145   1130
   1168   1161   1149   1145   1152

   1152   1152   1146   1184   1197
   1167   1147   1145   1145   1170
   1170   1185   1158   1155   1157
   1202   1185   1158   1170   1159
   1186   1188   1181   1170   1177

   1125   1125   1113   1142   1155
   1132   1122   1121   1121   1134
   1146   1156   1123   1120   1129
   1156   1156   1123   1141   1123
   1155   1151   1149   1141   1151

   1056   1056   1055   1074   1083
   1060   1051   1048   1048   1071
   1072   1085   1062   1051   1066
   1080   1085   1062   1069   1055
   1085   1077   1078   1069   1081

    993    993    994   1014   1034
   1008   1004   1004   1004   1013
   1012   1025   1011   1003   1007
   1020   1025   1011   1005   1002
   1018   1017   1016   1005   1013

    907    907    910    918    924
    913    915    909    909    918
    919    924    913    908    913
    923    924    913    918    905
    920    921    912    918    919

    827    827    827    837    848
    839    838    835    835    839
    837    840    831    825    838
    839    840    831    835    827
    841    846    833    835    832

    734    734    739    747    751
    735    746    746    746    750
    743    752    746    750    754
    744    752    746    743    742
    743    742    743    743    742

    649    649    661    664    669
    651    664    670    670    667
    662    667    657    666    670
    658    667    657    655    657
    656    658    657    655    654

    622    622    626    631    636
    619    636    638    638    636
    629    636    629    637    639
    624    636    629    625    625
    625    625    621    625    620

    595    595    590    598    603
    585    607    605    605    605
    596    604    601    609    607
    589    604    601    594    591
    593    591    585    594    585

    553    553    559    557    558
    556    573    569    569    564
    559    564    567    574    572
    554    564    567    553    553
    556    552    555    553    551

    503    503    506    507    512
    506    523    525    525    516
    515    517    518    529    526
    506    517    518    508    511
    509    506    507    508    504

    467    467    468    470    472
    467    482    484    484    480
    474    473    481    482    481
    465    473    481    471    467
    466    465    467    471    461

    436    436    440    436    438
    431    452    452    452    445
    442    446    449    450    450
    435    446    449    436    441
    434    436    434    436    427

    387    387    390    385    388
    385    406    408    408    396
    397    392    400    404    399
    391    392    400    387    389
    387    386    386    387    377

    364    364    366    366    361
    365    381    382    382    370
    371    369    376    381    374
    364    369    376    361    367
    361    358    362    361    355

    352    352    353    347    349
    348    365    367    367    359
    356    357    361    366    361
    350    357    361    353    349
    346    350    342    353    339

    328    328    326    326    324
    327    346    347    347    336
    337    333    343    345    334
    328    333    343    327    331
    329    326    319    327    318

    302    302    303    299    302
    302    320    316    316    312
    314    308    315    321    310
    302    308    315    303    304
    299    301    298    303    296

    289    289    290    290    288
    291    306    307    307    298
    301    301    303    306    301
    295    301    303    292    293
    289    286    284    292    283

    273    273    270    266    267
    268    289    287    287    271
    277    275    276    285    274
    266    275    276    270    268
    267    265    266    270    260

    255    255    256    253    250
    253    272    269    269    258
    266    261    262    272    266
    259    261    262    254    258
    252    254    250    254    249

    251    251    255    245    247
    249    267    268    268    255
    260    258    262    266    256
    255    258    262    250    251
    249    246    246    250    239

    253    253    255    245    246
    249    272    265    265    251
    261    254    261    267    256
    258    254    261    250    249
    245    241    249    250    243

    251    251    254    245    248
    248    267    268    268    255
    261    259    261    266    256
    254    259    261    249    251
    249    245    245    249    239

    236    236    241    230    230
    229    250    249    249    234
    245    238    246    251    241
    240    238    246    229    237
    231    231    232    229    224

    207    207    211    205    204
    207    222    223    223    209
    215    214    215    224    211
    216    214    215    207    206
    204    202    204    207    200

    184    184    183    180    182
    180    194    200    200    184
    192    189    191    198    187
    187    189    191    177    182
    179    174    178    177    174

    176    176    179    172    177
    173    188    191    191    179
    184    180    180    185    183
    184    180    180    172    174
    172    167    173    172    166

    159    159    162    157    161
    157    173    179    179    165
    167    166    167    175    165
    163    166    167    154    159
    160    150    155    154    152

    128    128    129    121    125
    124    135    137    137    123
    132    131    130    135    127
    128    131    130    123    126
    124    115    122    123    119

    132    132    133    129    136
    129    143    145    145    134
    143    137    139    144    136
    136    137    139    128    132
    132    124    129    128    126

    146    146    147    142    148
    142    158    162    162    148
    154    149    150    159    150
    149    149    150    140    144
    143    134    139    140    137

    147    147    146    144    146
    143    159    165    165    149
    156    150    152    160    153
    149    150    152    142    144
    143    134    142    142    140

     88     88     88     84     90
     86     96     98     98     90
     94     92     90     95     91
     88     92     90     84     88
     85     80     83     84     86

    114    114    115    113    116
    111    124    128    128    118
    122    117    120    126    121
    116    117    120    109    113
    112    103    108    109    108

    121    121    119    118    125
    116    127    137    137    121
    130    124    124    135    127
    123    124    124    114    118
    118    109    118    114    113

    114    114    109    109    112
    106    119    126    126    112
    120    116    114    124    113
    112    116    114    103    109
    108     98    108    103    104

    105    105    102    100    106
    100    112    118    118    103
    112    105    106    114    108
    102    105    106     98    100
    101     91     97     98     95

     95     95     92     92     96
     91    102    105    105     93
    102     96     96    105     98
     93     96     96     88     92
     92     82     90     88     87

     78     78     72     73     78
     72     82     83     83     74
     81     79     76     83     77
     74     79     76     70     73
     72     67     71     70     70

     77     77     73     73     77
     73     82     85     85     75
     84     79     78     83     77
     74     79     78     73     74
     73     67     73     73     71

     80     80     76     78     82
     77     88     91     91     80
     86     83     84     88     84
     78     83     84     74     79
     76     69     77     74     72

     87     87     82     84     88
     82     92     97     97     85
     95     85     87     95     89
     84     85     87     78     84
     82     72     82     78     77

     82     82     79     80     86
     75     86     92     92     81
     90     82     82     91     83
     78     82     82     73     78
     76     67     75     73     73

     80     80     75     77     83
     73     84     92     92     78
     88     83     79     88     81
     78     83     79     71     76
     76     65     72     71     71

     75     75     70     73     77
     70     82     83     83     75
     83     78     76     83     75
     71     78     76     69     71
     68     63     70     69     69

     71     71     67     69     74
     65     76     80     80     70
     78     75     72     79     74
     68     75     72     64     69
     66     58     66     64     63

     55     55     52     53     58
     53     62     63     63     54
     62     57     57     62     56
     52     57     57     49     53
     50     45     53     49     50

     48     48     43     42     49
     45     52     51     51     45
     54     48     46     51     47
     45     48     46     43     44
     42     39     44     43     43

     43     43     39     39     44
     41     49     46     46     40
     49     45     43     45     43
     39     45     43     40     41
     40     35     40     40     40

     39     39     35     37     40
     36     40     41     41     34
     44     43     40     40     35
     37     43     40     34     36
     35     30     34     34     36

     27     27     22     21     25
     25     27     26     26     21
     27     30     28     29     20
     22     30     28     23     23
     23     21     22     23     23

     18     18     16     15     17
     13     16     15     15     15
     18     20     16     16     16
     16     20     16     15     16
     17     14     14     15     16

     20     20     18     18     20
     18     22     20     20     18
     22     21     20     19     18
     18     21     20     18     18
     20     14     18     18     18

     32     32     29     30     34
     30     37     33     33     29
     39     36     35     35     31
     32     36     35     29     31
     31     25     29     29     29

     36     36     32     35     41
     35     41     41     41     34
     45     41     38     41     35
     36     41     38     34     36
     34     29     33     34     34

     44     44     37     40     46
     41     49     50     50     39
     53     45     46     50     42
     39     45     46     40     43
     39     33     39     40     37

     48     48     41     44     49
     44     52     53     53     42
     56     49     48     50     45
     43     49     48     41     44
     42     34     42     41     41

     47     47     40     41     49
     43     51     51     51     40
     53     49     47     49     45
     40     49     47     40     44
     39     34     40     40     39

     45     45     39     41     49
     41     51     52     52     40
     55     48     48     48     42
     40     48     48     41     44
     39     33     41     41     39

     45     45     38     42     47
     39     49     50     50     39
     52     46     46     49     42
     38     46     46     38     42
     38     31     39     38     38

     41     41     34     37     43
     37     46     47     47     36
     50     44     42     46     40
     35     44     42     35     39
     36     29     37     35     34

     42     42     34     37     43
     38     46     46     46     36
     50     43     41     44     40
     34     43     41     35     39
     35     28     35     35     35

     39     39     32     35     40
     35     43     43     43     33
     47     41     39     42     36
     34     41     39     32     37
     32     27     32     32     33

     38     38     31     33     41
     35     42     42     42     34
     46     39     38     41     36
     32     39     38     32     35
     32     26     33     32     31

     35     35     28     30     35
     30     38     37     37     29
     42     37     35     37     32
     29     37     35     29     32
     29     23     31     29     28

     32     32     26     28     32
     28     35     34     34     27
     39     34     33     34     29
     27     34     33     27     29
     26     21     28     27     26

     28     28     23     25     29
     27     33     32     32     24
     36     30     30     32     26
     26     30     30     25     27
     23     19     26     25     25

     22     22     18     20     23
     20     24     23     23     18
     28     24     22     23     20
     19     24     22     18     20
     18     15     21     18     17

     13     13     11     13     15
     12     14     14     14     11
     18     14     13     14     11
     12     14     13     11     13
     12      9     12     11     11

      7      7      3      4      6
      5      5      5      5      3
      5      5      4      5      3
      5      5      4      4      5
      4      5      4      4      5

      5      5      3      4      5
      4      4      4      4      3
      5      5      3      4      4
      3      5      3      3      4
      4      3      4      3      4

      5      5      4      5      4
      6      6      5      5      4
      6      6      5      6      5
      5      6      5      4      5
      5      4      5      4      5

      6      6      5      5      6
      5      5      6      6      3
      7      7      6      6      5
      4      7      6      5      3
      5      4      4      5      4

      7      7      6      7     10
      7      8      8      8      6
     10      9      8      7      7
      7      9      8      6      7
      8      5      7      6      7

     14     14     11     13     16
     13     15     14     14     12
     18     16     15     14     13
     12     16     15     12     13
     12      9     13     12     12

     17     17     13     14     18
     16     18     19     19     14
     20     17     18     18     15
     15     17     18     14     16
     15     11     16     14     14

     14     14     11     13     16
     14     18     16     16     13
     20     18     17     16     13
     14     18     17     12     15
     13      9     13     12     12

     16     16     13     14     18
     15     18     17     17     13
     22     19     16     18     16
     14     19     16     14     15
     14     10     13     14     13

     14     14     10     12     17
     13     16     16     16     12
     18     16     14     16     11
     13     16     14     12     13
     12      9     13     12     13

     16     16     12     14     16
     14     18     17     17     12
     23     18     16     18     15
     15     18     16     14     15
     14     10     14     14     12

     17     17     12     14     17
     15     19     19     19     13
     21     18     17     18     15
     15     18     17     14     16
     15     10     15     14     13

     19     19     13     16     20
     17     20     20     20     14
     26     21     19     21     16
     16     21     19     14     17
     15     12     14     14     15

     19     19     14     16     20
     15     21     19     19     14
     26     20     18     20     16
     16     20     18     15     16
     15     11     15     15     15

     18     18     13     14     18
     15     18     18     18     13
     22     20     16     18     16
     15     20     16     13     15
     13     11     15     13     13

     16     16     11     13     18
     14     16     15     15     11
     21     17     15     16     13
     14     17     15     13     15
     13      9     13     13     12

     18     18     13     14     18
     15     18     18     18     13
     22     20     16     18     16
     15     20     16     13     15
     13     11     15     13     13

     11     11     15      8     12
     19     17     15     15     11
     20     13     18     14     15
     15     13     18     20     13
     14     13     10     20     13

     14     14     16     13     12
     16     16     19     19     14
     16     14     20     17     18
     18     14     20     16     13
     15     13     13     16     13

     12     12     15     13     11
     21     12     18     18     13
     17     14     18     16     16
     11     14     18     14     20
     14     13     16     14     13

     17     17     17     14     11
     16     17     20     20     12
     17     15     16     17     17
     13     15     16     14     16
     13     14     10     14     12

     14     14     12     15     14
     15     15     14     14     13
     16     13     13     13     13
     14     13     13     11     13
     11     10      8     11     11

     10     10      9      8      8
     14     12     14     14      7
     10     11     11     11      8
      8     11     11      8      8
     10      9      7      8      6

     41     41     36     43     22
     34     18     14     14     13
     56     -2     18     42     33
      7     -2     18      7      0
     -7    -10     -6      7      0

      4      4      4      4      3
      6      3      8      8      3
      5      5      5      6      5
      5      5      5      7      7
      5      5      6      7      6

      3      3      5      3      2
      5      4      5      5      1
      2      2      2      2      2
      4      2      2      2      2
      4      4      3      2      4

      0      0      0      2      1
      2      0      2      2     -1
      0      0     -1      2      0
      0      0     -1      1      0
      1      1      1      1      1

      0      0      1      0      0
      0     -1      0      0     -2
     -2      0      0      0     -1
      0      0      0     -1      0
      1     -1      0     -1      0

      0      0     -1      0     -1
      1     -2      2      2     -2
      0     -1     -2      0     -2
      0     -1     -2      1      0
      0      0      0      1      1

      0      0      0      2      0
      0      0      1      1     -1
      0      0      1     -1      0
      1      0      1      0      0
      3      0      0      0      0

      3      3     -1      2     -6
      2     -1      4      4     -3
      3      0      0     -2     -1
     -1      0      0      0      2
      4      2      3      0      2

     -1     -1      3      3      0
      3      1      2      2      0
      2     -3      1      2     -1
      4     -3      1      0     -2
      0      2      1      0      0

      2      2      0      2      2
      4      0      2      2     -1
      0      0      0      1     -1
      3      0      0     -1      1
      1      0      0     -1     -1

      2      2      1      2     -1
      1      0      3      3      0
      0     -2      1      2      2
      1     -2      1      2      1
      4      1      0      2      0

      1      1      2      0      1
      2      0      1      1      0
      0      0      1      1      5
      3      0      1      0      0
      3      0      1      0      2

      2      2      1      0      1
      1      0      2      2      1
      0     -1      0      0      0
      1     -1      0      3      1
      3      2      0      3      2

      1      1      3      4      0
      3      2      5      5      1
      1      2      1      4      1
      4      2      1      1      4
      3      1      1      1      1

      5      5      2      8      3
      3      4      6      6      2
      4      2      1      0      2
      4      2      1      2      2
      2      1      3      2      6

      1      1      2      4      3
      1      4      3      3      1
      3      0      1      4      2
      2      0      1      2      2
      1      2      2      2      3

      5      5      4      3      2
      2      3      7      7      2
      4      2      5      3      5
      6      2      5      3      5
      2      3      3      3      4

      7      7      8      8      5
      8      7      8      8      5
      8      6      5      7      7
      7      6      5      7      8
      6      6      7      7      9

     10     10     11      9      9
     10     10     11     11      6
     10     12     12     12     11
     10     12     12     10     11
      7      9     10     10     10

     15     15     13     11     10
     12     13     13     13     11
     14     11     13     13     15
     13     11     13     12     14
      9     13     10     12     15

     15     15     15     12     10
     14     13     18     18     13
     15     12     16     15     13
     12     12     16     12     13
     12     14     11     12     12

     12     12     12     12     10
     12     15     18     18     12
     15     15     15     18     14
     15     15     15     13     14
     13     13     11     13     13

     15     15     17     16     14
     17     17     25     25     16
     13      8     20     22     21
     12      8     20     15     17
     13     14     13     15     12

     14     14     14     16     11
     15     18     18     18     13
     17     15     17     17     16
     14     15     17     13     16
     14     13     13     13     13

     14     14     14     13     11
     14     17     17     17     12
     15     15     18     17     15
     13     15     18     12     14
     13     14     11     12     12

     13     13     10     12     10
     13     17     17     17     12
     13     14     17     16     14
     13     14     17     12     15
     12     11     10     12     10

     12     12     12     16     10
     13     17     16     16     11
     12     12     14     15     13
     12     12     14     14     14
     11     10     11     14      9

     13     13     14     12     10
     12     16     17     17     11
     15     13     15     15     15
     13     13     15     13     15
     10     13     12     13     11

     11     11     12     11     11
     13     15     18     18     10
     11     10     13     14     14
     11     10     13     11     12
      9     10     11     11     10

     13     13     10     12      8
     13     14     16     16     11
     12     11     12     14     12
     13     11     12     11     12
     10     10     11     11      9

     10     10     12     13     10
     12     15     16     16     12
     14     13     14     15     13
     11     13     14     14     13
     11     11     10     14     11

     12     12     11     11      9
     11     14     17     17     11
     13     13     15     15     13
     12     13     15     11     12
     11     10     12     11     11

      9      9     11     10      8
     11     14     16     16     10
     13     11     14     15     13
     10     11     14     10     13
      9      8     11     10     11

     10     10     11      9      9
      9     14     14     14      7
     13     10     14     13     13
     10     10     14     10     11
      9      9     10     10     10

      9      9      9      8      8
     10     14     14     14     10
     12      9     12     13     12
     11      9     12      9     12
      8      9      8      9      9

     10     10     11     10      9
     10     13     15     15      8
     11      8     10     13     11
      8      8     10      8     11
     10      9      9      8      9

     10     10      9      9      7
     10     10     16     16     10
     12     10     12     12     11
     10     10     12      9      9
     10      8     10      9      8

      9      9      9      9      8
      9     11     13     13      9
      8      8     10     12      8
      9      8     10      7     10
      7      7      6      7      7

     10     10     10      8      6
      8     12     13     13      8
     10     10      9     11      9
     10     10      9      9      9
      6      7      8      9      8

      8      8      9      8      5
      8      9     10     10      6
     10      8      9     10      8
      8      8      9      6      8
      9      6      5      6      8

      7      7      7      8      6
      7      7     12     12      6
      9      8      8      8      7
      7      8      8      6      9
      6      5      8      6      7

      7      7      7      7      5
      6      7     10     10      6
      8      6      8      9     10
      7      6      8      6      8
      7      7      5      6      6

      6      6      5      8      6
      5      7     11     11      4
      7      7      8      8      9
     10      7      8      6      8
      6      7      8      6      4

      7      7      6      7      3
      6      7      8      8      5
      6      6      7      6      8
      5      6      7      7      7
      4      6      8      7      6

      5      5      5      5      3
      5      5      8      8      3
      7      4      7      5      6
      6      4      7      6      5
      7      5      4      6      4

      5      5      5      5      3
      3      4      4      4      3
      4      3      5      5      4
      5      3      5      4      3
      5      3      3      4      4

      4      4      2      2      2
      4      2      4      4      1
      5      2      4      4      3
      4      2      4      3      3
      4      1      1      3      2

      1      1      1      2      1
      4      0      2      2      0
      1      1      2      1      1
      1      1      2      2      2
      2      2      1      2      0

      0      0      2      2      2
      0      0      1      1      0
      0      1      1      2      1
      0      1      1      0      2
      2      1      1      0      1

      1      1      0      0      0
      0     -1      0      0      0
      0      0      0      1      1
      0      0      0      0      0
      1      0      0      0      0

      2      2      0      0     -1
      1      0      2      2     -1
      0      0      0      0      0
      2      0      0      0      0
      0     -1      1      0      0

      0      0      2      2      0
      1     -1      0      0      0
      0     -1      0      2      0
      0     -1      0      1     -1
      1      1      0      1      0

     -2     -2      0      2     -1
      1      0      0      0      0
      0     -3      0     -1      0
      1     -3      0      3      0
      3      1     -1      3      0

      0      0      0      0     -1
      2      0      1      1      0
      2      0      0      0     -2
      0      0      0      0      0
      1      0      0      0      1

     -2     -2     -2      1     -2
      1      0      1      1     -2
      1     -2      0      0      1
      0     -2      0      0      0
      1      2      1      0      1

      0      0      0      0      0
      1     -1      0      0      0
      0      0      0      0      0
      2      0      0      0      2
     -1      0      1      0      1

      0      0      1      0      0
      1      0      0      0      0
      0     -2      0      0      0
      0     -2      0      0      0
      1      0      0      0      1

      1      1      1      0     -1
      0      0      0      0      0
      0      0      0     -1      0
      1      0      0      0      0
      0      0      0      0      0

     -1     -1      0     -1     -2
      0     -1     -1     -1     -1
     -2     -1      0      0      1
      0     -1      0      0      0
      0      0      1      0      0

      0      0      2      0      0
      0      0      0      0      0
      0     -1      0     -2      1
      0     -1      0     -2      0
      0      0      1     -2      0

      0      0      2     -1      0
     -1      0      1      1     -1
     -1      0     -1      0      1
      0      0     -1      0      0
      0      0     -1      0     -1

      0      0      0     -1     -2
      0     -2      0      0     -1
      0      0     -2     -1      0
      0      0     -2      0      1
     -1      3      0      0     -2

      0      0      1     -1     -2
     -1     -1      0      0     -1
      0      0      0     -2      0
      0      0      0     -1      0
      0      0      0     -1     -1

      0      0      0     -1      0
      0      0      1      1     -1
      0      0      0      0      0
      0      0      0      0      0
      0      1      0      0      0

      0      0      0      0     -1
      0      0      0      0     -2
      0      0      0     -1      0
      0      0      0     -1      0
      0      2      1     -1      0

      0      0      0      0      0
     -1      0      0      0     -1
      0      0      0      0      0
      0      0      0      0      0
     -1      0      0      0      0

     -1     -1      2      0      0
      1      0      0      0      0
      0      0     -1      1      0
      1      0     -1      0      0
      0      2      0      0      1

      1      1      3      0      0
      1      1      1      1      1
      0      1      2      1      0
      3      1      2      1      1
      2      2      2      1      1

      1      1      3      0      1
      1      4      2      2      2
      3      3      2      2      3
      3      3      2      1      2
      2      4      3      1      1

      2      2      4      2      1
      3      3      3      3      2
      2      4      2      4      4
      3      4      2      2      2
      4      3      4      2      4

      0      0      2      0      1
      3      2      1      1      1
      2      3      3      3      2
      3      3      3      1      3
      2      2      3      1      2

      1      1      1      0      0
      0      1      0      0      0
      1      0      1      2      1
      1      0      1      0      1
      1      1      0      0      1

      1      1      2      1      0
      2      0      1      1      2
      1      0      0      1      2
      2      0      0      0      1
      1      1      1      0      1

      3      3      4      3      2
      3      4      3      3      3
      3      4      4      4      4
      4      4      4      4      2
      2      6      4      4      4

      4      4      6      4      2
      5      6      6      6      4
      6      5      4      5      7
      4      5      4      5      5
      5      7      6      5      3

      3      3      6      2      2
      5      4      4      4      4
      4      6      4      5      4
      4      6      4      4      5
      4      5      4      4      4

      2      2      5      2      1
      3      4      3      3      2
      3      4      3      3      4
      2      4      3      3      3
      3      3      4      3      2

      3      3      5      2      2
      3      4      2      2      2
      4      5      4      4      5
      3      5      4      3      3
      4      5      3      3      3

      5      5      5      2      2
      5      6      5      5      2
      5      4      4      4      4
      4      4      4      4      3
      4      6      5      4      5

      6      6      6      2      4
      5      6      5      5      4
      6      4      4      6      5
      3      4      4      5      5
      4      6      4      5      5

      5      5      5      3      3
      4      5      6      6      3
      6      5      5      6      6
      6      5      5      4      5
      5      7      5      4      6

      5      5      5      5      3
      5      8      5      5      5
      6      5      7      6      6
      5      5      7      5      6
      4      6      6      5      4

      5      5      6      4      3
      6      6      6      6      3
      5      5      4      6      5
      6      5      4      5      5
      5      7      5      5      4

      4      4      7      4      1
      4      7      6      6      3
      6      6      6      6      6
      6      6      6      4      5
      5      6      5      4      4

      5      5      6      5      2
      4      7      5      5      4
      6      6      6      6      6
      4      6      6      4      5
      6      6      5      4      3

      3      3      6      4      3
      5      6      6      6      3
      4      5      6      7      6
      6      5      6      5      6
      3      6      4      5      3

      3      3      4      5      3
      4      5      5      5      3
      6      4      5      7      6
      4      4      5      5      5
      5      5      5      5      5

      4      4      6      4      0
      3      6      4      4      4
      6      6      5      6      5
      6      6      5      5      4
      4      6      4      5      4

      5      5      3      3      3
      3      6      7      7      3
      5      7      6      8      5
      4      7      6      4      2
      4      5      4      4      3

      4      4      5      3      2
      4      6      5      5      3
      7      5      4      5      5
      4      5      4      3      4
      4      5      3      3      3

      3      3      3      2      2
      4      5      3      3      3
      4      4      4      6      6
      5      4      4      4      3
      5      5      5      4      3

      6      6      5      2      3
      3      7      6      6      3
      5      4      6      5      5
      4      4      6      3      4
      4      6      4      3      4

      2      2      6      3      0
      4      8      7      7      3
      6      5      4      7      6
      4      5      4      4      4
      3      6      6      4      3

      4      4      5      3      1
      4      7      7      7      4
      5      6      5      6      7
      4      6      5      3      4
      3      6      5      3      3

      4      4      4      1      2
      4      5      6      6      4
      4      3      5      8      6
      5      3      5      5      5
      1      5      5      5      2

      3      3      6      2      1
      5      6      5      5      5
      5      5      5      7      5
      4      5      5      3      4
      1      4      5      3      3

      5      5      4      3      0
      3      6      3      3      4
      4      5      4      5      5
      4      5      4      2      3
      3      5      4      2      1

      5      5      6      4      0
      3      7      5      5      4
      4      4      5      5      6
      4      4      5      3      3
      3      4      3      3      2

      3      3      4      1      1
      4      6      5      5      2
      3      4      3      4      5
      3      4      3      2      3
      2      3      3      2      2

      4      4      4      1      3
      2      5      5      5      3
      4      5      3      6      5
      3      5      3      4      5
      2      2      3      4      2

      3      3      4      2      2
      2      4      5      5      2
      5      5      3      3      5
      3      5      3      2      3
      4      5      2      2      0

      3      3      5      2      1
      2      5      4      4      3
      4      4      3      3      4
      3      4      3      2      3
      2      2      3      2      3

      3      3      3      1      1
      2      2      5      5      2
      4      3      3      4      4
      3      3      3      2      1
      2      5      2      2      3

      3      3      4      2     -3
      2      3      4      4      5
      4      5      1      4      5
      2      5      1      3      2
      2      5      3      3      1

      4      4      3      0      0
      2      5      3      3      1
      2      2      5      4      4
      1      2      5      2      3
      0      2      2      2      1

      2      2      2      0      0
      0      6      4      4      2
      0      2      3      4      1
      0      2      3      4      0
      1      4      4      4      2

      1      1      2      0      1
      1      3      1      1      3
      3      2      2      3      3
      1      2      2      3      2
      0      2      2      3      0

      3      3      2      1      0
      1      4      3      3      1
     -1      0      2      2      2
      0      0      2      2      1
      2      0      2      2     -1

      0      0      0      0      0
      1      2      3      3      0
      2      0      1      2      2
      3      0      1      1      0
      0      0      2      1      4

     -1     -1      4      0      0
      0      2      3      3      0
      0      0      2      2      1
      0      0      2      1      0
      0      0      2      1      0

      3      3      2      1     -3
      1     -1      1      1      1
      1      1      0      3      1
      2      1      0      0      1
      0      4      0      0      2

      1      1      3      1      1
      0      2      4      4      1
      2      1      2      2      1
      2      1      2      1      2
      0      1      0      1      0

      0      0      1      0      0
     -2      0      2      2      0
     -2      0      0      0      0
      0      0      0     -1     -1
      0      0      3     -1      0

      3      3      4      0      0
      1      1      3      3      0
      0      0      0      3      3
      0      0      0      0      0
      1      1      0      0      0

      0      0      2      2     -1
      0      2      0      0      0
      3     -2     -1      3      0
      6     -2     -1     -1      1
      5      0      1     -1     -1

      3      3      3      0      0
      0      3     -1     -1      0
     -2      0     -1      1      0
      1      0     -1      0     -1
      2      1      0      0      0

      1      1      1      0     -1
      0      0      2      2      0
      1      0      0      0      2
      0      0      0      3      0
      1      0      1      3      0

      1      1      2     -1      0
      0      0      0      0     -1
      0      0      0      1      1
      0      0      0      0      0
      0      0      1      0      0

      0      0      0     -2     -3
      2      1      0      0     -2
      1     -1     -2      2     -2
      1     -1     -2     -1     -1
      2     -2      0     -1     -1

      0      0      0      0      0
      0      0      0      0     -1
      0     -2      0      2      0
     -2     -2      0     -2     -1
      0      4      1     -2      2

      0      0     -4      0     -1
      0      0      3      3      0
     -1      0     -1     -1      1
     -3      0     -1      0     -3
      0      2      0      0      0

