;
; ENVI ASCII Output of file: E:\Imaging\ROI_AVIRIS\5_3_9.img [Fri Nov 17 12:04:11 2017]
; File Dimensions: 5 samples x 5 lines x 224 bands
; Line Format    : (5i7)
;
    486    486    486    489    488
    484    495    487    488    486
    495    502    492    486    522
    495    502    492    486    522
    504    501    498    484    504

    588    584    584    572    584
    568    557    570    594    557
    566    590    579    577    590
    566    590    579    577    590
    583    592    581    579    590

    623    639    639    620    629
    620    617    625    638    617
    629    616    620    613    633
    629    616    620    613    633
    621    625    626    638    628

    794    796    796    786    765
    775    768    787    787    760
    788    784    771    784    791
    788    784    771    784    791
    779    787    789    787    786

   1169   1155   1155   1149   1160
   1150   1154   1140   1144   1138
   1134   1154   1155   1142   1157
   1134   1154   1155   1142   1157
   1136   1155   1155   1160   1151

   1228   1208   1208   1200   1208
   1200   1198   1198   1209   1196
   1210   1204   1210   1210   1195
   1210   1204   1210   1210   1195
   1204   1213   1215   1213   1219

   1158   1144   1144   1144   1143
   1132   1143   1130   1136   1126
   1139   1146   1136   1133   1143
   1139   1146   1136   1133   1143
   1135   1135   1143   1146   1155

   1069   1056   1056   1046   1056
   1049   1052   1052   1052   1048
   1060   1051   1055   1058   1056
   1060   1051   1055   1058   1056
   1057   1055   1068   1060   1058

   1164   1144   1144   1149   1154
   1149   1148   1146   1144   1136
   1149   1145   1151   1139   1145
   1149   1145   1151   1139   1145
   1142   1156   1157   1154   1159

   1175   1171   1171   1171   1172
   1170   1174   1172   1176   1163
   1168   1172   1173   1171   1174
   1168   1172   1173   1171   1174
   1170   1171   1179   1186   1181

   1145   1135   1135   1138   1146
   1134   1141   1133   1150   1139
   1145   1136   1145   1143   1136
   1145   1136   1145   1143   1136
   1138   1138   1143   1151   1152

   1084   1068   1068   1067   1072
   1072   1076   1078   1075   1064
   1070   1074   1077   1082   1082
   1070   1074   1077   1082   1082
   1067   1073   1085   1075   1080

   1023   1007   1007   1012   1010
   1009   1009   1008   1017   1014
   1021   1014   1016   1021   1028
   1021   1014   1016   1021   1028
   1015   1015   1024   1025   1023

    921    913    913    922    914
    916    920    918    919    916
    919    914    923    926    927
    919    914    923    926    927
    921    920    927    932    930

    837    829    829    831    831
    836    843    846    840    833
    841    836    837    844    854
    841    836    837    844    854
    832    841    841    843    838

    743    739    739    740    741
    745    743    750    755    737
    741    743    750    754    758
    741    743    750    754    758
    743    744    748    747    748

    660    650    650    659    654
    661    665    664    666    657
    665    658    660    668    674
    665    658    660    668    674
    657    660    663    664    665

    626    620    620    621    623
    631    631    636    636    627
    633    628    632    640    642
    633    628    632    640    642
    627    627    628    633    632

    591    588    588    583    591
    601    596    607    606    595
    601    597    604    611    610
    601    597    604    611    610
    597    594    593    601    598

    551    548    548    547    547
    565    566    569    567    557
    563    556    563    573    573
    563    556    563    573    573
    559    560    565    560    566

    509    505    505    505    504
    513    515    526    519    512
    516    509    517    528    532
    516    509    517    528    532
    515    512    519    520    523

    462    464    464    465    462
    480    480    486    479    475
    473    470    479    488    487
    473    470    479    488    487
    472    468    473    477    478

    427    432    432    433    434
    447    449    455    449    441
    439    443    442    450    459
    439    443    442    450    459
    443    439    442    442    449

    384    385    385    383    379
    405    401    404    401    394
    394    392    396    409    410
    394    392    396    409    410
    393    391    399    394    401

    355    356    356    357    357
    378    371    380    377    371
    370    371    375    379    384
    370    371    375    379    384
    367    368    371    370    375

    347    350    350    351    347
    362    362    364    366    359
    361    359    359    374    374
    361    359    359    374    374
    355    356    363    356    360

    324    324    324    324    325
    342    344    346    343    336
    338    330    342    349    348
    338    330    342    349    348
    329    335    334    333    335

    300    303    303    300    299
    315    317    323    322    315
    311    313    313    323    328
    311    313    313    323    328
    305    309    310    315    315

    290    288    288    286    289
    306    305    309    306    302
    298    298    302    312    313
    298    298    302    312    313
    295    297    301    299    302

    269    266    266    265    266
    284    280    288    282    281
    280    281    280    289    290
    280    281    280    289    290
    270    279    276    279    281

    250    251    251    251    252
    267    268    271    268    265
    263    261    266    274    278
    263    261    266    274    278
    259    260    264    267    264

    247    250    250    248    252
    268    265    272    263    266
    257    258    264    266    273
    257    258    264    266    273
    255    260    261    262    262

    241    248    248    247    252
    265    264    272    260    267
    254    256    266    267    273
    254    256    266    267    273
    255    260    264    261    255

    247    249    249    249    254
    269    265    273    263    266
    256    258    264    267    272
    256    258    264    267    272
    255    259    261    261    262

    227    230    230    236    240
    253    247    260    248    250
    238    241    246    250    254
    238    241    246    250    254
    241    240    244    245    246

    205    203    203    208    209
    221    218    227    219    220
    210    211    218    226    230
    210    211    218    226    230
    215    214    218    219    221

    179    182    182    184    191
    200    195    201    189    194
    185    190    194    201    198
    185    190    194    201    198
    190    190    190    190    195

    173    173    173    179    182
    193    185    198    188    190
    178    180    183    193    197
    178    180    183    193    197
    183    183    185    185    188

    159    159    159    164    173
    179    170    182    171    171
    163    166    171    176    177
    163    166    171    176    177
    168    165    167    167    172

    124    122    122    129    133
    140    129    141    131    136
    126    127    132    136    139
    126    127    132    136    139
    130    130    130    131    134

    131    131    131    137    142
    149    139    153    140    141
    137    136    141    146    150
    137    136    141    146    150
    137    135    139    139    144

    142    141    141    149    156
    165    154    169    157    157
    148    154    153    161    161
    148    154    153    161    161
    152    150    152    152    161

    144    141    141    150    159
    167    158    172    156    158
    149    150    154    166    162
    149    150    154    166    162
    152    150    154    153    162

     88     85     85     92     98
    102     93    104     96     97
     87     91     95     95     98
     87     91     95     95     98
     93     90     94     91     97

    113    110    110    119    127
    135    121    136    125    125
    116    120    123    129    128
    116    120    123    129    128
    121    118    121    122    129

    118    118    118    125    135
    143    129    145    131    134
    120    126    128    140    137
    120    126    128    140    137
    128    123    126    128    134

    110    105    105    114    124
    128    118    130    120    122
    109    116    120    126    125
    109    116    120    126    125
    118    112    115    116    125

    100     97     97    107    118
    123    108    125    113    112
    106    109    111    116    117
    106    109    111    116    117
    111    103    108    108    115

     94     91     91     98    108
    110    101    116    105    104
     95    100    102    110    106
     95    100    102    110    106
     99     95     97    100    106

     72     71     71     80     85
     89     79     88     81     83
     73     78     81     87     83
     73     78     81     87     83
     81     76     79     77     84

     73     73     73     80     89
     91     82     94     83     85
     76     80     82     87     88
     76     80     82     87     88
     82     76     79     81     88

     81     76     76     82     94
     96     87     99     87     89
     79     83     86     90     91
     79     83     86     90     91
     87     83     84     84     92

     83     83     83     92    101
    103     90    106     94     93
     85     88     92     99     99
     85     88     92     99     99
     93     85     90     90     98

     81     77     77     87     97
     99     84     98     88     89
     79     83     88     96     92
     79     83     88     96     92
     88     78     84     86     92

     79     75     75     85     91
     97     82    100     90     87
     80     82     86     93     90
     80     82     86     93     90
     84     78     82     84     90

     72     70     70     77     89
     92     78     96     80     82
     74     77     80     87     85
     74     77     80     87     85
     79     74     77     78     86

     70     67     67     75     84
     85     74     90     76     77
     70     74     75     85     80
     70     74     75     85     80
     77     70     73     77     84

     54     52     52     59     67
     67     57     72     61     62
     51     58     60     64     64
     51     58     60     64     64
     60     54     58     60     65

     46     44     44     49     57
     56     49     60     48     56
     46     49     51     53     52
     46     49     51     53     52
     50     47     50     50     55

     43     41     41     46     52
     50     45     53     44     49
     41     43     46     49     46
     41     43     46     49     46
     45     43     45     45     51

     36     38     38     41     47
     45     43     47     38     44
     36     42     43     43     41
     36     42     43     43     41
     39     38     39     40     46

     26     28     28     25     29
     31     25     34     28     28
     27     28     29     28     29
     27     28     29     28     29
     29     24     27     26     29

     16     17     17     18     21
     20     16     21     17     18
     16     17     17     19     15
     16     17     17     19     15
     18     17     16     17     20

     19     19     19     21     23
     22     20     24     21     23
     20     22     23     22     22
     20     22     23     22     22
     20     19     19     19     22

     32     31     31     35     42
     38     36     42     36     39
     32     36     38     40     37
     32     36     38     40     37
     36     33     35     34     41

     36     35     35     42     47
     46     41     49     39     45
     36     40     41     47     42
     36     40     41     47     42
     41     38     39     38     46

     42     41     41     49     56
     56     49     60     47     54
     43     46     50     53     52
     43     46     50     53     52
     48     44     47     47     53

     46     42     42     51     61
     60     52     62     51     56
     45     49     54     57     54
     45     49     54     57     54
     52     47     50     50     57

     45     42     42     50     59
     58     51     63     49     54
     43     49     51     57     54
     43     49     51     57     54
     50     46     48     49     57

     43     41     41     52     59
     58     50     63     50     53
     43     48     51     57     52
     43     48     51     57     52
     49     43     48     46     56

     42     42     42     48     58
     57     48     61     49     54
     43     48     52     56     51
     43     48     52     56     51
     50     42     48     47     55

     41     37     37     44     54
     53     44     56     45     49
     39     44     47     52     49
     39     44     47     52     49
     44     40     44     43     50

     40     38     38     45     55
     53     45     58     47     49
     37     43     47     51     48
     37     43     47     51     48
     44     39     44     42     51

     37     34     34     41     51
     49     42     53     42     48
     37     40     43     48     45
     37     40     43     48     45
     42     37     40     40     48

     35     35     35     42     50
     48     41     53     42     45
     36     40     42     47     44
     36     40     42     47     44
     41     36     39     39     46

     34     31     31     38     45
     44     38     48     38     43
     31     36     40     44     41
     31     36     40     44     41
     37     32     36     34     43

     31     28     28     35     42
     41     35     45     35     40
     29     34     36     40     37
     29     34     36     40     37
     34     30     33     32     40

     28     26     26     32     39
     37     32     41     32     37
     28     31     33     37     33
     28     31     33     37     33
     31     28     30     31     37

     22     21     21     26     30
     28     25     32     24     29
     21     25     26     29     26
     21     25     26     29     26
     25     23     23     22     27

     13     12     12     15     18
     20     15     20     15     16
     14     16     16     16     15
     14     16     16     16     15
     15     13     13     14     17

      5      5      5      5      5
      6      5      7      4      6
      3      6      5      4      4
      3      6      5      4      4
      6      3      4      5      6

      5      4      4      4      4
      6      3      4      4      6
      5      4      5      4      3
      5      4      5      4      3
      3      4      3      4      4

      5      4      4      4      6
      6      5      6      5      8
      4      6      7      6      5
      4      6      7      6      5
      7      5      5      5      6

      5      6      6      6      6
      6      6      7      6      6
      5      7      5      6      6
      5      7      5      6      6
      5      4      4      5      6

      8      7      7      9     11
     11      9     12      9     10
      7     10      9      9      9
      7     10      9      9      9
      9      7      9      8     11

     15     13     13     16     22
     20     16     22     16     18
     13     16     16     18     17
     13     16     16     18     17
     17     15     15     15     18

     18     16     16     19     25
     23     19     26     19     21
     16     19     21     23     20
     16     19     21     23     20
     20     16     18     19     23

     15     14     14     18     23
     20     17     24     17     20
     14     17     18     20     18
     14     17     18     20     18
     17     16     17     16     21

     17     15     15     19     25
     24     19     27     19     22
     15     19     20     23     21
     15     19     20     23     21
     19     17     16     17     22

     16     13     13     16     22
     20     16     23     17     20
     14     16     17     19     18
     14     16     17     19     18
     16     14     16     15     20

     15     15     15     17     24
     23     19     26     18     21
     16     19     20     22     20
     16     19     20     22     20
     19     17     16     18     21

     16     15     15     20     27
     24     19     25     19     23
     16     19     21     23     20
     16     19     21     23     20
     19     16     19     17     24

     19     16     16     21     26
     27     20     29     22     24
     17     22     22     25     23
     17     22     22     25     23
     23     18     21     20     26

     19     17     17     22     29
     26     21     28     22     26
     17     21     23     24     23
     17     21     23     24     23
     23     18     20     20     26

     17     16     16     21     25
     24     19     28     22     24
     17     19     21     24     21
     17     19     21     24     21
     21     17     18     19     25

     14     13     13     18     23
     24     18     24     19     21
     16     19     20     22     19
     16     19     20     22     19
     19     16     17     17     21

     17     16     16     21     25
     24     19     28     22     24
     17     19     20     24     21
     17     19     20     24     21
     21     17     18     19     25

     13     20     20     16     20
     17     17     26     17     16
     20     17     19     17     18
     20     17     19     17     18
     18     17     18     13     20

     13     18     18     17     18
     19     21     24     19     22
     16     17     17     21     17
     16     17     17     21     17
     18     17     18     18     20

     15     17     17     15     18
     18     20     21     19     22
     15     18     22     19     20
     15     18     22     19     20
     15     21     17     20     18

     13     18     18     18     16
     22     18     24     18     21
     17     15     18     20     18
     17     15     18     20     18
     14     14     19     17     18

      9     14     14     15     14
     16     16     19     18     19
     14     16     17     12     14
     14     16     17     12     14
     12     13     18     15     17

     11     12     12     12     13
     14      9     17     15     13
     14     10     17     11     13
     14     10     17     11     13
     12     12     12     12     12

     36     38     38     41     34
     40     31     40     33     33
     22      2     21     25      8
     22      2     21     25      8
     21     18     42     55     44

      6      4      4      4      6
      4      4     10      6      8
      7      5      6      6      5
      7      5      6      6      5
      5      5      5      6      5

      3      2      2      4      6
      2      3      6      3      3
      3      2      4      4      4
      3      2      4      4      4
      2      4      3      4      4

      0      1      1      3      2
      0     -1      0      0      0
      3      1      2      0      0
      3      1      2      0      0
      3      0      0      2      1

      0      0      0      0      1
     -1      0      1      0      1
      0      0      0      0      0
      0      0      0      0      0
      0      0     -2      0      0

      0      2      2      0      3
     -1      0      2      2     -1
      0      1      1     -2      0
      0      1      1     -2      0
      0      0      0     -1     -1

      0      0      0      0      0
      0      0      2      0      0
      0      0      3     -1      1
      0      0      3     -1      1
      0      0      1      0      1

     -1      0      0     -1     -1
     -3     -1     -2     -2     -4
     -1     -1      0      0      0
     -1     -1      0      0      0
     -1     -3     -1      1      1

      0      0      0      1      0
      0      0      2      0      3
     -2      1     -2     -1      0
     -2      1     -2     -1      0
     -3      1      1     -2      0

      0      1      1      0      1
      0      1      0      0     -1
      1      0      0     -1      0
      1      0      0     -1      0
     -1      2     -1      0     -1

     -1      2      2      2      0
      0      0      2      1     -1
      3      0      3      0      0
      3      0      3      0      0
      0      0      0      0      0

      0      1      1      2      1
      0      1      2      4      3
      1      0      0      0      0
      1      0      0      0      0
      0      0     -3     -1      1

      2      3      3      0      3
      1      2      1      2      0
      4      0      5      0      0
      4      0      5      0      0
      1     -3      0      1      0

      1      2      2      3      3
      2      4      4      2      4
      2      1      3      3      2
      2      1      3      3      2
      2      2      2      2      2

      5      3      3      4      3
      3      3      7      3      4
      5      3      4      3      6
      5      3      4      3      6
      2      4      5      1      5

      0      2      2      4      2
      3      1      4      6      2
      2      3      3      0      1
      2      3      3      0      1
      3      2      2      3      6

      4      5      5      3      4
      3      5      6      5      5
      5      4      8      4      6
      5      4      8      4      6
      4      3      4      2      5

      8      9      9      7     10
      9     10     11     10      9
     11      8     10     11      8
     11      8     10     11      8
      6      6     10      9     10

     12     11     11     11      9
     13     11     17     15     14
     12     13     13     16     15
     12     13     13     16     15
     12     12     14     13     15

     14     16     16     15     14
     18     17     18     17     18
     15     14     18     17     15
     15     14     18     17     15
     17     14     16     16     17

     13     16     16     17     18
     19     17     21     18     16
     17     15     18     17     18
     17     15     18     17     18
     16     17     22     21     18

     15     17     17     16     18
     20     18     19     20     19
     18     15     21     19     20
     18     15     21     19     20
     18     18     18     21     19

     17     15     15     17     20
     24     16     24     21     17
     21     17     20     22     22
     21     17     20     22     22
     19     15     17     23     22

     16     16     16     20     17
     20     21     22     22     21
     17     17     19     19     21
     17     17     19     19     21
     17     17     21     22     23

     14     15     15     17     17
     19     19     23     22     20
     18     17     21     20     20
     18     17     21     20     20
     19     17     19     21     20

     14     14     14     17     15
     17     15     20     19     17
     15     16     18     17     19
     15     16     18     17     19
     16     15     18     17     18

     14     15     15     15     16
     19     19     22     20     20
     15     14     19     18     20
     15     14     19     18     20
     15     14     18     17     20

     14     15     15     17     16
     18     17     21     21     19
     16     16     19     19     19
     16     16     19     19     19
     16     16     18     18     17

     11     12     12     14     13
     15     18     20     16     18
     15     15     16     19     19
     15     15     16     19     19
     16     15     14     17     18

     12     13     13     13     15
     16     15     20     20     17
     16     13     16     18     17
     16     13     16     18     17
     13     15     16     17     17

     13     15     15     18     15
     19     18     19     19     20
     18     14     16     18     18
     18     14     16     18     18
     17     15     16     17     19

     12     13     13     14     14
     16     17     18     17     17
     13     15     15     17     17
     13     15     15     17     17
     16     16     14     17     19

     11     14     14     14     13
     17     18     18     16     17
     15     13     16     15     17
     15     13     16     15     17
     14     12     16     17     17

     10     12     12     14     14
     16     15     18     18     17
     14     14     15     17     18
     14     14     15     17     18
     14     15     15     14     18

     11     11     11     13     14
     15     15     17     17     17
     14     13     15     14     17
     14     13     15     14     17
     15     15     16     14     14

     12     13     13     14     13
     14     17     17     15     14
     13     14     15     14     16
     13     14     15     14     16
     14     10     14     15     16

     10     11     11     13     14
     14     15     18     17     16
     14     13     15     15     16
     14     13     15     15     16
     14     13     13     16     15

     11     13     13     12     12
     13     15     17     14     15
     11     12     13     14     14
     11     12     13     14     14
     13     10     13     14     14

     10     12     12     11     11
     12     14     17     14     13
     13     11     12     11     17
     13     11     12     11     17
     13     13     14     13     13

      8     10     10     12     12
     13     11     15     14     13
     11     12     13     14     13
     11     12     13     14     13
     11     11     12     13     12

      7     10     10     10     10
     11     12     13     12     13
     11     10     12     11     11
     11     10     12     11     11
     12     10      8     13     12

      9     10     10     10      9
     11     13     13     13     10
     11      9     10     11      9
     11      9     10     11      9
      9     10     11      9     11

      8      9      9     11     10
      9     12     15     12      9
     11      9     11     11     11
     11      9     11     11     11
     10      9      9      9     10

      6      7      7      8      8
      9      8     11     11     11
      7      9      9      9      8
      7      9      9      9      8
      8      6      7      9     10

      7      5      5      6      7
      8      9      9      9      9
      7      5      8      9      6
      7      5      8      9      6
      6      5      7      8     10

      4      5      5      5      6
      6      4      7      8      7
      6      6      6      4      4
      6      6      6      4      4
      5      4      5      6      6

      2      1      1      3      4
      5      5      2      3      5
      4      5      5      4      4
      4      5      5      4      4
      4      3      3      4      4

      1      3      3      1      2
      2      2      4      4      3
      3      2      3      0      3
      3      2      3      0      3
      1      0      1      0      3

      0      1      1      3      2
      1      0      1      3      2
      2      0      1     -1      1
      2      0      1     -1      1
      1      0      0      1      3

      0     -1     -1      0      0
      0     -2      1      0      0
      0     -1      2      0      0
      0     -1      2      0      0
      0      0     -1      0      1

      0      0      0      0      1
      0     -1      0      0      0
      1      0      0      1      0
      1      0      0      1      0
      0     -2      0      0      2

      0      0      0      1      0
      1      1      2      2      1
      1      0      0      0      1
      1      0      0      0      1
     -2      0      0      1      0

      1     -1     -1      0      0
      0      0      0      0     -1
      0     -3     -1      0     -1
      0     -3     -1      0     -1
      0     -1      0     -1      1

      1     -2     -2      0      0
     -1      0      2     -1      0
      0      0      1      0      0
      0      0      1      0      0
      0      0     -1      0      2

      0      0      0      0      0
      0      0      1      0      1
      0     -1     -1     -1      0
      0     -1     -1     -1      0
      0      0     -2      1      2

      0      0      0      0      1
     -2      0      3      1      0
      0     -2      0      0      0
      0     -2      0      0      0
      0      0      0     -1      2

      0      0      0      1      0
     -1     -1      2      0      1
      1      0      0     -1      0
      1      0      0     -1      0
      0      0      0      0      1

      0      1      1      0      0
      1      1      0     -1     -1
      0      0      1      1      0
      0      0      1      1      0
      0      0      0      0      0

      0      0      0      0      0
      0     -1     -1      0     -1
      1      1      0     -1      0
      1      1      0     -1      0
      0      0      0      0      0

      0      1      1      0      1
      0      1     -1      0      0
     -2     -1      0     -1      0
     -2     -1      0     -1      0
      0      0      1      1      0

      0      1      1      1      0
     -1      1      0      0     -1
     -1      0      0      0      0
     -1      0      0      0      0
     -1      0      0      2     -1

      0      0      0     -1      3
      0      1      0     -1      0
      0     -1      0      0      0
      0     -1      0      0      0
      0      0      1      1     -1

      0      0      0      0      0
      0      2      1      0      0
      0      0      1      0     -1
      0      0      1      0     -1
      0      0      1      1      0

      0      0      0      0      0
     -2      0      0      0      0
      0      0      0      0      0
      0      0      0      0      0
      0      0      0     -1      0

      0      1      1      1      0
      0      0      1      0      0
      0      0      0     -2      0
      0      0      0     -2      0
      0      0      1      0      0

      0      1      1      0      0
     -1      0      0      0      0
      1     -2      0     -1     -1
      1     -2      0     -1     -1
      0      1      0      1      0

      1      0      0      1      0
      0      0      1      0      1
      0      0      1      0      0
      0      0      1      0      0
      0      0      2      0      0

      3      1      1      3      2
      0      3      2      2      1
      2      0      1      1      2
      2      0      1      1      2
      0      1      4      2      3

      4      5      5      5      4
      2      4      5      3      4
      4      3      5      2      3
      4      3      5      2      3
      4      3      4      5      3

      6      4      4      5      5
      6      5      8      6      5
      6      4      7      4      6
      6      4      7      4      6
      3      6      6      5      4

      2      3      3      2      5
      3      3      4      3      3
      4      3      2      1      3
      4      3      2      1      3
      4      2      4      4      3

      2      3      3      2      2
      1      2      2      1      1
      2      1      2      1      1
      2      1      2      1      1
      0      0      2      2      1

      2      2      2      2      2
      2      2      2      2      2
      1      1      2      0      2
      1      1      2      0      2
      2      2      2      2      1

      5      3      3      3      6
      6      5      8      6      6
      6      5      7      7      5
      6      5      7      7      5
      5      6      5      8      5

      7      7      7      7      9
      9     10      8      8      8
      9      8      8      9      9
      9      8      8      9      9
      7      9     11      8      7

      5      6      6      6      6
      9      9      9      8      7
      6      7      7      6      7
      6      7      7      6      7
      7      8      7      8      6

      5      4      4      4      6
      4      6      6      5      5
      3      3      7      6      5
      3      3      7      6      5
      6      5      6      5      4

      7      4      4      3      6
      4      7      5      6      5
      7      6      6      7      4
      7      6      6      7      4
      6      6      7      6      5

      6      6      6      7      7
      8     10      9      9      8
      6      8      9      8      9
      6      8      9      8      9
      8      7      9      9      8

      8      7      7      8      8
      9      9     10      8     10
      9      9      9      9      9
      9      9      9      9      9
      8      9      8     10      9

      8      9      9      7      9
     10     11     11      9     10
      8     10     11     10      9
      8     10     11     10      9
      9      9      9     11      9

      8      7      7      6      8
     10     11     10      9     10
      9      9     10      9     10
      9      9     10      9     10
     10      8     10     10     10

      6      7      7      8      8
     10      9     10      7      9
      6      9      8      9      9
      6      9      8      9      9
      9      8     10     10      9

      8      8      8      9      7
     11     11     10     10     11
      7      8     11     10      9
      7      8     11     10      9
      8      9     10      9      8

      7      9      9      7      9
      9     10     10     10     12
      9      8     10     11      9
      9      8     10     11      9
      8      9     10     11      8

      7      7      7      7      9
     11      9     10     12     10
      8      9      9     10     10
      8      9      9     10     10
      9      9      9     10      9

      6      7      7      7      8
      9      9      9      9     11
      7      9     10     10      9
      7      9     10     10      9
      8     10     11     11      8

      6      7      7      6      6
      7     10     10      9     10
      7      6      9      9      7
      7      6      9      9      7
      8      9      9      9     10

      5      7      7      6      8
      8     10      8      9      8
      6      9      9      8      9
      6      9      9      8      9
      9      7      9     10      8

      7      6      6      5      7
      7      9     10      8      9
      7      7      8      7      8
      7      7      8      7      8
      7      7      9      8      8

      5      7      7      6      8
      6      7     10      8     10
      5      9      8      8      9
      5      9      8      8      9
      7      8      8      8      8

      5      7      7      6      7
      7     11     10      8     10
      7      7      6      8      7
      7      7      6      8      7
      7      7      8     10      8

      4      6      6      7      6
      9      9     10     11      8
      7      8      9      9      9
      7      8      9      9      9
      8      9      9      9      8

      5      7      7      7      7
      9      9     11     11      9
      7      7     10     10      9
      7      7     10     10      9
      7      8      9      9      8

      7      7      7      6      9
      8      9      9      8      9
      7      8      9      7     10
      7      8      9      7     10
      7      7      9     10      8

      5      5      5      6      7
      8     10      9      7      8
      8      8      9      6      9
      8      8      9      6      9
      7      7      7      9      7

      6      5      5      6      7
      7      8      7      8      7
      8      6      7      7      9
      8      6      7      7      9
      6      6      8      9      7

      6      5      5      5      8
      8      7      9      5      8
      4      7      7      7     10
      4      7      7      7     10
      7      5      7      9      9

      3      5      5      5      8
      6      8      8      7      6
      4      7      7      8      6
      4      7      7      8      6
      6      7      7      8      5

      4      4      4      4      8
      7      7      8      7      7
      5      5      8      6      7
      5      5      8      6      7
      6      5      8      8      6

      2      4      4      5      5
      6      7      6      6      6
      3      4      7      7      5
      3      4      7      7      5
      5      6      7      8      6

      3      2      2      4      6
      6      5      7      4      5
      4      4      7      5      4
      4      4      7      5      4
      6      5      7      7      6

      3      2      2      4      5
      5      6      8      5      5
      5      3      5      6      4
      5      3      5      6      4
      3      5      4      5      6

      6      3      3      4      5
      7      6      7      6      3
      4      3      8      5      4
      4      3      8      5      4
      3      4      6      5      5

      3      4      4      3      3
      4      4      8      4      4
      3      4      5      6      6
      3      4      5      6      6
      5      6      5      7      4

      3      5      5      2      2
      2      7      5      0      4
      4      3      4      6      4
      4      3      4      6      4
      2      4      5      4      3

      1      2      2      5      3
      5      7      3      4      1
      4      3      4      4      4
      4      3      4      4      4
      2      2      4      4      2

      2      1      1      0      3
      2      2      4      1      2
      3      0      3      3      2
      3      0      3      3      2
      2      1      2      4      3

      0      2      2      2      1
      2      4      3      4      3
      1      1      4      3      0
      1      1      4      3      0
      4      2      1      2      2

      0      2      2      2      3
      1      1      2      3      1
      3      0      1      2      3
      3      0      1      2      3
      2      0      0      4      2

      2      0      0      4      2
      2      3      4      4      2
      1      2      3      3      4
      1      2      3      3      4
      1      3      2      2      2

      0      0      0      2      3
      1      1      3      0      2
      3      2      1      1      1
      3      2      1      1      1
      2      1      1      2      4

      0     -3     -3      3      2
      0      1      3      1      2
      2     -1      0      1     -1
      2     -1      0      1     -1
      1      0      1      0      1

      2      1      1      2      0
      2      3      2      2     -1
      4      1      2      3      2
      4      1      2      3      2
      1      0      2      4      1

      2      1      1      2      0
      0     -1      2      6     -1
      2     -3      0      2      2
      2     -3      0      2      2
     -2      0      5      2      3

      1      0      0      0      0
      2      0      0      2     -1
      2     -3      0      1      0
      2     -3      0      1      0
      3     -1      1      1      1

     -2      1      1      0      0
      0      1     -1      2      1
      1     -1      2      2      0
      1     -1      2      2      0
      0      1      3      0      1

      0      1      1      2      1
     -1      1     -3      1      0
      0     -1      0      0      0
      0     -1      0      0      0
     -2      0     -3      1      1

      0      0      0      0      0
     -1      1      0     -2      0
      3     -1      0      0     -1
      3     -1      0      0     -1
      2     -1     -2     -1      0

      1     -2     -2     -2     -1
      2      2     -2      0     -3
      0     -2      0      0     -3
      0     -2      0      0     -3
      2     -3      0      0      0

      2      4      4      0      0
      0      0      3      0      0
      0     -2      1      0     -1
      0     -2      1      0     -1
      0      1     -1     -2      2

