;
; ENVI ASCII Output of file: E:\Imaging\ROI_AVIRIS\5_3_19.img [Fri Nov 17 12:05:50 2017]
; File Dimensions: 5 samples x 5 lines x 224 bands
; Line Format    : (5i7)
;
    486    480    487    484    484
    489    464    480    479    481
    489    464    480    479    481
    489    480    480    496    501
    489    480    470    490    483

    548    554    589    571    571
    574    569    555    553    575
    574    569    555    553    575
    568    555    557    569    543
    568    555    569    573    559

    623    606    621    610    610
    611    616    637    606    632
    611    616    637    606    632
    619    601    605    603    614
    619    601    601    608    611

    771    775    779    781    781
    777    767    790    792    797
    777    767    790    792    797
    784    773    790    774    777
    784    773    784    796    789

   1152   1148   1162   1165   1165
   1148   1141   1150   1161   1152
   1148   1141   1150   1161   1152
   1161   1161   1146   1140   1135
   1161   1161   1154   1174   1168

   1218   1220   1231   1231   1231
   1219   1212   1223   1225   1227
   1219   1212   1223   1225   1227
   1223   1220   1216   1213   1208
   1223   1220   1207   1229   1238

   1158   1162   1162   1176   1176
   1151   1154   1154   1166   1160
   1151   1154   1154   1166   1160
   1158   1154   1160   1157   1140
   1158   1154   1152   1164   1167

   1066   1075   1081   1080   1080
   1071   1064   1070   1074   1083
   1071   1064   1070   1074   1083
   1068   1078   1072   1060   1068
   1068   1078   1078   1079   1083

   1167   1170   1182   1169   1169
   1162   1159   1162   1174   1175
   1162   1159   1162   1174   1175
   1169   1172   1159   1159   1155
   1169   1172   1163   1178   1187

   1194   1201   1210   1203   1203
   1189   1175   1199   1202   1209
   1189   1175   1199   1202   1209
   1197   1204   1195   1190   1188
   1197   1204   1200   1206   1218

   1164   1162   1179   1173   1173
   1164   1154   1159   1173   1172
   1164   1154   1159   1173   1172
   1166   1169   1174   1157   1150
   1166   1169   1168   1180   1183

   1100   1097   1107   1102   1102
   1091   1085   1093   1105   1108
   1091   1085   1093   1105   1108
   1104   1107   1101   1103   1087
   1104   1107   1099   1106   1119

   1043   1038   1053   1052   1052
   1033   1032   1042   1048   1066
   1033   1032   1042   1048   1066
   1049   1048   1043   1037   1030
   1049   1048   1036   1050   1060

    948    945    953    949    949
    937    936    950    950    957
    937    936    950    950    957
    956    951    948    953    934
    956    951    946    953    968

    874    868    878    880    880
    859    853    867    880    882
    859    853    867    880    882
    876    876    876    867    857
    876    876    875    875    885

    782    785    790    784    784
    773    774    777    787    792
    773    774    777    787    792
    782    792    783    782    779
    782    792    787    790    800

    695    698    701    700    700
    690    692    695    705    708
    690    692    695    705    708
    701    700    700    695    693
    701    700    703    706    710

    664    665    669    671    671
    658    659    664    673    675
    658    659    664    673    675
    669    671    669    665    662
    669    671    673    676    681

    631    631    636    641    641
    625    625    633    639    641
    625    625    633    639    641
    635    641    636    634    631
    635    641    643    645    651

    589    597    598    597    597
    589    585    596    604    604
    589    585    596    604    604
    596    603    602    593    594
    596    603    604    606    610

    551    550    555    550    550
    545    540    547    556    555
    545    540    547    556    555
    548    557    551    552    546
    548    557    557    558    560

    506    502    512    509    509
    499    500    503    510    509
    499    500    503    510    509
    508    515    517    508    506
    508    515    514    514    521

    476    476    476    477    477
    471    467    473    482    481
    471    467    473    482    481
    479    483    479    473    477
    479    483    484    482    486

    424    424    429    425    425
    418    418    425    429    425
    418    418    425    429    425
    424    426    429    428    427
    424    426    434    436    435

    399    395    400    399    399
    390    392    397    400    402
    390    392    397    400    402
    399    405    403    405    402
    399    405    409    405    409

    384    386    389    386    386
    381    378    385    388    394
    381    378    385    388    394
    387    388    396    390    390
    387    388    395    396    397

    359    356    364    361    361
    351    358    362    367    365
    351    358    362    367    365
    366    365    367    363    364
    366    365    372    372    372

    330    335    333    335    335
    329    327    336    341    338
    329    327    336    341    338
    338    339    340    340    340
    338    339    341    340    344

    321    318    327    323    323
    315    319    318    321    324
    315    319    318    321    324
    325    327    329    327    325
    325    327    326    331    331

    298    296    300    298    298
    292    291    293    301    303
    292    291    293    301    303
    305    300    305    302    303
    305    300    307    307    307

    285    280    285    284    284
    278    282    285    286    291
    278    282    285    286    291
    289    284    292    289    291
    289    284    295    293    289

    276    277    283    281    281
    274    276    277    280    285
    274    276    277    280    285
    279    279    283    284    287
    279    279    290    288    292

    280    275    275    279    279
    272    272    276    280    280
    272    272    276    280    280
    277    276    280    284    285
    277    276    283    285    291

    277    277    282    281    281
    273    277    277    279    285
    273    277    277    279    285
    279    281    283    284    286
    279    281    291    287    292

    267    257    263    260    260
    254    256    258    259    265
    254    256    258    259    265
    266    265    270    269    268
    266    265    269    271    272

    233    229    232    232    232
    223    228    229    226    234
    223    228    229    226    234
    233    236    237    238    234
    233    236    242    239    244

    208    201    203    203    203
    198    202    204    202    206
    198    202    204    202    206
    203    205    208    209    207
    203    205    216    212    215

    203    196    196    201    201
    191    198    196    194    199
    191    198    196    194    199
    201    204    204    204    198
    201    204    206    205    210

    182    181    182    181    181
    172    182    177    180    183
    172    182    177    180    183
    185    186    186    182    184
    185    186    194    188    187

    143    137    140    140    140
    130    141    138    137    141
    130    141    138    137    141
    141    145    144    142    140
    141    145    147    144    144

    155    149    150    150    150
    138    149    150    145    152
    138    149    150    145    152
    152    156    153    153    149
    152    156    161    153    159

    169    163    165    167    167
    153    163    162    159    168
    153    163    162    159    168
    167    174    171    168    167
    167    174    176    171    172

    172    164    168    171    171
    153    166    162    160    169
    153    166    162    160    169
    171    177    171    168    165
    171    177    180    171    173

    104    101    100    100    100
     92    103    100     96    101
     92    103    100     96    101
     99    107    104    102    100
     99    107    110    104    108

    139    128    131    131    131
    123    132    129    125    133
    123    132    129    125    133
    133    140    134    134    130
    133    140    146    138    138

    142    138    140    140    140
    125    141    137    131    144
    125    141    137    131    144
    142    148    144    143    138
    142    148    156    145    145

    131    127    128    129    129
    115    129    124    118    127
    115    129    124    118    127
    130    135    130    126    126
    130    135    142    130    133

    122    118    120    120    120
    105    120    114    111    120
    105    120    114    111    120
    123    129    121    119    116
    123    129    133    123    127

    113    107    108    112    112
     96    109    107    101    107
     96    109    107    101    107
    112    116    110    107    107
    112    116    121    111    111

     91     85     84     85     85
     77     88     84     79     88
     77     88     84     79     88
     85     93     89     84     84
     85     93     98     88     90

     90     85     86     89     89
     76     90     85     80     89
     76     90     85     80     89
     89     95     90     86     85
     89     95     99     90     90

     96     93     91     94     94
     81     94     89     86     95
     81     94     89     86     95
     95    103     94     91     89
     95    103    107     93     96

    105     97     99    101    101
     86     98     96     90     99
     86     98     96     90     99
    100    109    102     98     96
    100    109    113    102    104

     99     94     92     95     95
     80     95     90     86     95
     80     95     90     86     95
     96    104     96     94     91
     96    104    107     95     97

     98     90     90     93     93
     76     93     87     82     92
     76     93     87     82     92
     95    102     97     92     88
     95    102    107     94     97

     91     85     88     87     87
     74     86     84     76     86
     74     86     84     76     86
     86     97     89     84     85
     86     97    101     86     89

     87     80     81     83     83
     69     83     77     74     83
     69     83     77     74     83
     83     93     84     79     79
     83     93     95     82     84

     68     63     63     63     63
     53     65     60     54     63
     53     65     60     54     63
     66     71     63     62     61
     66     71     73     62     65

     59     53     52     53     53
     46     54     52     47     54
     46     54     52     47     54
     51     62     56     50     51
     51     62     64     54     55

     55     47     48     48     48
     39     49     47     42     47
     39     49     47     42     47
     47     55     50     46     46
     47     55     55     47     49

     46     42     41     44     44
     34     42     40     36     43
     34     42     40     36     43
     41     49     44     43     40
     41     49     50     42     44

     30     28     26     26     26
     23     31     28     26     29
     23     31     28     26     29
     27     32     31     24     29
     27     32     29     27     29

     20     15     16     16     16
     14     19     17     16     17
     14     19     17     16     17
     17     20     18     15     16
     17     20     18     17     18

     24     22     21     22     22
     17     22     21     19     23
     17     22     21     19     23
     20     27     23     21     19
     20     27     25     21     22

     42     37     35     35     35
     29     38     36     33     38
     29     38     36     33     38
     37     46     40     34     35
     37     46     43     36     39

     50     43     40     42     42
     35     44     41     37     45
     35     44     41     37     45
     43     52     46     43     40
     43     52     51     41     46

     57     50     50     52     52
     40     53     48     45     52
     40     53     48     45     52
     52     62     56     50     49
     52     62     62     51     55

     62     55     53     55     55
     44     57     51     46     56
     44     57     51     46     56
     55     66     57     53     52
     55     66     66     55     58

     61     52     52     52     52
     41     55     49     44     55
     41     55     49     44     55
     54     65     54     52     50
     54     65     64     54     58

     58     53     52     54     54
     41     55     50     45     53
     41     55     50     45     53
     52     65     56     50     49
     52     65     63     51     56

     60     52     51     53     53
     39     56     50     43     52
     39     56     50     43     52
     52     65     53     51     48
     52     65     63     51     55

     56     49     47     48     48
     38     51     45     40     49
     38     51     45     40     49
     48     62     51     47     46
     48     62     60     47     51

     54     47     48     48     48
     36     51     45     39     50
     36     51     45     39     50
     48     62     51     47     44
     48     62     58     46     51

     49     45     43     44     44
     33     48     41     36     46
     33     48     41     36     46
     45     58     47     45     41
     45     58     56     44     48

     51     44     42     43     43
     32     46     42     35     44
     32     46     42     35     44
     44     56     47     43     41
     44     56     55     42     48

     45     41     39     39     39
     30     43     38     32     41
     30     43     38     32     41
     40     51     44     38     36
     40     51     50     40     43

     42     37     35     35     35
     27     39     35     29     37
     27     39     35     29     37
     37     47     40     35     34
     37     47     46     36     40

     39     32     32     32     32
     24     36     31     27     33
     24     36     31     27     33
     34     43     36     33     32
     34     43     42     33     37

     29     24     25     24     24
     19     27     25     20     27
     19     27     25     20     27
     26     34     28     24     23
     26     34     31     25     28

     17     15     14     15     15
     10     16     15     13     16
     10     16     15     13     16
     16     19     16     14     14
     16     19     18     15     19

      8      5      4      5      5
      3      6      5      4      9
      3      6      5      4      9
      5      8      6      5      5
      5      8      7      4      6

      5      3      4      4      4
      2      4      5      3      6
      2      4      5      3      6
      5      6      5      3      4
      5      6      5      3      4

      7      5      5      6      6
      5      6      6      4      8
      5      6      6      4      8
      6      9      7      4      5
      6      9      8      6      8

      7      6      5      6      6
      4      6      7      4      6
      4      6      7      4      6
      6      9      7      5      5
      6      9      8      6      7

     11      9      7     10     10
      6      9      9      8     10
      6      9      9      8     10
      9     13     10      9      8
      9     13     11      9     11

     19     16     14     15     15
     12     18     15     13     18
     12     18     15     13     18
     17     23     18     15     14
     17     23     20     15     19

     23     19     18     19     19
     14     21     19     15     22
     14     21     19     15     22
     21     28     22     19     17
     21     28     24     19     21

     22     17     16     18     18
     13     18     18     14     19
     13     18     18     14     19
     19     26     19     16     16
     19     26     23     17     21

     23     20     17     20     20
     13     20     18     14     19
     13     20     18     14     19
     18     27     21     18     17
     18     27     23     18     21

     21     15     15     17     17
     11     17     16     12     17
     11     17     16     12     17
     15     24     19     15     14
     15     24     22     16     20

     23     18     17     19     19
     12     20     17     14     20
     12     20     17     14     20
     20     26     21     18     16
     20     26     25     17     24

     24     20     18     20     20
     13     22     19     14     21
     13     22     19     14     21
     19     29     21     19     17
     19     29     26     19     22

     26     21     20     22     22
     15     25     21     16     23
     15     25     21     16     23
     21     32     24     20     19
     21     32     29     21     25

     26     21     20     23     23
     13     24     22     15     22
     13     24     22     15     22
     22     32     23     19     17
     22     32     28     21     24

     25     20     19     20     20
     14     22     18     15     22
     14     22     18     15     22
     19     28     22     18     17
     19     28     26     20     23

     22     18     17     18     18
     12     20     18     13     21
     12     20     18     13     21
     18     29     20     17     16
     18     29     24     17     21

     25     20     19     20     20
     13     22     18     15     22
     13     22     18     15     22
     19     28     22     18     17
     19     28     26     20     23

     19     21     17     16     16
     17     12     18     14     18
     17     12     18     14     18
     18     20     20     19     20
     18     20     24     19     24

     16     19     19     20     20
     19     20     19     22     20
     19     20     19     22     20
     18     20     25     22     20
     18     20     23     20     20

     21     21     16     17     17
     18     16     15     17     18
     18     16     15     17     18
     25     19     17     20     17
     25     19     21     18     20

     16     19     17     18     18
     16     17     15     14     20
     16     17     15     14     20
     17     17     19     20     20
     17     17     20     20     19

     16     16     13     14     14
     13     15     11     15     17
     13     15     11     15     17
     15     16     16     18     16
     15     16     17     18     19

     12      9     12     10     10
     11     10     11     12     12
     11     10     11     12     12
     14     11     14     11     13
     14     11     15     15     12

     23      1      0     30     30
     11     -6     -3      7     19
     11     -6     -3      7     19
     20     -3    -11     -9     -2
     20     -3     24     -3     -1

      5      7      5      5      5
      4      4      6      6      5
      4      4      6      6      5
      7      6      7      7      7
      7      6      6      3      8

      4      4      4      3      3
      4      6      4      4      3
      4      6      4      4      3
      5      5      5      2      3
      5      5      5      4      4

      0      2      0      0      0
      1      0      0      0      0
      1      0      0      0      0
      1      1      3      0      0
      1      1      0      1      2

      0      0      1      0      0
      0     -1      0      0      0
      0     -1      0      0      0
      1      0      1     -1     -2
      1      0      0      0      0

      0      0      0      1      1
     -1      0      0     -3     -1
     -1      0      0     -3     -1
      1      3      0     -3     -1
      1      3      1      1      0

      1      1      0      0      0
      0      0      0      0      0
      0      0      0      0      0
      1      1      0      0      0
      1      1      2      0      0

      1      4      0      0      0
      2      4      0      4      3
      2      4      0      4      3
      6      4      9      0      4
      6      4      6      4      2

      1      1      0      0      0
      1     -1      1      0      0
      1     -1      1      0      0
      1      4      3     -2     -1
      1      4      1      1      0

      0      0      0      3      3
      0     -1      2      0      0
      0     -1      2      0      0
      2      0     -1      0     -2
      2      0      1      0      3

      0      2      1      0      0
      0      1      0      0      4
      0      1      0      0      4
      0      1      1     -2      1
      0      1      1      2      0

      2      0      1      1      1
      1      2      1      0      2
      1      2      1      0      2
      4      1      2      2     -1
      4      1      2      0      2

      1      1      4      0      0
      3      1      2      0      2
      3      1      2      0      2
      6      2      1      1      2
      6      2      2      3      3

      3      3      4      3      3
      4      1      6      3      1
      4      1      6      3      1
      4      5      3      4      0
      4      5      3      4      3

      3      3      3      4      4
      3      4      5      3      4
      3      4      5      3      4
      7      2      3      5      4
      7      2      7      6      5

      4      2      2      2      2
      1      0      5      2      3
      1      0      5      2      3
      2      2      3      4      1
      2      2      4      4      3

      6      6      4      4      4
      5      5      4      2      5
      5      5      4      2      5
      5      4      5      1      3
      5      4      7      8      7

      7      9      7      7      7
      5      8      7      8      9
      5      8      7      8      9
     10      9     10      9      6
     10      9     11      9     11

     10     12     10     12     12
      9     11      9     10     10
      9     11      9     10     10
     12     11     13     14     11
     12     11     16     12     14

     15     15     17     14     14
     16     13     12     13     15
     16     13     12     13     15
     16     15     15     16     12
     16     15     16     16     15

     18     16     14     16     16
     14     15     14     14     16
     14     15     14     14     16
     16     16     18     16     15
     16     16     18     17     17

     15     15     17     17     17
     16     15     15     15     16
     16     15     15     15     16
     16     17     17     18     18
     16     17     19     16     19

     19     18     20     18     18
     17     17     14     15     15
     17     17     14     15     15
     20     15     22     18     17
     20     15     20     18     16

     17     18     19     16     16
     16     16     17     15     17
     16     16     17     15     17
     17     18     18     17     18
     17     18     22     20     19

     17     17     16     15     15
     14     15     17     15     15
     14     15     17     15     15
     17     19     20     19     18
     17     19     20     15     19

     14     16     15     15     15
     14     16     13     16     13
     14     16     13     16     13
     16     15     18     15     16
     16     15     18     17     18

     16     15     16     16     16
     14     14     12     13     14
     14     14     12     13     14
     15     16     17     17     17
     15     16     18     15     17

     15     17     16     14     14
     15     15     15     15     15
     15     15     15     15     15
     16     15     18     18     18
     16     15     17     19     18

     15     15     14     14     14
     12     16     13     13     14
     12     16     13     13     14
     17     14     16     14     16
     17     14     19     16     15

     15     14     14     14     14
     13     11     12     14     12
     13     11     12     14     12
     15     15     16     15     15
     15     15     15     15     15

     16     15     14     13     13
     13     14     14     14     15
     13     14     14     14     15
     16     15     15     15     17
     16     15     18     16     16

     14     14     15     14     14
     12     12     13     14     14
     12     12     13     14     14
     14     14     15     15     15
     14     14     16     16     17

     13     14     12     13     13
     13     14     11     13     12
     13     14     11     13     12
     14     13     16     14     14
     14     13     15     14     14

     14     13     12     12     12
     13     12     11     12     12
     13     12     11     12     12
     13     14     15     14     13
     13     14     15     18     15

     11     11     12     12     12
     12     13     12     11     12
     12     13     12     11     12
     14     15     14     14     14
     14     15     16     12     15

     14     12     13     10     10
     10     11     12     13     12
     10     11     12     13     12
     13     13     14     13     12
     13     13     16     14     13

     11     14     11     12     12
     10     12     10     13     10
     10     12     10     13     10
     13     14     16     11     13
     13     14     15     13     13

     11     13     11     12     12
     10     10      9     12     11
     10     10      9     12     11
     10     13     12     12     14
     10     13     15     12     13

      9     12     11     12     12
     10     11     10     10     12
     10     11     10     10     12
     12     12     14     13     12
     12     12     13     12     13

      9     10     10     10     10
      9      8     10     11     10
      9      8     10     11     10
      9     10     11     10     12
      9     10     11     11     10

     10      8     10      8      8
      7      9      9      8     10
      7      9      9      8     10
     11     10     11      8     10
     11     10     12      9     10

      8      9      9      7      7
      8      7      8      7      9
      8      7      8      7      9
      6      9     10      7      9
      6      9     10      7     11

      7      7      7      6      6
      6      6      5      7      6
      6      6      5      7      6
      7      8     11      9     10
      7      8      9      7      8

      8      6      9      5      5
      5      6      6      5      8
      5      6      6      5      8
      7      7      8      7      8
      7      7      8      6      8

      7      8      5      7      7
      6      7      6      5      6
      6      7      6      5      6
      6      5      8      6      7
      6      5      8      7      9

      6      5      5      4      4
      3      4      1      4      6
      3      4      1      4      6
      5      5      4      6      6
      5      5      6      6      5

      5      3      3      5      5
      3      3      4      2      3
      3      3      4      2      3
      4      4      5      3      4
      4      4      4      4      4

      2      3      2      3      3
      3      3      1      1      3
      3      3      1      1      3
      1      1      3      2      3
      1      1      3      3      3

      1      0      0      1      1
      1      2      1      0      0
      1      2      1      0      0
      1      2      1      0      0
      1      2      5      0      1

      1      0      0      0      0
      2      0      0      0     -1
      2      0      0      0     -1
      0      2      1      0     -1
      0      2      0      0      0

      0      0      0     -1     -1
      1      0      0      0     -1
      1      0      0      0     -1
      1      0     -1      0     -1
      1      0      0      0     -1

      0      0      1      0      0
      2      1      0      0      1
      2      1      0      0      1
      0      1      0      0      0
      0      1      1      1      1

      0      0      1      0      0
      0     -1      0      1     -2
      0     -1      0      1     -2
     -1      0      0     -1     -2
     -1      0      0      0     -1

      1      2      0      0      0
      1      2      0     -1      0
      1      2      0     -1      0
      1      0      0      0      1
      1      0      0      0     -1

      0      1      1      0      0
     -2      0     -3      0      0
     -2      0     -3      0      0
      1      1      0      0      0
      1      1      2      1      1

      0      0      1      0      0
      2      1     -2      2      0
      2      1     -2      2      0
      2     -1      1      0     -1
      2     -1      0      1      0

      0      0      0      0      0
      0      0      0      0      1
      0      0      0      0      1
      1      0      0      0      0
      1      0      0      1      1

      0      0      0      0      0
      0      0      0     -1      2
      0      0      0     -1      2
      0      1      1      0      1
      0      1      1      0      0

     -1      1      1      0      0
      0      1      0     -1      0
      0      1      0     -1      0
      0      0      0      0      0
      0      0      0      0      2

      0      2      1      1      1
     -1      1      0      0      0
     -1      1      0      0      0
     -1      1      1     -1      0
     -1      1      0      0      0

      0      0      0      0      0
      1     -1      0      0      0
      1     -1      0      0      0
     -1      1      2      0      0
     -1      1      0      0      0

      0      0      1      0      0
      1      0     -1     -1      1
      1      0     -1     -1      1
      0     -1      0      0      0
      0     -1      1      0      1

      0      0      1      0      0
      0      1      0     -1      1
      0      1      0     -1      1
     -1      0      1      1      0
     -1      0      0      0      0

     -1      0     -1      0      0
     -1      1      0      0      0
     -1      1      0      0      0
      0      0      1      0      1
      0      0      0      0      2

     -1      0      0      0      0
      0      2      0     -2      0
      0      2      0     -2      0
      0     -1      0      0      1
      0     -1      0      0      1

      0      0      0      0      0
      0      0      0     -1      2
      0      0      0     -1      2
      0      0      0     -1      1
      0      0      0      0      2

      0      1      0      0      0
      0      0     -1      0      2
      0      0     -1      0      2
      0      0      0      0      0
      0      0      0      0      0

      0      2      2      1      1
      3      1      1      0      3
      3      1      1      0      3
      0      2      2      2      1
      0      2      2      1      2

      3      3      3      2      2
      2      3      3      4      3
      2      3      3      4      3
      4      4      4      5      2
      4      4      3      3      6

      2      4      4      4      4
      4      5      5      3      6
      4      5      5      3      6
      5      5      5      4      6
      5      5      6      5      6

      2      1      5      2      2
      2      3      2      2      4
      2      3      2      2      4
      3      3      3      4      4
      3      3      4      4      5

      0      1      1      0      0
      0      2      2      1      0
      0      2      2      1      0
      1      1      1      2      1
      1      1      2      2      3

      1      2      2      0      0
      2      1      1      2      2
      2      1      1      2      2
      1      2      3      1      1
      1      2      4      2      2

      3      5      5      5      5
      3      5      4      5      3
      3      5      4      5      3
      4      5      7      6      7
      4      5      6      6      8

      6      6      7      6      6
      7      8      6      6      8
      7      8      6      6      8
      7      6      6      8      9
      7      6      9      8      9

      5      6      5      7      7
      5      7      5      4      6
      5      7      5      4      6
      6      8      8      7      6
      6      8      6      8      8

      4      5      4      4      4
      2      5      3      5      4
      2      5      3      5      4
      3      4      5      5      5
      3      4      6      6      6

      4      5      4      3      3
      3      4      3      4      4
      3      4      3      4      4
      4      4      6      5      5
      4      4      5      5      7

      5      5      6      6      6
      6      7      6      7      6
      6      7      6      7      6
      6      6      7      5      7
      6      6      6      7      8

      6      6      7      7      7
      6      8      7      5      8
      6      8      7      5      8
      6      7      8      7      8
      6      7      9      8     11

      6      8      6      6      6
      6      7      8      8      8
      6      7      8      8      8
      7      7      8      8      8
      7      7      8     10     10

      6      6      7      7      7
      7      8      7      7      9
      7      8      7      7      9
      7      7      8      9      9
      7      7      9      9     10

      6      7      7      6      6
      7      7      8      7      8
      7      7      8      7      8
      7      6      8     10     10
      7      6      7      8     10

      5      6      8      6      6
      6      7      8      7      9
      6      7      8      7      9
      6      9      7      9      8
      6      9      9      9     10

      6      6      7      5      5
      7      8      6      6      8
      7      8      6      6      8
      7      8      9      8      8
      7      8      9     10     10

      8      6      7      5      5
      5      6      6      6      7
      5      6      6      6      7
      6      6      8      8      9
      6      6      7      8      9

      6      5      6      5      5
      4      5      7      7      8
      4      5      7      7      8
      5      6      8      8      7
      5      6      7      7      8

      5      6      6      6      6
      3      6      7      7      8
      3      6      7      7      8
      7      5      6      4      6
      7      5      7      9      9

      6      5      7      4      4
      6      5      7      8      8
      6      5      7      8      8
      7      7      8      7      6
      7      7      7      8      8

      5      6      6      5      5
      5      5      5      5      6
      5      5      5      5      6
      6      5      6      7      7
      6      5      5      6      9

      3      4      5      5      5
      5      5      3      4      5
      5      5      3      4      5
      5      7      5      6      7
      5      7      6      6      9

      5      6      6      5      5
      4      4      6      5      5
      4      4      6      5      5
      6      5      8      6      6
      6      5      5      6      9

      4      6      6      7      7
      6      5      6      5      8
      6      5      6      5      8
      5      6      9      6      7
      5      6      8      5      8

      4      5      6      4      4
      5      6      4      8      9
      5      6      4      8      9
      7      5      6      7      8
      7      5      8      8     10

      5      5      6      7      7
      4      4      5      5      7
      4      4      5      5      7
      5      5      5      6      7
      5      5      5      5      8

      3      4      7      4      4
      3      7      4      5      5
      3      7      4      5      5
      4      6      6      5      7
      4      6      6      6      8

      4      3      6      5      5
      3      4      5      5      7
      3      4      5      5      7
      5      4      5      5      5
      5      4      6      5      7

      3      5      6      3      3
      4      5      4      2      5
      4      5      4      2      5
      3      5      7      6      4
      3      5      6      8      6

      3      5      4      2      2
      4      5      4      4      4
      4      5      4      4      4
      5      4      5      5      7
      5      4      6      3      8

      5      4      5      3      3
      3      6      3      3      3
      3      6      3      3      3
      3      3      4      5      4
      3      3      3      2      7

      2      1      2      2      2
      4      4      2      3      4
      4      4      2      3      4
      5      2      4      3      4
      5      2      4      3      5

      3      3      3      3      3
      5      5      3      5      3
      5      5      3      5      3
      4      2      2      4      5
      4      2      5      4      3

      1      3      3      2      2
      4      2      2      3      4
      4      2      2      3      4
      3      4      3      3      5
      3      4      3      3      4

      1      5      4      2      2
      2      1      2      3      4
      2      1      2      3      4
      1      3      4      3      5
      1      3      3      4      5

      4      3      3      2      2
      3      4      2      2      4
      3      4      2      2      4
      3      2      4      2      3
      3      2      2      7      5

      3      2      3      0      0
      2      2      3      2      1
      2      2      3      2      1
      2      3      2      4      0
      2      3      3      1      4

      3      2      5      5      5
      0      2      3      4      3
      0      2      3      4      3
      1      2      3      0      2
      1      2      3      2      5

      0      3      4      4      4
      2      4      2      2      2
      2      4      2      2      2
      3      1      3      3      1
      3      1      2      2      3

      1      3      1      2      2
      0      0      2      1      2
      0      0      2      1      2
      0      2      0      3      2
      0      2      3      1      2

      1      2      3      2      2
      0      2      1      1      4
      0      2      1      1      4
      2      1      3      0      3
      2      1      2      1      3

      1      1      1      4      4
      3      3      0      0      3
      3      3      0      0      3
      0      0      2      1      2
      0      0      0      2      4

      1      1      0      0      0
      1      4      0      3      2
      1      4      0      3      2
     -1      1      0      0      0
     -1      1      0      3      4

      0     -1      1      1      1
      0      1      0      2      0
      0      1      0      2      0
      1      1      0      1      1
      1      1      0      1      2

      1      2      3      1      1
      0      2      1      0      1
      0      2      1      0      1
      1      0      0      1      0
      1      0      0     -1      2

     -3      0      0      0      0
     -2      0      1      0      4
     -2      0      1      0      4
      3      2      2     -1      0
      3      2      0      0      3

      0      2     -1     -1     -1
     -1      0      0      2      0
     -1      0      0      2      0
      2      3      2      3      0
      2      3     -1      0      1

     -1     -1      1      0      0
     -3      0      0      1      3
     -3      0      0      1      3
      2      0      1     -1     -1
      2      0      0      1      4

      0      0      2     -1     -1
     -2      2      1      0      2
     -2      2      1      0      2
      1      1      0      1      0
      1      1     -1      0      3

     -1      0      0     -1     -1
     -1      0      0      0      1
     -1      0      0      0      1
      0     -1      0     -2     -2
      0     -1      0     -3      3

     -2      1      1      0      0
     -4      1      1     -1      1
     -4      1      1     -1      1
      3      0      0      3      0
      3      0      0      1      0

      0      0      0      0      0
      0      4      0      0      1
      0      4      0      0      1
      0      1     -2     -1      1
      0      1      0     -1      0

