;
; ENVI ASCII Output of file: E:\Imaging\ROI_AVIRIS\5_3_17.img [Fri Nov 17 12:05:34 2017]
; File Dimensions: 5 samples x 5 lines x 224 bands
; Line Format    : (5i7)
;
    498    498    507    494    504
    501    485    488    502    490
    501    485    488    497    513
    473    473    504    497    513
    490    490    506    500    507

    593    578    576    585    587
    578    589    575    570    582
    578    589    575    573    594
    585    585    597    573    594
    592    592    600    590    607

    628    616    609    620    624
    615    606    612    620    625
    615    606    612    620    628
    612    612    625    620    628
    630    630    629    625    615

    769    772    768    771    787
    767    771    768    778    763
    767    771    768    784    786
    776    776    782    784    786
    784    784    795    793    786

   1117   1135   1142   1127   1132
   1145   1134   1135   1134   1129
   1145   1134   1135   1144   1147
   1142   1142   1141   1144   1147
   1150   1150   1154   1160   1166

   1183   1189   1191   1187   1183
   1192   1196   1205   1189   1188
   1192   1196   1205   1216   1192
   1197   1197   1204   1216   1192
   1215   1215   1208   1223   1229

   1123   1130   1130   1119   1120
   1143   1130   1124   1121   1118
   1143   1130   1124   1137   1137
   1120   1120   1141   1137   1137
   1145   1145   1155   1163   1157

   1034   1043   1043   1045   1043
   1047   1045   1042   1044   1042
   1047   1045   1042   1057   1048
   1048   1048   1066   1057   1048
   1062   1062   1065   1070   1073

   1129   1137   1137   1136   1128
   1136   1142   1140   1134   1135
   1136   1142   1140   1139   1143
   1141   1141   1155   1139   1143
   1150   1150   1158   1164   1159

   1163   1170   1164   1166   1157
   1171   1174   1162   1161   1163
   1171   1174   1162   1170   1167
   1176   1176   1179   1170   1167
   1181   1181   1183   1190   1198

   1117   1128   1133   1124   1127
   1136   1135   1129   1126   1125
   1136   1135   1129   1148   1139
   1137   1137   1146   1148   1139
   1138   1138   1157   1162   1157

   1066   1067   1060   1067   1061
   1065   1062   1072   1060   1069
   1065   1062   1072   1083   1071
   1070   1070   1082   1083   1071
   1079   1079   1079   1086   1092

   1005   1012   1012   1009   1003
   1015   1011   1003   1006   1013
   1015   1011   1003   1021   1024
   1012   1012   1026   1021   1024
   1021   1021   1026   1030   1036

    916    921    915    915    916
    920    919    918    916    924
    920    919    918    932    924
    928    928    929    932    924
    934    934    936    941    947

    845    847    840    842    842
    838    830    841    840    840
    838    830    841    847    847
    845    845    853    847    847
    856    856    856    855    855

    757    754    755    749    753
    755    757    745    746    749
    755    757    745    754    757
    759    759    758    754    757
    767    767    764    768    773

    672    678    672    666    669
    674    668    665    668    674
    674    668    665    675    675
    672    672    677    675    675
    682    682    682    686    682

    641    645    640    637    642
    640    635    634    636    641
    640    635    634    640    644
    639    639    645    640    644
    647    647    653    651    652

    610    611    608    607    614
    605    601    602    604    607
    605    601    602    603    613
    606    606    611    603    613
    611    611    623    615    620

    576    573    570    563    572
    569    567    566    567    572
    569    567    566    569    572
    566    566    570    569    572
    572    572    578    581    579

    532    526    528    525    526
    521    522    520    512    522
    521    522    520    521    523
    523    523    526    521    523
    522    522    530    534    532

    488    483    484    487    490
    480    481    475    479    481
    480    481    475    476    476
    481    481    488    476    476
    485    485    493    492    488

    455    453    448    454    450
    444    446    445    449    451
    444    446    445    450    451
    449    449    457    450    451
    456    456    458    458    458

    407    405    400    404    404
    401    395    393    397    396
    401    395    393    397    400
    398    398    403    397    400
    406    406    405    406    404

    389    379    376    376    380
    379    371    368    369    374
    379    371    368    372    372
    379    379    374    372    372
    377    377    381    382    378

    375    367    363    367    364
    363    359    358    360    365
    363    359    358    362    362
    361    361    364    362    362
    365    365    369    369    368

    348    346    342    342    344
    340    337    334    336    340
    340    337    334    337    339
    339    339    337    337    339
    343    343    341    344    343

    323    317    313    314    321
    314    309    310    311    313
    314    309    310    311    313
    314    314    313    311    313
    318    318    316    319    319

    310    308    305    302    306
    301    301    300    299    299
    301    301    300    296    299
    302    302    302    296    299
    303    303    305    308    307

    289    282    282    282    283
    276    276    276    275    278
    276    276    276    278    279
    276    276    281    278    279
    283    283    283    280    279

    272    267    265    264    266
    266    256    262    265    265
    266    256    262    259    260
    264    264    263    259    260
    265    265    268    266    265

    269    266    261    262    262
    260    259    257    258    263
    260    259    257    258    258
    258    258    261    258    258
    261    261    260    264    265

    268    260    263    264    261
    259    257    253    259    262
    259    257    253    255    254
    253    253    256    255    254
    258    258    255    262    261

    268    266    261    261    261
    260    258    257    258    263
    260    258    257    256    259
    257    257    260    256    259
    260    260    259    265    263

    253    251    241    249    240
    243    243    237    243    247
    243    243    237    240    241
    238    238    241    240    241
    239    239    241    243    246

    221    218    215    216    211
    212    216    213    214    219
    212    216    213    209    210
    211    211    209    209    210
    208    208    215    220    212

    198    195    192    192    185
    191    188    186    189    191
    191    188    186    185    188
    182    182    187    185    188
    189    189    187    191    187

    190    190    180    184    180
    180    179    175    179    185
    180    179    175    177    179
    175    175    180    177    179
    178    178    178    186    181

    172    174    164    168    160
    165    163    164    165    169
    165    163    164    161    164
    160    160    162    161    164
    161    161    167    174    162

    130    132    128    128    124
    127    126    126    127    131
    127    126    126    124    127
    122    122    121    124    127
    123    123    128    131    124

    145    144    136    135    131
    138    136    134    136    143
    138    136    134    132    137
    132    132    133    132    137
    131    131    133    141    134

    157    156    148    149    145
    149    146    146    151    156
    149    146    146    142    148
    142    142    143    142    148
    142    142    147    154    145

    158    158    150    149    143
    150    143    149    152    158
    150    143    149    145    148
    143    143    143    145    148
    141    141    149    154    145

     95     94     91     90     85
     90     88     90     90     94
     90     88     90     85     89
     85     85     87     85     89
     87     87     88     95     85

    124    124    118    116    113
    118    112    116    119    125
    118    112    116    111    118
    111    111    113    111    118
    112    112    115    123    111

    131    133    124    123    117
    124    122    123    123    131
    124    122    123    116    123
    115    115    120    116    123
    117    117    122    129    118

    119    118    115    111    106
    112    108    111    115    116
    112    108    111    107    115
    106    106    109    107    115
    107    107    110    121    106

    112    112    104    103     98
    102    101    104    106    113
    102    101    104     99    102
     96     96    100     99    102
     99     99    101    111     97

    101    101     95     93     89
     95     90     94    100    102
     95     90     94     90     96
     87     87     92     90     96
     90     90     91     99     91

     79     79     75     74     72
     76     72     76     78     82
     76     72     76     70     76
     70     70     69     70     76
     71     71     72     83     70

     82     82     77     73     70
     76     73     76     78     83
     76     73     76     70     78
     71     71     72     70     78
     71     71     74     84     71

     87     86     81     78     73
     79     77     80     83     87
     79     77     80     73     83
     74     74     75     73     83
     75     75     79     86     75

     91     92     85     84     78
     86     81     84     88     91
     86     81     84     78     87
     80     80     79     78     87
     78     78     83     93     79

     87     87     81     78     73
     80     76     79     85     89
     80     76     79     74     83
     73     73     75     74     83
     74     74     78     89     74

     85     87     79     76     70
     79     74     78     81     84
     79     74     78     71     80
     71     71     74     71     80
     71     71     76     86     73

     77     80     74     70     65
     72     70     74     78     80
     72     70     74     66     76
     66     66     68     66     76
     68     68     71     81     68

     74     74     70     68     62
     70     65     69     72     77
     70     65     69     65     72
     64     64     66     65     72
     64     64     70     75     64

     55     60     53     52     49
     54     51     54     58     60
     54     51     54     48     58
     49     49     49     48     58
     50     50     52     61     48

     48     49     46     45     42
     45     41     46     48     52
     45     41     46     40     48
     42     42     40     40     48
     42     42     42     53     43

     44     43     41     39     36
     41     38     43     44     45
     41     38     43     37     43
     37     37     38     37     43
     36     36     41     47     37

     38     38     37     37     33
     37     33     37     40     42
     37     33     37     33     37
     35     35     34     33     37
     35     35     36     41     35

     20     29     22     23     20
     25     22     25     26     28
     25     22     25     20     27
     21     21     21     20     27
     23     23     25     27     24

     16     18     16     15     15
     14     13     18     17     19
     14     13     18     14     16
     14     14     15     14     16
     15     15     15     19     13

     18     20     17     17     16
     18     17     19     19     20
     18     17     19     15     19
     16     16     16     15     19
     17     17     17     21     17

     30     34     31     30     27
     30     28     31     34     35
     30     28     31     28     32
     28     28     28     28     32
     27     27     31     35     28

     37     38     35     34     30
     35     34     37     39     42
     35     34     37     30     37
     32     32     32     30     37
     32     32     35     41     30

     45     44     43     40     36
     41     39     43     47     48
     41     39     43     36     44
     35     35     37     36     44
     37     37     41     49     36

     46     49     45     41     37
     44     41     45     47     52
     44     41     45     38     45
     38     38     38     38     45
     41     41     41     52     39

     44     48     43     41     37
     43     39     44     46     50
     43     39     44     37     46
     37     37     37     37     46
     37     37     43     49     36

     46     48     41     41     36
     42     39     44     48     50
     42     39     44     36     45
     37     37     37     36     45
     37     37     41     49     36

     43     45     42     39     34
     41     38     42     45     47
     41     38     42     34     45
     35     35     36     34     45
     35     35     39     49     35

     39     42     38     36     30
     37     34     39     41     45
     37     34     39     33     40
     32     32     34     33     40
     34     34     36     44     33

     40     42     37     35     31
     37     34     37     39     45
     37     34     37     32     40
     32     32     34     32     40
     33     33     36     44     31

     36     40     35     33     29
     36     31     34     38     42
     36     31     34     30     38
     30     30     30     30     38
     30     30     34     42     29

     36     39     35     34     28
     34     32     35     38     41
     34     32     35     29     37
     29     29     30     29     37
     30     30     33     41     29

     33     36     31     29     25
     30     26     31     34     37
     30     26     31     26     34
     26     26     26     26     34
     25     25     30     37     27

     30     32     28     27     23
     28     24     29     32     34
     28     24     29     23     32
     25     25     25     23     32
     24     24     28     35     24

     27     28     25     24     20
     26     22     27     29     31
     26     22     27     21     29
     23     23     23     21     29
     22     22     25     32     22

     19     23     21     19     16
     19     16     21     23     23
     19     16     21     15     22
     17     17     18     15     22
     17     17     18     25     16

     12     14     12     11     10
     12     10     12     13     15
     12     10     12      9     13
     11     11     10      9     13
     10     10     12     16     10

      5      5      4      4      3
      4      4      5      5      5
      4      4      5      4      5
      3      3      3      4      5
      3      3      4      5      4

      3      4      4      3      3
      4      4      3      4      5
      4      4      3      3      6
      3      3      3      3      6
      3      3      4      4      2

      5      5      5      5      4
      5      3      5      5      5
      5      3      5      3      6
      4      4      4      3      6
      4      4      5      5      4

      4      6      5      5      5
      5      4      5      5      6
      5      4      5      2      6
      4      4      4      2      6
      3      3      5      6      4

      8      9      7      7      5
      7      6      8      7      9
      7      6      8      6      9
      6      6      6      6      9
      5      5      7      9      6

     13     15     13     11     10
     13     10     14     14     16
     13     10     14     11     14
     10     10     11     11     14
     10     10     14     16     10

     15     17     16     15     12
     15     13     17     18     20
     15     13     17     12     18
     12     12     12     12     18
     12     12     15     19     12

     14     16     13     13     11
     12     11     14     15     19
     12     11     14     11     16
     11     11     11     11     16
     12     12     13     19     11

     15     17     14     14     11
     15     13     15     17     18
     15     13     15     11     17
     12     12     11     11     17
     12     12     13     19     11

     14     16     13     12     10
     13     10     13     14     17
     13     10     13     10     14
     10     10     10     10     14
     10     10     12     16     10

     14     17     14     12     10
     14     11     14     16     18
     14     11     14     11     15
     12     12     12     11     15
     12     12     13     18     11

     16     16     14     13     11
     14     13     15     18     19
     14     13     15     12     17
     12     12     13     12     17
     11     11     15     18     12

     17     20     15     16     11
     16     13     18     18     21
     16     13     18     12     18
     12     12     13     12     18
     14     14     17     21     12

     17     18     16     13     11
     15     13     16     19     20
     15     13     16     11     19
     12     12     11     11     19
     12     12     17     21     12

     16     18     14     14     11
     15     12     16     17     19
     15     12     16     11     17
     12     12     11     11     17
     11     11     13     17     12

     13     17     14     12      9
     13     10     14     16     16
     13     10     14     10     14
     10     10     11     10     14
     10     10     12     16     10

     16     18     14     14     11
     15     12     16     17     19
     15     12     16     11     17
     12     12     11     11     17
     11     11     13     17     11

     18     10     10     18     11
     13     14     15     11     15
     13     14     15     16     16
     11     11     16     16     16
      8      8     14     17     13

     17     17     16     16     11
     14     15     10     15     20
     14     15     10     11     14
     11     11     10     11     14
     11     11     14     14      9

     19     15     13     12     18
     15     12     16     16     15
     15     12     16     17     15
     16     16     15     17     15
     11     11     11     18     15

     18     13     13     15     12
     15     15     14     13     16
     15     15     14     14     11
     14     14     14     14     11
     13     13     14     16     14

     14     13     13     10     10
     14     13     13     11     14
     14     13     13     10     11
     12     12     13     10     11
     10     10     12     12     12

      9      7      8      7      9
     13      8     11     11     11
     13      8     11      9      7
      7      7      9      9      7
      8      8      9     10      9

     93     79     87     78     80
     21      6     19     18      4
     21      6     19      5      9
     14     14     10      5      9
     -2     -2     -6     -7     -4

      7      6      5      2      3
      4      5      6      4      5
      4      5      6      4      6
      4      4      4      4      6
      5      5      5      2      6

      1      4      5      1      2
      3      3      3      4      3
      3      3      3      3      2
      0      0      1      3      2
      2      2      2      4      2

      0      0     -1      0      0
      0      1      1      1      1
      0      1      1      0      0
      1      1      0      0      0
      1      1      0      0      0

      0      0      0      0      0
     -1     -1      1      0      0
     -1     -1      1     -2      1
      0      0      0     -2      1
      0      0      0      0      0

     -1      0      0      1     -1
     -1     -2      1      1      0
     -1     -2      1      0      0
      1      1      4      0      0
      0      0      0     -1      0

      1      0      0      1      1
      0      0      0      1      0
      0      0      0      0      0
      0      0      1      0      0
     -1     -1      1     -1      0

     -3      0      0      0     -1
     -2      2      6      0     -2
     -2      2      6      4      6
      2      2      3      4      6
      0      0     -5     -2     -1

      0      1      0     -1      0
     -4      0      2      2      0
     -4      0      2      0      3
      0      0      1      0      3
     -2     -2     -2     -5      0

      4      0      0      0      3
      3      2      0      1      0
      3      2      0      0      1
      2      2      2      0      1
     -3     -3      0     -1      0

      0      3      1      2      1
      0      1      2      2      0
      0      1      2      1      1
      0      0      0      1      1
     -1     -1      0     -1      0

      0      3      1      0     -2
      0      0      1      3      1
      0      0      1      0      1
      1      1      1      0      1
      1      1      1      0      1

      0      2      1      0      0
      1     -1      1      3      2
      1     -1      1      0      2
      0      0      1      0      2
      0      0      0      0      1

      4      3      3      1     -1
      4      1      3      6      3
      4      1      3      0      3
     -1     -1      3      0      3
      1      1      1      0      1

      2      5      0      2      4
      2      1      4      4      5
      2      1      4      1      5
      2      2      2      1      5
      2      2      1      2      2

      2      2      3      2      1
      3      2      2      5      4
      3      2      2      3      2
      2      2      3      3      2
      1      1      2      1      1

      3      4      4      8      3
      4      0      4      7      5
      4      0      4      4      4
      3      3      4      4      4
      3      3      1      2      2

      6      7      7      7      5
      7      6      6      9      7
      7      6      6      5      5
      7      7      7      5      5
      4      4      8      5      6

     13      7      9     10     10
     11      8     10     11     12
     11      8     10      9     10
      8      8      9      9     10
      8      8      7     10     10

     12     12     12     12     12
     12     12     12     14     16
     12     12     12     12     11
     11     11     12     12     11
     10     10     12     12     11

     17     13     14     15     12
     14     11     12     13     13
     14     11     12     14     14
     13     13     11     14     14
     12     12     12     13     11

     13     13     15     15     12
     13     12     14     15     14
     13     12     14     12     14
     13     13      9     12     14
     11     11     12     13     13

     18     14     16     14      8
     13     13     12     16     17
     13     13     12     13     11
     13     13     13     13     11
     13     13     14     12     12

     17     15     14     13     14
     16     12     15     15     14
     16     12     15     13     13
     13     13     15     13     13
     14     14     13     12     13

     17     15     13     14     12
     14     15     14     14     14
     14     15     14     11     15
     13     13     13     11     15
     14     14     13     13     11

     12     13     13     13     11
     14     11     12     13     15
     14     11     12     10     12
     11     11     10     10     12
     13     13     11     11     11

     15     11     12     12     10
     13     10     11     15     14
     13     10     11     10     10
     11     11     10     10     10
     12     12     10      8     11

     14     14     12     12     12
     14     11     13     12     14
     14     11     13     12     12
     13     13     12     12     12
     11     11     12     13     11

     13     13     11     11     11
     10     10     13     13     10
     10     10     13     11     13
     10     10     14     11     13
     10     10     12     11     12

     13     14     11     12      9
     11     10     14     11     11
     11     10     14     11     11
     12     12     11     11     11
      9      9     10      9      9

     12     15     12     13      9
     12      9     10     13     12
     12      9     10     11      9
      9      9     10     11      9
      9      9     12      9     10

     12     11     12     11      9
     10     11     10     11     11
     10     11     10     11     12
      9      9      9     11     12
      9      9     11     10     11

     12     11     10      9     10
     10     10     10     11     10
     10     10     10     11     11
     11     11     10     11     11
      9      9     10     10     10

     13     10     10     10     11
     10     10      8     12     12
     10     10      8      9      9
      8      8     10      9      9
      9      9      8      8      7

     11     10      9      9      9
      9     11      8     11      9
      9     11      8      8     13
     10     10     11      8     13
     10     10      8      8     11

     12      9      8     10      9
     10      9     10     11      9
     10      9     10      9     11
      9      9      8      9     11
     10     10      9      9      9

     11      9     10     11     10
      9      9      8      9     10
      9      9      8      9      9
      9      9      8      9      9
      7      7      8      7      8

     12      8      9      9      8
      9      9      9     10      9
      9      9      9      7      7
      8      8      8      7      7
      7      7      9      8      9

      9      9     10     10      6
     10      7      9     10     11
     10      7      9      7      9
      8      8      7      7      9
      7      7      7      6      8

      7      8      7      7      8
      8      8      6      7      9
      8      8      6      7      8
     10     10      7      7      8
      6      6      7      7      8

      7      7      7      8      7
      8      8      6      9      7
      8      8      6      8      6
      7      7      6      8      6
      6      6      7      7      8

      9      7      8      6      8
      7      7      6      8      8
      7      7      6      6      8
      7      7      5      6      8
      5      5      5      3      7

      8      8      5      7      8
      6      3      5      5      6
      6      3      5      5      6
      6      6      6      5      6
      4      4      8      6      8

      7      4      7      5      5
      6      5      6      7      6
      6      5      6      4      5
      5      5      6      4      5
      4      4      5      3      7

      6      7      4      4      2
      8      4      4      5      5
      8      4      4      5      6
      6      6      5      5      6
      5      5      4      5      6

      4      4      4      3      3
      2      4      5      3      4
      2      4      5      4      5
      4      4      4      4      5
      4      4      4      4      3

      3      3      2      3      0
      3      3      2      2      3
      3      3      2      4      2
      3      3      1      4      2
      0      0      2      3      4

      3      1      1      3      1
      1      0      2      0      0
      1      0      2      1      0
      3      3      1      1      0
      1      1      2      0      0

      2      1      1      1      0
      2      0      0      0      1
      2      0      0      1      1
      1      1      0      1      1
      0      0      3      0      0

      0      0      0      0      0
      0      0      0      0      0
      0      0      0     -1      0
      0      0     -1     -1      0
     -1     -1      0      0      0

      0      0      0     -2     -1
      2      0      0     -1      1
      2      0      0      0      0
     -1     -1      0      0      0
     -2     -2      0      0      0

      0      3      1     -1     -2
      0      0      2      0      0
      0      0      2      0      0
      0      0      0      0      0
      0      0      0      0      0

      1      0      0      0      0
      0      0      0      0      0
      0      0      0     -1      0
      0      0      0     -1      0
     -2     -2     -2      0     -1

      0      1      0      0      0
      0      0      0      0      1
      0      0      0      0      2
     -1     -1     -2      0      2
     -2     -2     -1     -1      0

      1      0      0      1      0
      1      0      0      0      0
      1      0      0      0      0
      0      0      0      0      0
     -1     -1      0     -1      0

      1      0      1      1      0
      3     -1      0      0      2
      3     -1      0     -2      0
      1      1     -2     -2      0
      0      0      0     -2     -3

      0      0      0      1      1
      0      0      0      2      1
      0      0      0      0      0
      3      3      0      0      0
      1      1      0      0      1

      0      0      0      1     -1
     -1      1      1      0     -1
     -1      1      1     -1      2
      2      2      0     -1      2
      0      0     -1      0      0

      0     -1      0      1      0
      0      0      0      0     -1
      0      0      0      0     -1
      0      0      0      0     -1
      0      0      0      0      0

      0      1      0      0     -1
      0      0      0     -1     -2
      0      0      0      1      0
      0      0      0      1      0
      1      1      0      0     -1

      0      1      0      0      0
      0      0      0     -1     -2
      0      0      0      0      0
      1      1     -1      0      0
      1      1      0      0      0

     -1      1      1      0      2
     -1      1      0     -1     -1
     -1      1      0      0      0
      0      0      0      0      0
      1      1      0     -1     -1

      0      0      0      1      1
      0      0      1     -2     -1
      0      0      1     -2      1
      0      0     -2     -2      1
      0      0      0      0      0

      0      0      1      0      1
      0      1      1     -1     -1
      0      1      1      0      0
      0      0     -1      0      0
      0      0      0     -1      0

      0      1      0     -1      0
      0      0     -1      0      0
      0      0     -1     -1      2
      0      0      0     -1      2
      0      0      1      0      0

      1      1      0      0      0
     -1      0      0      0      0
     -1      0      0      0      0
      0      0      0      0      0
      0      0      0      0      0

     -1      0      0      0      1
     -1      0      1      0     -1
     -1      0      1      0     -1
      1      1      0      0     -1
      0      0      0      1      0

      0      3      2      0      1
      1      0      1      1      0
      1      0      1      0      1
      0      0      0      0      1
      1      1      2      2      1

      2      4      3      2      2
      2      3      2      2      1
      2      3      2      2      4
      4      4      3      2      4
      2      2      2      4      3

      2      3      4      4      2
      2      5      3      2      2
      2      5      3      1      3
      3      3      4      1      3
      4      4      4      3      4

      2      2      3      1      1
      2      2      2      3      2
      2      2      2      2      2
      3      3      3      2      2
      2      2      2      1      2

      1      1      1      1      2
      0      2      1      0      0
      0      2      1      0      0
      0      0      0      0      0
      1      1      1      2      0

      0      3      0      1      1
      0      1      2      0      1
      0      1      2      0      1
      2      2      0      0      1
      0      0      2      2      1

      3      5      4      3      4
      3      4      3      2      3
      3      4      3      3      3
      2      2      3      3      3
      3      3      3      2      3

      4      5      6      5      5
      5      5      5      3      5
      5      5      5      5      4
      3      3      5      5      4
      6      6      5      5      4

      3      4      6      4      4
      2      4      5      4      4
      2      4      5      5      5
      3      3      5      5      5
      5      5      4      4      4

      3      4      3      2      3
      1      4      2      1      2
      1      4      2      1      1
      2      2      3      1      1
      2      2      4      3      3

      3      4      4      2      4
      3      4      3      2      3
      3      4      3      2      4
      3      3      4      2      4
      2      2      4      3      3

      5      5      5      3      5
      2      2      5      3      2
      2      2      5      3      3
      3      3      4      3      3
      4      4      4      5      4

      5      5      5      4      2
      6      3      4      4      4
      6      3      4      6      3
      6      6      4      6      3
      4      4      5      5      4

      5      5      5      6      4
      3      5      5      4      6
      3      5      5      4      5
      6      6      5      4      5
      5      5      5      6      4

      5      5      3      4      5
      5      4      6      3      3
      5      4      6      4      4
      4      4      5      4      4
      5      5      6      6      5

      3      5      4      4      3
      3      4      6      3      4
      3      4      6      2      4
      3      3      5      2      4
      4      4      4      5      5

      5      5      5      5      5
      4      4      5      4      4
      4      4      5      5      5
      5      5      4      5      5
      6      6      5      4      5

      4      5      5      4      6
      5      5      5      4      4
      5      5      5      5      4
      5      5      5      5      4
      5      5      6      5      4

      6      6      6      6      5
      4      4      5      4      4
      4      4      5      4      6
      4      4      5      4      6
      5      5      4      5      4

      4      4      5      4      4
      3      5      4      4      4
      3      5      4      2      5
      4      4      4      2      5
      4      4      6      3      4

      3      5      4      5      4
      3      4      4      4      4
      3      4      4      4      4
      6      6      3      4      4
      5      5      3      4      3

      5      4      5      4      3
      2      4      4      1      4
      2      4      4      3      3
      3      3      4      3      3
      5      5      4      3      4

      4      4      4      3      3
      3      3      4      3      4
      3      3      4      4      4
      3      3      4      4      4
      3      3      4      3      4

      4      4      3      4      2
      3      3      4      2      2
      3      3      4      3      4
      3      3      4      3      4
      4      4      3      3      4

      4      6      5      5      3
      4      4      4      2      3
      4      4      4      3      5
      5      5      4      3      5
      4      4      5      4      5

      4      5      5      4      5
      4      6      3      3      2
      4      6      3      4      3
      5      5      5      4      3
      4      4      4      4      3

      6      6      3      4      3
      2      4      4      3      3
      2      4      4      3      3
      4      4      3      3      3
      3      3      3      3      3

      4      4      3      1      6
      2      4      4      2      1
      2      4      4      3      3
      2      2      3      3      3
      4      4      3      5      3

      3      5      5      1      4
      2      4      4      1      3
      2      4      4      4      3
      4      4      5      4      3
      4      4      2      3      4

      2      6      2      3      3
      3      4      4      3      4
      3      4      4      4      4
      3      3      2      4      4
      1      1      3      2      4

      2      4      4      2      2
      2      3      4      2      2
      2      3      4      3      1
      4      4      4      3      1
      3      3      3      2      4

      4      4      4      3      3
      4      4      5      1      1
      4      4      5      4      2
      5      5      6      4      2
      3      3      4      3      1

      1      4      3      1      3
      1      3      3      1      1
      1      3      3      1      3
      2      2      4      1      3
      4      4      4      2      3

      3      4      2      1      4
      1      2      2      1      3
      1      2      2      3      4
      2      2      4      3      4
      2      2      0      1      1

      3      2      3      3      3
      2      2      1      0      0
      2      2      1      1      2
      3      3      3      1      2
      1      1      1      3      3

      5      5      4      3      2
      1      4      3      0      2
      1      4      3      3      3
      1      1      3      3      3
      2      2      2      2      2

      2      0      3      1      2
      2      2      4      0      2
      2      2      4      1      1
      4      4      3      1      1
      1      1      1      3      3

      1      4      3      1      1
      2      2      3      1      2
      2      2      3      0      2
      2      2      2      0      2
      3      3      2      1      2

      4      4      0      2      2
      3      0      3      0      1
      3      0      3      0      2
      0      0      1      0      2
      2      2      0      3      4

      2      1      1      1      3
      0      3      4      2      3
      0      3      4      1      3
      1      1      1      1      3
      2      2      1      1      2

      4      1      1      1      0
      4      1      1      0      0
      4      1      1      1      1
      2      2      2      1      1
      2      2      2      1      1

      1      2      1      1      2
      0      0      1     -1     -1
      0      0      1      0      0
      1      1      2      0      0
      3      3      2      2      2

      1      3      1      0      2
      0      2      1      0      1
      0      2      1      0      1
      2      2      2      0      1
      1      1      1      1      1

      1      2      0      3      0
      0      2      0     -1      3
      0      2      0      1      3
      4      4      2      1      3
      0      0     -1      2      0

      1      2      0      0      2
      1      1     -1      0      0
      1      1     -1      0      0
      0      0      1      0      0
      2      2      0      1      2

     -2      2      3      0      0
      1      0      2     -2      1
      1      0      2      0      0
      0      0      0      0      0
      1      1      0      1      0

      0      1      1      1     -1
      1      1      1     -1     -1
      1      1      1     -2      0
      3      3      2     -2      0
      0      0      2      0      0

      0     -1      0      3      0
     -2      3      2      0      1
     -2      3      2     -4      1
     -1     -1      5     -4      1
      0      0     -1     -4      2

      0      1     -1      1     -2
      0      3      2     -2      0
      0      3      2      0      3
      0      0      1      0      3
      0      0      1     -1      0

      1      0      4      1      1
      0      0      1      0      1
      0      0      1      0      0
      0      0      3      0      0
      0      0      2      0      0

      0     -2      0      0      1
      1      0      1      2     -1
      1      0      1      2      0
      0      0      0      2      0
      0      0      0      0      1

     -2      0      2      0      0
      0      2      4     -3      1
      0      2      4      0      1
      0      0      0      0      1
      0      0      0     -2      3

      0     -2      0      0      0
      0     -1      0     -1     -1
      0     -1      0      2      0
     -2     -2      1      2      0
     -1     -1     -4     -1      1

      0      0      0      1      0
      1      1      2     -3      0
      1      1      2      0      0
      0      0     -1      0      0
      2      2      0     -2      0

