;
; ENVI ASCII Output of file: E:\Imaging\ROI_AVIRIS_TestSet\5_3_7.img [Wed Dec 06 11:47:04 2017]
; File Dimensions: 5 samples x 5 lines x 224 bands
; Line Format    : (5i7)
;
    546    540    531    540    527
    535    544    547    550    550
    533    546    520    538    550
    535    546    520    538    558
    535    535    549    536    546

    638    626    669    644    655
    638    643    645    640    659
    642    661    643    656    659
    644    661    643    656    651
    644    649    631    622    631

    685    700    708    678    709
    703    697    696    698    690
    685    706    699    676    690
    688    706    699    676    697
    688    694    678    681    697

    884    899    894    898    896
    888    896    887    895    893
    885    899    899    870    893
    876    899    899    870    889
    876    865    891    880    875

   1305   1326   1349   1299   1309
   1296   1318   1332   1321   1310
   1308   1292   1300   1301   1310
   1298   1292   1300   1301   1305
   1298   1313   1295   1286   1303

   1388   1406   1415   1398   1397
   1368   1398   1407   1400   1397
   1384   1372   1379   1380   1397
   1371   1372   1379   1380   1382
   1371   1371   1361   1362   1370

   1305   1328   1353   1326   1323
   1312   1326   1328   1321   1306
   1309   1304   1297   1301   1306
   1292   1304   1297   1301   1306
   1292   1303   1298   1283   1308

   1226   1244   1255   1236   1225
   1212   1229   1240   1231   1214
   1218   1217   1206   1208   1214
   1209   1217   1206   1208   1222
   1209   1199   1204   1211   1207

   1343   1355   1362   1349   1341
   1325   1351   1364   1346   1324
   1324   1324   1315   1324   1324
   1318   1324   1315   1324   1326
   1318   1314   1325   1323   1322

   1375   1394   1393   1384   1361
   1368   1384   1392   1379   1375
   1365   1357   1353   1359   1375
   1348   1357   1353   1359   1363
   1348   1350   1343   1347   1369

   1344   1347   1357   1352   1333
   1332   1358   1359   1342   1327
   1323   1323   1324   1325   1327
   1321   1323   1324   1325   1325
   1321   1323   1319   1318   1325

   1264   1274   1283   1270   1262
   1267   1268   1281   1272   1245
   1258   1249   1247   1240   1245
   1248   1249   1247   1240   1259
   1248   1250   1241   1248   1252

   1194   1215   1228   1199   1193
   1201   1210   1215   1199   1185
   1188   1177   1185   1184   1185
   1176   1177   1185   1184   1195
   1176   1189   1182   1178   1184

   1086   1102   1119   1104   1091
   1093   1110   1115   1104   1084
   1090   1087   1074   1083   1084
   1078   1087   1074   1083   1089
   1078   1084   1076   1077   1082

   1008   1019   1030   1012   1004
   1009   1018   1031   1013   1008
   1007    996    996    999   1008
    996    996    996    999   1001
    996    998    992    998   1000

    913    918    927    913    914
    914    915    924    913    905
    900    913    906    906    905
    898    913    906    906    907
    898    897    897    900    907

    811    822    826    824    809
    812    831    825    822    813
    814    807    809    806    813
    806    807    809    806    813
    806    808    807    808    817

    778    786    789    787    776
    780    794    793    788    777
    779    776    774    775    777
    768    776    774    775    778
    768    775    772    775    781

    743    750    750    748    743
    748    756    760    753    740
    742    744    739    742    740
    729    744    739    742    743
    729    741    736    740    745

    699    709    712    700    693
    708    711    709    709    696
    701    697    695    704    696
    688    697    695    704    702
    688    699    696    689    703

    647    653    656    653    646
    650    654    661    652    648
    645    640    640    647    648
    640    640    640    647    650
    640    634    644    642    648

    595    604    611    603    592
    599    604    612    605    601
    598    598    591    595    601
    589    598    591    595    605
    589    596    596    593    601

    566    569    568    562    561
    566    568    572    571    561
    566    565    558    564    561
    554    565    558    564    566
    554    556    554    558    564

    505    509    506    504    500
    507    509    516    508    506
    503    507    502    501    506
    491    507    502    501    507
    491    501    502    499    509

    475    478    483    475    476
    480    485    486    483    477
    472    479    472    474    477
    466    479    472    474    479
    466    468    466    469    478

    464    464    469    463    461
    465    466    471    470    457
    461    460    461    458    457
    450    460    461    458    467
    450    457    459    459    461

    432    436    431    430    427
    437    438    442    436    431
    431    429    431    429    431
    419    429    431    429    434
    419    428    427    431    433

    399    400    403    398    396
    399    405    404    408    402
    402    401    397    400    402
    389    401    397    400    400
    389    395    397    389    397

    383    389    389    382    379
    389    390    389    395    391
    383    385    383    388    391
    379    385    383    388    387
    379    379    379    384    384

    358    356    362    361    353
    360    362    363    359    363
    357    362    359    358    363
    350    362    359    358    361
    350    356    352    355    357

    341    338    343    338    335
    340    345    345    340    339
    337    336    339    337    339
    331    336    339    337    343
    331    333    336    338    336

    333    335    335    336    335
    335    338    339    336    337
    332    337    333    331    337
    327    337    333    331    338
    327    325    333    335    337

    332    334    334    333    330
    330    334    337    331    336
    327    337    328    325    336
    327    337    328    325    336
    327    326    327    329    336

    332    334    335    336    334
    336    339    338    336    338
    332    338    333    331    338
    326    338    333    331    338
    326    325    332    335    336

    312    313    316    319    315
    318    315    318    312    316
    311    317    312    311    316
    309    317    312    311    320
    309    306    308    314    318

    277    276    279    280    276
    279    281    281    283    278
    274    284    282    278    278
    275    284    282    278    287
    275    272    274    278    284

    242    243    244    247    246
    249    248    248    247    252
    246    249    248    243    252
    245    249    248    243    253
    245    241    240    246    246

    235    234    240    240    234
    244    242    242    239    241
    235    247    241    241    241
    232    247    241    241    242
    232    237    236    238    239

    213    214    219    221    218
    222    219    223    221    223
    216    225    219    218    223
    213    225    219    218    226
    213    213    213    218    219

    164    164    168    168    168
    175    172    171    171    175
    167    174    172    166    175
    162    174    172    166    173
    162    168    165    170    169

    177    175    178    178    179
    185    184    182    181    187
    177    184    182    180    187
    174    184    182    180    186
    174    176    175    178    181

    193    191    196    199    194
    201    201    199    203    203
    196    203    198    198    203
    189    203    198    198    201
    189    193    190    195    196

    192    193    198    197    192
    201    202    201    199    207
    193    205    201    198    207
    189    205    201    198    202
    189    193    190    194    196

    114    114    121    120    121
    126    122    120    123    124
    119    123    120    120    124
    117    123    120    120    123
    117    117    116    118    120

    148    151    155    156    154
    161    161    158    157    165
    154    161    157    158    165
    146    161    157    158    160
    146    150    150    152    156

    158    158    164    164    164
    172    170    169    169    172
    162    170    167    167    172
    157    170    167    167    171
    157    158    160    160    165

    144    144    149    150    148
    159    155    153    153    158
    146    155    153    150    158
    141    155    153    150    153
    141    143    144    146    152

    135    134    141    138    139
    145    144    143    143    147
    140    145    142    142    147
    131    145    142    142    143
    131    135    133    138    141

    121    121    126    125    125
    133    132    129    130    134
    127    131    130    131    134
    118    131    130    131    131
    118    123    122    128    127

     98     97    100    101     99
    107    103    102    104    109
    100    105    103    102    109
     94    105    103    102    104
     94     96     93     99     99

     98     97    102    101     99
    109    107    104    104    109
    100    107    103    104    109
     96    107    103    104    106
     96     98     97     98    102

    102    101    109    106    106
    114    112    110    112    115
    107    111    108    109    115
     98    111    108    109    111
     98    103    103    105    107

    109    109    115    114    111
    120    119    116    118    122
    111    118    115    116    122
    105    118    115    116    115
    105    109    107    111    111

    101    103    106    106    106
    115    115    110    112    115
    106    112    111    110    115
     98    112    111    110    111
     98    102    103    105    107

     98    101    104    104    103
    113    111    105    109    112
    104    108    107    107    112
     96    108    107    107    108
     96    100     98    102    105

     94     91     97     98     96
    104    105    100    101    105
     97    104    101    100    105
     89    104    101    100    101
     89     92     91     95     98

     88     87     91     93     93
    101     99     95     97    101
     92     99     97     98    101
     84     99     97     98     97
     84     90     86     90     93

     67     69     74     69     70
     79     78     73     77     80
     71     77     75     75     80
     66     77     75     75     74
     66     70     67     69     73

     56     58     62     59     61
     66     66     63     64     67
     60     64     63     64     67
     56     64     63     64     61
     56     56     56     60     61

     50     52     56     55     55
     59     58     55     58     61
     54     59     56     57     61
     51     59     56     57     57
     51     51     50     54     53

     44     46     51     47     47
     55     52     51     52     53
     49     52     49     49     53
     45     52     49     49     51
     45     45     47     46     47

     31     26     32     31     32
     34     34     33     34     39
     36     32     32     32     39
     29     32     32     32     33
     29     31     26     30     31

     16     16     19     18     19
     20     19     19     18     22
     19     21     18     18     22
     17     21     18     18     18
     17     17     17     17     18

     22     23     24     23     23
     28     27     26     26     30
     24     27     25     25     30
     22     27     25     25     26
     22     24     23     23     24

     38     40     42     41     42
     45     47     43     46     50
     41     44     43     44     50
     39     44     43     44     43
     39     41     37     41     42

     45     45     49     47     48
     53     52     49     52     56
     48     52     50     51     56
     43     52     50     51     50
     43     46     45     46     48

     52     53     60     55     56
     63     62     58     61     67
     57     62     59     61     67
     51     62     59     61     60
     51     55     54     55     56

     55     55     64     58     59
     68     67     62     66     69
     59     65     63     64     69
     53     65     63     64     63
     53     56     55     58     61

     53     55     58     57     58
     65     65     60     64     67
     58     64     60     62     67
     52     64     60     62     60
     52     55     54     55     58

     52     53     60     56     58
     64     64     60     64     68
     56     62     61     63     68
     50     62     61     63     61
     50     55     53     56     57

     51     51     59     55     57
     62     63     58     62     67
     57     62     60     59     67
     49     62     60     59     59
     49     51     51     53     54

     48     49     54     50     52
     60     59     54     58     61
     52     57     56     57     61
     45     57     56     57     55
     45     48     49     50     52

     47     48     52     49     52
     59     59     53     58     59
     52     57     56     55     59
     44     57     56     55     53
     44     49     47     50     50

     43     45     50     47     50
     55     56     50     55     58
     49     54     51     53     58
     43     54     51     53     49
     43     45     44     45     47

     43     44     48     45     48
     54     53     49     52     56
     47     51     50     51     56
     40     51     50     51     49
     40     45     42     44     47

     38     39     44     42     42
     50     49     44     48     51
     44     47     45     46     51
     37     47     45     46     44
     37     40     38     41     41

     35     36     41     39     39
     45     45     41     44     48
     40     44     42     43     48
     34     44     42     43     40
     34     37     35     38     38

     32     33     38     35     36
     41     41     38     40     44
     36     40     38     39     44
     31     40     38     39     36
     31     35     32     34     36

     24     25     29     26     28
     32     31     28     31     36
     28     31     29     30     36
     24     31     29     30     29
     24     26     25     25     28

     14     16     18     16     16
     19     20     17     19     21
     16     19     17     19     21
     15     19     17     19     18
     15     16     15     16     16

      4      5      6      5      5
      7      6      6      7      7
      6      6      5      5      7
      5      6      5      5      6
      5      5      4      6      6

      4      4      5      3      5
      5      5      4      4      6
      4      5      5      4      6
      5      5      5      4      5
      5      4      4      4      5

      5      6      7      6      7
      8      8      6      6      8
      6      7      7      6      8
      6      7      7      6      8
      6      6      5      5      6

      6      6      5      5      7
      8      7      6      7      7
      6      6      6      6      7
      6      6      6      6      6
      6      5      5      5      7

      8      9     11      8      9
     13     11     11     12     14
     10     12     10     11     14
      9     12     10     11     11
      9      9     10     10      9

     16     16     19     18     18
     22     21     18     20     23
     18     21     19     21     23
     15     21     19     21     20
     15     17     16     16     18

     18     19     22     20     21
     25     25     22     24     27
     22     24     23     23     27
     18     24     23     23     22
     18     21     19     19     21

     17     17     22     19     20
     22     24     21     22     26
     20     23     21     21     26
     16     23     21     21     20
     16     18     17     18     20

     18     19     22     20     20
     25     25     22     24     26
     22     24     22     22     26
     17     24     22     22     23
     17     20     18     20     20

     15     16     19     18     18
     21     22     20     22     24
     18     22     20     21     24
     15     22     20     21     19
     15     18     16     17     18

     17     18     22     20     20
     25     25     21     24     27
     21     25     23     23     27
     16     25     23     23     21
     16     20     18     18     20

     18     20     22     20     21
     26     25     24     26     28
     20     24     25     23     28
     17     24     25     23     23
     17     20     18     19     19

     19     20     25     22     24
     28     27     25     27     30
     23     26     25     26     30
     19     26     25     26     25
     19     22     21     23     24

     19     21     24     21     22
     28     28     24     27     30
     23     27     25     28     30
     19     27     25     28     23
     19     20     20     21     23

     18     18     23     21     21
     27     25     23     25     28
     22     25     25     24     28
     17     25     25     24     22
     17     20     19     19     21

     16     17     20     18     20
     24     24     19     22     26
     20     24     21     21     26
     16     24     21     21     19
     16     18     17     19     18

     18     18     23     20     21
     27     25     23     25     28
     22     25     25     24     28
     17     25     25     24     22
     17     20     19     19     21

     17     21     23     24     19
     22     18     24     24     17
     20     25     25     19     17
     20     25     25     19     19
     20     21     17     16     23

     20     23     18     19     23
     21     18     23     25     25
     24     24     23     16     25
     17     24     23     16     16
     17     18     18     21     19

     20     23     21     24     19
     17     24     22     21     19
     24     22     23     23     19
     21     22     23     23     18
     21     20     14     22     22

     22     19     23     20     20
     18     21     18     22     20
     19     21     20     20     20
     20     21     20     20     18
     20     20     16     21     21

     18     16     16     19     17
     16     21     17     15     17
     19     17     19     15     17
     16     17     19     15     14
     16     17     13     15     18

     16     13     14     12     15
     14     15     15     14     16
     17     15     14     10     16
     16     15     14     10     12
     16     12     10     14     15

     -9     -5     -3      3      0
    -12     -9    -14    -17    -15
     14     11     12     11    -15
     -1     11     12     11      3
     -1      2      2      1      7

      6      6      8      5      5
      7      5      5      7      7
      6      7      6      5      7
      8      7      6      5      5
      8      8      6      7      6

      5      4      5      2      4
      4      5      3      3      4
      5      5      4      4      4
      4      5      4      4      3
      4      6      2      4      5

      0     -1      0      0      0
      0      0      0      2      2
      1      2      2      0      2
      0      2      2      0      0
      0      1     -1      2      1

      1      0      0      0      0
      1      0      0      0      0
      1      0      1      0      0
      1      0      1      0     -2
      1      0      0      1      0

      0     -3      0      0     -1
     -2      0     -1      1      2
      1      4      1      2      2
      0      4      1      2      1
      0      1      0      1      1

      0      0      0     -2     -2
      1      0      0      2      0
      0      0      0      0      0
      0      0      0      0      0
      0      0     -2      2      1

      3     -5     -4      0      0
      5      4      2      3      0
      0     -1     -4     -5      0
      0     -1     -4     -5      0
      0      0     -3     -3     -4

      1      0     -1      0      0
     -2      0      1      2      0
      0      0      0      0      0
      3      0      0      0      3
      3      0     -2      0      3

      0     -2      0      0      1
      0     -1      0      2      3
      2      3      0      1      3
      0      3      0      1      0
      0      2     -2      2      0

      0     -1      0      0      1
      1      2      1      0      1
      3      1      0      0      1
      1      1      0      0     -1
      1      3     -1      3      1

      1      1     -1      0      0
      0      1      0      1      0
      4      3      2      1      0
      1      3      2      1      0
      1      2      0      0      0

      2     -1      0      0      0
      2      2      1      3      2
      2      5      1      1      2
      1      5      1      1      0
      1      3      0      0      1

      2      1      4      4      2
      1      6      3      4      2
      3      4      4      4      2
      5      4      4      4      6
      5      6      0      3      4

      0      6      5      8      6
      4      5      5      4      7
      4      6      5      3      7
      3      6      5      3      4
      3      6      5      4      8

      3      1      3      2      1
      3      2      3      4      1
      4      3      4      1      1
      5      3      4      1      2
      5      2      2      7      4

      4      5      3      5      3
      4      7      3      4      6
      6      8      3      3      6
      5      8      3      3      4
      5      3      5      4      4

     11     10      9     11      9
      8     11      9     11     10
     11     11     11     10     10
     11     11     11     10     10
     11     10      6     10     11

     16     14     14     14     12
     15     13     14     15     16
     16     15     15     15     16
     15     15     15     15     14
     15     14     11     15     16

     18     18     19     20     20
     17     18     18     20     18
     19     18     19     18     18
     18     18     19     18     17
     18     16     16     16     18

     20     20     19     19     21
     17     19     22     21     20
     20     19     21     16     20
     21     19     21     16     19
     21     20     16     18     19

     19     18     22     20     18
     22     23     20     23     21
     21     21     20     19     21
     20     21     20     19     19
     20     18     19     20     19

     25     23     20     20     20
     23     26     26     23     22
     23     22     22     18     22
     22     22     22     18     20
     22     19     22     20     22

     22     20     22     24     21
     21     20     22     21     22
     22     22     21     20     22
     21     22     21     20     19
     21     21     20     21     20

     20     20     21     20     20
     19     21     23     24     22
     21     23     20     19     22
     21     23     20     19     20
     21     19     19     20     21

     20     20     20     18     17
     18     19     20     18     18
     17     19     19     17     18
     18     19     19     17     16
     18     15     16     16     18

     18     18     19     20     16
     18     19     18     21     18
     21     19     20     15     18
     18     19     20     15     19
     18     18     16     18     18

     18     20     19     17     18
     19     19     18     21     18
     20     20     18     16     18
     18     20     18     16     18
     18     16     17     18     17

     17     18     17     18     18
     17     19     18     18     16
     16     16     16     17     16
     16     16     16     17     15
     16     16     15     15     17

     16     16     18     18     17
     16     18     15     18     17
     18     16     17     15     17
     15     16     17     15     15
     15     15     14     14     18

     18     18     18     18     19
     17     18     16     20     18
     19     18     19     15     18
     16     18     19     15     17
     16     18     16     17     18

     17     19     17     15     16
     16     18     16     18     17
     18     17     18     15     17
     16     17     18     15     18
     16     18     14     17     17

     15     16     15     16     15
     16     16     17     18     16
     16     18     17     15     16
     15     18     17     15     14
     15     14     16     16     15

     16     17     16     16     16
     15     16     15     18     17
     16     16     16     15     17
     15     16     16     15     15
     15     13     14     14     15

     15     13     15     16     16
     15     17     17     16     16
     14     13     15     14     16
     15     13     15     14     15
     15     14     13     16     15

     14     15     15     13     13
     15     16     17     17     13
     15     14     14     12     13
     14     14     14     12     12
     14     13     11     16     15

     18     15     17     16     14
     15     17     17     15     15
     17     16     16     13     15
     14     16     16     13     14
     14     12     12     13     13

     12     14     12     16     15
     14     16     13     15     13
     14     14     15     11     13
     13     14     15     11     13
     13     13     11     11     13

     13     14     13     13     14
     13     14     13     15     15
     12     13     16     12     15
     11     13     16     12     14
     11     13     10     13     13

     12     12     12     12     11
     12     14     12     14     11
     12     14     12     11     11
     10     14     12     11     11
     10     10     10     11     11

     11     14     12     13     14
     12     11     11      9     13
     13     12     10      9     13
     13     12     10      9     10
     13     13     11     13     11

     11      9     11     12     12
     11     11     11     13     12
     10     12     10      8     12
      9     12     10      8      8
      9     10     10      9     10

     10      9      8      9      7
     11     11     10     10     10
     11     11      9     10     10
      9     11      9     10     13
      9      9      9     12     10

      9      7     10      9      9
      9     11     11     11      8
      9      7      9      7      8
     10      7      9      7     10
     10      9      9      8      9

      7      7      7      7      9
      8      9      9     10      7
     11      8      9      8      7
      8      8      9      8      6
      8      8      6      7      9

      7      6      6      6      5
      3      5      8      6      6
      7      6      6      6      6
      5      6      6      6      6
      5      4      4      6      5

      3      4      3      4      3
      5      5      4      5      4
      5      7      4      2      4
      2      7      4      2      3
      2      4      3      6      5

      5      1      3      3      4
      3      4      3      2      2
      3      4      5      1      2
      3      4      5      1      0
      3      2      1      2      3

      1      1      0      0      1
      0      0      1      1      1
      2      1      2     -1      1
      3      1      2     -1      0
      3      1     -1      2      2

      1      0      0      1      0
      0      0      0      0     -1
      0      1      1     -1     -1
      1      1      1     -1      0
      1      1     -1      0      1

      0      0      0      0     -1
     -1      0      2      0      0
      1      0      0     -2      0
      1      0      0     -2     -1
      1      0      0      0      0

      0      0      1      0      0
     -2      0      0      2      0
      1      1      1     -2      0
      1      1      1     -2      0
      1      0     -2      0      2

      0      0      0      0      0
      0      0      0     -1     -1
      1      2      1      0     -1
     -1      2      1      0     -1
     -1      0      0      1     -1

      0      0      0      2     -1
      0      1      0      1     -2
      0      1      0     -1     -2
      1      1      0     -1      0
      1      0     -1      0      1

      0      0      0      0     -1
     -1      0      0      0     -1
      0      1     -1      0     -1
      1      1     -1      0     -2
      1      0      0      1      1

     -1      0      3      2      0
      0      1      1      0      1
      1      0      0     -1      1
      0      0      0     -1     -2
      0      1      0      3      1

      0      1      0      0     -1
     -1      0      0     -1      0
      0      0      2      0      0
      2      0      2      0     -1
      2      1      0      0     -1

      0      1      1      0     -1
      0     -1     -1      0      0
      0      0     -1     -1      0
     -1      0     -1     -1      0
     -1      0      0      0     -1

      0      0      0     -1     -1
     -1      0     -1      2      1
      0      0     -1      0      1
      0      0     -1      0     -1
      0      0      0      0     -1

      2      0      0      0      0
      0      0     -2      0      0
      0      0     -1      0      0
     -1      0     -1      0     -1
     -1      0      0      0      1

      0      0      0      0      1
      1     -2      0      2      1
      1      0     -1      0      1
      0      0     -1      0      0
      0      0      1      0      0

      0      0      2      0      0
      0     -1      0      1      0
      0      0     -1      0      0
      2      0     -1      0      0
      2      0      0     -1      0

     -1      0      0      0     -2
      0     -1      0      1      0
      0      0     -2      1      0
      0      0     -2      1      0
      0      0      0     -2     -2

      1      0      3      0      0
      0     -1     -1      1      2
      0      0     -1      0      2
      0      0     -1      0     -1
      0      0      1     -1      0

      1      1      0      0      0
      0      0      0      2     -1
      0      1     -1      0     -1
      0      1     -1      0      0
      0      0      0      0      0

      0      0      0      0      0
      1     -2     -1      1      1
      1      0     -2     -1      1
      0      0     -2     -1      1
      0      0      0     -1      0

      1      1      2      0      0
      0     -1      0      0      1
      0      0      0      0      1
      0      0      0      0      0
      0      0      0      0      0

      3      4      3      2      1
      3      2      1      3      2
      3      2      1      1      2
      0      2      1      1      2
      0      3      1      0      0

      7      5      5      3      3
      4      2      4      4      6
      5      4      3      4      6
      3      4      3      4      3
      3      3      2      2      3

      8      8      6      6      5
      5      4      5      7      7
      6      5      4      3      7
      5      5      4      3      6
      5      6      5      5      3

      5      5      5      3      2
      3      2      2      4      5
      3      1      2      4      5
      2      1      2      4      3
      2      3      3      2      2

      2      2      2      0      0
      1      0      1      2      1
      1      2      0      0      1
      1      2      0      0      0
      1      2      0      0      2

      2      3      2      1      2
      2      1      2      3      2
      2      3      1      1      2
      2      3      1      1      2
      2      1      2      1      1

      7      6      5      6      6
      6      3      6      6      7
      5      4      4      5      7
      5      4      4      5      5
      5      5      4      5      4

      9      8      8      8      8
      8      7      6     11      9
      8      6      7      6      9
      7      6      7      6      7
      7      7      8      7      6

      7      7      7      7      8
      8      6      6      8      8
      7      6      7      6      8
      7      6      7      6      7
      7      6      6      5      6

      6      6      6      5      4
      6      3      5      6      6
      4      4      5      5      6
      5      4      5      5      4
      5      4      5      4      4

      7      5      7      5      5
      5      6      4      5      6
      3      5      4      5      6
      6      5      4      5      5
      6      5      4      3      4

      8      8      8      6      7
      7      5      8      9      8
      8      6      7      6      8
      6      6      7      6      6
      6      8      5      6      4

      9      8      9      7      8
      8      6      6      9     10
      7      8      6      7     10
      7      8      6      7      8
      7      5      6      7      6

      8     10     10      7      8
      8      7      8     11      9
      8      8      8      7      9
      8      8      8      7      8
      8      6      6      7      6

     10     10      9      8      9
      8      6      8      9     10
      8      7      7      8     10
      7      7      7      8      8
      7      6      7      5      7

      9     10     11      7      7
      8      6      8      9      8
      8      7      7      9      8
      8      7      7      9      6
      8      7      6      6      7

      9     10      9      9      8
      7      7      8     10     11
      7      8      7      7     11
      6      8      7      7      8
      6      7      8      8      7

      9      9     11      9      7
      7      7      8     10      9
      8      8      8      9      9
      7      8      8      9      9
      7      6      5      6      7

      8     10      8      8      8
      7      7      7      8      8
      8      8      6      8      8
      6      8      6      8      8
      6      7      7      6      7

      8      9     10      6      8
      7      6      7      8      8
      7      7      8      7      8
      6      7      8      7      7
      6      7      5      5      6

      8      9      9      5      9
      7      6      7      9      8
      8      6      5      7      8
      7      6      5      7      6
      7      6      6      5      6

      7      6      8      7      7
      6      5      7      9     10
      7      7      6      8     10
      7      7      6      8      7
      7      8      8      4      5

      8      7      7      4      7
      6      4      6      9      7
      6      7      5      5      7
      4      7      5      5      6
      4      4      7      6      5

      7      6      9      6      6
      6      5      7      8      7
      5      6      5      6      7
      6      6      5      6      7
      6      6      6      5      5

      6      7      7      7      7
      5      7      6      8      9
      8      7      6      7      9
      6      7      6      7      7
      6      7      6      5      6

      9      6      9      7      8
      7      7      8      9      8
      8      7      5      8      8
      8      7      5      8      7
      8      6      6      6      5

      8      8      8      8      6
      6      5      8      8      9
      8      6      5      7      9
      4      6      5      7      7
      4      6      6      5      6

      7      8      9      5      6
      7      6      8      9      8
      7      5      5      4      8
      8      5      5      4      7
      8      5      6      5      4

      9      8      9      5      7
      6      4      7      7      8
      6      6      7      5      8
      4      6      7      5      7
      4      4      4      4      2

      7      8      7      5      4
      5      3      6      6      9
      7      6      5      6      9
      6      6      5      6      6
      6      6      4      4      6

      7      7      6      6      6
      4      4      7      8      6
      5      4      3      5      6
      6      4      3      5      6
      6      6      6      4      5

      4      7      7      4      4
      5      3      6      7      7
      6      6      3      5      7
      5      6      3      5      4
      5      4      3      3      5

      5      7      7      5      5
      4      4      5      8      5
      6      5      4      4      5
      4      5      4      4      3
      4      3      5      4      3

      5      6      5      3      4
      5      4      3      5      7
      6      5      5      5      7
      5      5      5      5      4
      5      3      2      2      4

      7      9      7      4      3
      5      5      3      6      6
      6      5      4      4      6
      4      5      4      4      3
      4      7      4      4      3

      7      7      6      3      4
      4      2      6      6      4
      4      5      0      5      4
      4      5      0      5      3
      4      5      3      3      2

      5      4      7      3      4
      4      2      5      6      4
      4      3      4      4      4
      3      3      4      4      3
      3      3      5      2      3

      5      3      6      4      3
      6      0      4      5      6
      5      3      4      3      6
      3      3      4      3      0
      3      2      3      2      3

      4      6      3      1      1
      2      1      0      5      4
      2      5      2      2      4
      3      5      2      2      2
      3      5      4      3      0

      6      3      4      3      5
      3      2      4      5      4
      5      2      2      2      4
      2      2      2      2      1
      2      2      2      1      2

      4      5      3      3      3
      3      0      4      3      5
      3      1      1      1      5
      4      1      1      1      2
      4      1      1      1      3

      3      4      7      0      1
      2      2      2      2      4
      0      4      1      0      4
      0      4      1      0      1
      0      0      1      0      2

      3      3      6      1      2
      2      0      2      1      2
      2     -1      1      1      2
      3     -1      1      1      0
      3      3      0      1      2

      2      0      5      2      0
      4      0      0      4      3
      1      0      3      0      3
      3      0      3      0      0
      3      1      2     -1      2

      2      3      1     -1      1
      1     -1      0      2      0
      3      3      0      1      0
      1      3      0      1      2
      1      2      0     -1      3

      1      2      4      0      1
      0     -1      0      3      1
      4      1      0      0      1
      0      1      0      0      0
      0      1      0      0      0

      0      2      2      0      0
      0      0      1      2      1
      2      1      1      1      1
      1      1      1      1      1
      1      1      1      1      0

      2      3      1      3     -2
      0      0     -1      1      0
      1      0      2      0      0
      1      0      2      0     -2
      1      1      0      2      1

      1      0      1      0     -1
     -1     -1      0      0      5
      4     -1      0      0      5
      0     -1      0      0      1
      0      0      2     -1     -1

      1      0      3      0     -1
      0      0      0      2      0
      0      0      0      2      0
      0      0      0      2      1
      0      3     -2      0      0

      1      4      0     -1      0
      0     -1      0      2      3
      0     -2      2      0      3
      0     -2      2      0     -2
      0      0      0     -1     -1

      0      0      0      0     -1
     -1      0      0     -2     -1
      3      0      0      0     -1
      1      0      0      0     -1
      1      0      0      0     -2

      3      0      1     -1     -1
      2     -2     -1      1     -1
     -1      1     -1     -1     -1
      2      1     -1     -1      0
      2      0     -2      0     -1

      2      4      0      0     -1
      0      0     -3      1      0
      0      0      0     -1      0
     -3      0      0     -1     -2
     -3      0      0      0      0

