;
; ENVI ASCII Output of file: E:\Imaging\ROI_AVIRIS_TestSet\5_3_2.img [Wed Dec 06 10:35:21 2017]
; File Dimensions: 5 samples x 5 lines x 224 bands
; Line Format    : (5i7)
;
    465    475    480    468    483
    466    475    476    475    492
    470    490    472    469    485
    486    465    470    467    451
    466    460    481    483    488

    559    548    544    571    544
    545    548    551    564    546
    567    540    549    533    567
    543    537    540    555    538
    570    568    564    566    575

    580    583    597    593    580
    585    583    573    597    600
    589    591    602    593    585
    603    588    586    573    589
    601    597    584    589    603

    733    735    741    740    728
    748    735    715    740    746
    748    721    747    738    734
    744    734    756    732    739
    744    743    732    746    754

   1071   1071   1082   1069   1078
   1078   1071   1081   1066   1074
   1093   1079   1072   1071   1072
   1094   1065   1079   1082   1072
   1096   1079   1083   1081   1093

   1122   1125   1130   1124   1116
   1126   1125   1115   1130   1111
   1137   1142   1122   1122   1116
   1147   1135   1124   1139   1130
   1139   1139   1132   1144   1151

   1076   1067   1064   1055   1046
   1061   1067   1061   1055   1048
   1080   1073   1065   1060   1051
   1081   1068   1069   1072   1066
   1086   1076   1071   1087   1077

    996    988    987    975    975
    993    988    978    978    974
    995    999    992    985    982
   1007    985    994    991    987
   1015   1003    996   1002   1003

   1085   1076   1079   1052   1054
   1077   1076   1076   1069   1060
   1088   1085   1079   1065   1062
   1101   1078   1082   1085   1078
   1090   1088   1074   1091   1094

   1115   1100   1099   1083   1092
   1110   1100   1097   1095   1077
   1128   1118   1103   1091   1086
   1122   1105   1115   1109   1100
   1134   1122   1111   1125   1120

   1094   1080   1077   1065   1051
   1078   1080   1077   1065   1063
   1091   1086   1081   1068   1064
   1092   1076   1090   1088   1078
   1085   1084   1086   1097   1099

   1014   1013   1012    998    986
   1023   1013   1013   1002    997
   1030   1025   1006   1002   1004
   1030   1020   1019   1026   1016
   1031   1019   1021   1035   1037

    969    964    962    944    943
    969    964    959    954    946
    982    968    964    947    950
    971    969    975    971    960
    976    968    962    972    981

    873    875    870    851    856
    884    875    867    867    857
    886    877    874    868    863
    889    883    882    886    873
    878    884    878    889    892

    809    802    795    786    785
    804    802    800    796    786
    810    800    800    791    787
    803    800    807    812    804
    806    809    808    814    812

    719    711    710    707    710
    728    711    712    710    710
    719    720    712    713    710
    718    718    720    723    717
    718    723    719    723    728

    637    632    635    629    622
    638    632    637    632    631
    652    640    638    630    632
    643    636    636    638    637
    638    635    639    643    652

    606    603    605    601    595
    607    603    608    602    603
    617    608    608    598    603
    609    605    608    609    610
    605    605    609    615    617

    574    573    575    571    568
    575    573    578    571    574
    580    574    578    566    572
    575    573    578    578    584
    572    575    578    585    581

    543    540    532    537    532
    542    540    538    535    538
    541    541    540    541    535
    539    539    539    546    546
    535    533    537    544    544

    494    489    500    491    493
    498    489    498    496    493
    498    496    494    485    493
    493    502    498    501    497
    493    493    498    498    503

    451    456    457    459    454
    459    456    453    461    456
    456    456    453    451    455
    450    455    456    456    454
    450    455    457    463    457

    425    426    424    421    422
    425    426    425    425    427
    430    424    425    423    422
    427    423    425    430    427
    421    421    425    429    430

    375    376    382    375    374
    379    376    377    382    380
    382    378    374    375    378
    374    380    378    381    380
    370    375    381    387    383

    347    355    354    349    352
    355    355    356    350    355
    354    351    348    351    352
    353    353    352    352    356
    350    353    350    359    358

    339    341    341    341    343
    343    341    343    341    344
    342    339    339    335    340
    341    343    338    343    339
    333    344    340    339    346

    314    317    320    319    318
    316    317    316    319    322
    315    322    315    314    314
    319    316    320    317    322
    312    317    318    315    320

    292    294    296    290    291
    292    294    292    296    296
    297    294    292    292    291
    296    292    293    293    294
    287    292    292    292    293

    277    277    283    283    285
    283    277    285    283    286
    281    282    280    280    284
    279    287    283    280    284
    274    282    278    280    285

    255    259    260    260    262
    258    259    257    263    260
    265    254    257    256    260
    263    262    260    261    260
    253    259    262    262    265

    246    244    249    248    247
    247    244    248    246    247
    250    247    249    245    248
    246    246    247    246    250
    243    244    245    250    249

    240    239    238    241    241
    242    239    239    239    246
    244    244    241    242    241
    241    244    242    246    240
    239    241    242    240    245

    237    238    231    234    238
    238    238    242    236    245
    243    243    238    240    245
    239    241    237    245    237
    240    233    242    234    246

    239    240    238    241    241
    240    240    238    237    246
    243    244    240    242    242
    240    243    241    246    241
    239    240    243    239    243

    219    221    216    221    227
    222    221    219    218    230
    227    225    218    225    230
    225    226    223    226    222
    222    216    227    218    223

    195    198    193    195    197
    194    198    196    193    201
    203    202    197    198    203
    197    200    194    202    196
    193    194    197    190    198

    171    178    170    173    176
    169    178    173    168    177
    177    178    174    175    177
    175    176    172    177    172
    170    170    178    169    171

    157    168    165    166    168
    162    168    163    159    170
    166    169    167    168    176
    165    169    164    170    168
    168    162    171    159    162

    145    156    148    151    154
    146    156    148    142    154
    148    157    150    154    158
    150    153    148    153    151
    147    149    158    145    149

    113    121    118    119    117
    113    121    116    112    120
    116    121    116    121    125
    117    117    114    122    119
    118    115    123    113    112

    122    128    125    126    126
    120    128    120    114    128
    124    129    127    130    134
    126    126    121    126    127
    125    122    128    119    120

    129    140    135    140    135
    128    140    132    125    138
    134    142    136    140    147
    134    140    131    141    141
    137    131    143    129    130

    131    143    136    135    138
    126    143    128    127    140
    134    142    135    142    148
    135    138    132    141    143
    137    135    145    131    129

     79     87     84     84     84
     75     87     77     76     83
     81     86     82     85     89
     82     85     77     86     84
     84     78     87     79     76

     99    111    107    108    111
     97    111    100     95    106
    103    111    105    111    119
    105    106    100    110    111
    106    104    110    102     99

    105    118    113    115    111
    100    118    106    101    113
    108    115    111    114    122
    109    113    106    115    118
    111    109    118    106    103

     96    111    102    104    103
     92    111     96     90    105
     97    107    102    106    117
    102    103     99    102    107
    105    100    109     98     93

     88    102     95     96     96
     86    102     90     82     96
     90     98     95    100    106
     96     96     90     98    100
     97     91     98     91     86

     79     95     89     89     88
     77     95     80     74     87
     84     90     87     91     97
     86     87     82     89     89
     87     85     93     84     79

     64     78     73     70     70
     61     78     65     60     68
     66     71     69     73     80
     69     70     65     71     73
     71     68     73     67     61

     66     76     70     72     70
     62     76     64     58     71
     68     74     71     74     78
     68     69     64     73     77
     70     69     77     66     63

     67     82     73     77     75
     65     82     66     60     73
     69     79     75     77     83
     73     74     69     75     78
     73     71     78     69     64

     71     85     79     79     77
     66     85     72     64     79
     74     84     79     85     90
     77     78     72     81     84
     79     74     86     74     68

     66     84     75     76     75
     61     84     67     60     76
     70     77     75     77     85
     73     72     67     75     79
     75     71     80     69     63

     63     79     73     75     73
     60     79     64     57     70
     64     76     70     74     83
     71     73     67     74     77
     74     68     78     67     60

     60     75     69     69     68
     56     75     60     53     67
     61     73     68     70     80
     68     67     61     68     72
     70     65     73     62     56

     56     73     66     66     65
     51     73     57     50     63
     59     69     64     69     75
     62     61     58     66     70
     65     61     72     58     52

     42     57     51     51     50
     40     57     42     40     49
     47     53     49     53     58
     50     48     46     52     54
     51     49     52     46     42

     38     50     45     46     43
     34     50     38     33     43
     40     46     45     46     51
     41     42     38     44     47
     45     40     45     40     33

     33     44     41     40     37
     30     44     34     28     38
     36     40     39     41     48
     40     40     34     38     42
     41     37     43     36     33

     29     40     36     36     35
     27     40     30     27     33
     30     36     35     38     41
     36     34     30     37     39
     38     34     40     33     29

     23     30     25     26     19
     18     30     20     18     23
     21     26     25     26     31
     26     24     19     21     26
     24     22     27     20     19

     15     20     17     18     14
     12     20     14     11     15
     14     18     15     17     21
     15     17     14     16     17
     16     16     17     16     13

     15     20     19     17     16
     15     20     16     14     16
     16     18     18     19     19
     17     18     15     17     19
     19     18     20     16     14

     24     33     31     30     27
     21     33     23     21     28
     26     32     29     31     36
     28     28     24     31     33
     29     28     32     27     22

     27     39     34     35     32
     24     39     28     24     32
     30     36     32     36     43
     32     31     29     33     36
     32     31     35     30     24

     32     47     40     41     38
     27     47     31     27     37
     33     40     39     41     48
     38     38     33     40     43
     38     34     41     35     28

     33     48     43     44     39
     30     48     34     28     39
     35     44     41     43     50
     39     39     35     42     45
     40     39     44     37     31

     31     46     42     42     38
     28     46     33     26     38
     34     43     38     43     48
     38     37     34     40     46
     41     36     46     36     29

     31     46     40     42     39
     28     46     33     27     38
     33     41     40     43     48
     37     38     33     40     44
     39     36     46     35     28

     30     46     40     40     38
     27     46     31     25     37
     31     40     39     42     47
     37     37     33     39     45
     40     35     42     33     27

     27     40     37     37     34
     24     40     28     23     34
     28     36     34     39     44
     34     32     28     35     40
     35     32     39     30     24

     27     42     37     37     34
     24     42     28     21     33
     29     37     35     37     43
     33     33     29     35     40
     36     31     41     30     24

     25     38     36     35     32
     22     38     26     20     30
     27     34     33     36     40
     31     32     27     34     36
     32     31     37     28     23

     25     39     34     34     31
     21     39     27     19     31
     25     36     30     35     39
     31     32     27     33     38
     32     29     35     28     22

     22     36     30     31     27
     20     36     23     17     27
     22     30     27     31     38
     27     27     24     29     33
     28     26     32     25     19

     20     33     29     28     25
     18     33     21     16     25
     21     28     26     29     34
     25     25     22     27     30
     26     24     30     23     17

     18     30     27     25     23
     16     30     20     14     23
     20     26     24     27     31
     23     23     19     24     28
     24     22     27     21     15

     15     24     21     21     17
     12     24     15     10     17
     15     20     19     20     25
     17     18     15     20     22
     18     18     23     16     13

      7     16     13     13     10
      8     16      9      6     10
      9     12     11     13     14
     11     12     10     12     13
     11     10     13     10      8

      4      6      5      5      4
      3      6      3      2      4
      3      5      3      5      7
      5      4      5      5      5
      5      3      5      4      3

      2      5      5      3      3
      2      5      3      1      3
      4      4      4      4      5
      3      4      4      3      5
      3      3      5      4      3

      3      7      5      6      4
      3      7      4      2      5
      4      5      5      7      7
      4      4      3      5      6
      5      5      6      5      3

      3      6      5      5      4
      3      6      3      3      4
      4      5      6      5      7
      5      4      4      4      6
      5      5      5      4      4

      4      9      8      9      8
      5      9      5      4      7
      5      7      6      9     11
      7      6      6      8      9
      8      6      9      7      4

      9     16     14     13     12
      7     16      9      7     11
     10     13     12     13     16
     12     12      9     11     13
     12     11     14     10      8

     10     19     15     15     13
      8     19     10      7     12
     10     15     14     15     19
     15     13     12     14     16
     15     13     17     12      8

      9     17     14     14     12
      7     17      9      6     12
     10     14     13     15     17
     12     12     10     13     16
     14     12     15     12      9

     10     18     15     15     13
      8     18      9      7     13
     11     15     13     15     19
     12     13     10     14     16
     14     12     16     11      8

      7     16     13     13     10
      7     16      8      6     11
      9     14     12     13     16
     11     11      9     12     14
     11     10     14     10      7

      9     18     14     15     12
      8     18     10      6     13
      9     16     14     15     18
     13     12     10     13     17
     14     13     16     12      8

      9     18     16     14     13
      8     18     10      6     13
     10     15     13     16     18
     13     13     10     15     16
     13     13     17     11      8

      9     20     17     17     14
      8     20     10      7     14
     10     18     15     16     20
     13     14     10     15     18
     16     14     18     12      8

     10     21     17     17     15
      8     21     11      6     13
     10     16     16     17     21
     15     14     11     15     18
     14     13     16     12      8

      9     19     15     15     13
      8     19     10      6     12
      9     16     14     15     19
     13     13     10     14     17
     14     12     17     12      7

      8     18     15     13     13
      7     18     10      5     12
      9     15     11     14     19
     12     11      9     13     15
     12     12     14     10      6

      9     19     15     15     13
      8     19     10      5     12
      9     16     14     15     19
     13     13     10     14     17
     14     12     17     12      7

     12     14     11     19     13
     17     14     13      9     20
     12     12     10     14     13
     15      8     11     14     11
     15     10     10      9     11

     13     14     10     16     16
     11     14     16      8     14
     13     13     13     11     13
     13     13     13     13     13
     12     10     16     13     12

      6     14      9     15     14
     14     14     12      8     14
     14     12     16     16     12
     15     18     12     10     13
     12     12     16     11     12

     11     13     12     13     13
     12     13     14      7     13
     18     15     13     10     13
     14     14     13     18     13
      9     12     14     15     10

      8     13     10     12      7
     12     13     11      6     13
     11     10     12     11     14
     11     12     10     16     10
     15     11     11     10      9

      6     10      7      9     11
      9     10      8      6      7
      8      9     10     10      8
     12     10      9     10      7
     11     11     11      6      5

     99    100     73     96     92
     72    100     75     53     98
     89    100     77     83     67
     88     60     67     85     51
     43     65     73     62     64

      3      6      3      6      5
      5      6      3      0      3
      2      6      3      6      6
      3      4      2      6      4
      6      6      6      1      3

      2      4      4      4      1
      2      4      2      0      1
      2      4      3      3      5
      0      2      2      5      2
      6      2      4      1      3

      0      1      1      0      0
      0      1      0      0      1
      3      0      1      0      0
      0      0      0      2      2
      0      0      0     -2      0

     -2      0      0     -1      0
      0      0     -2     -2     -1
     -1      3      0      1      1
     -2      0      0      2      0
      0     -1      0     -1     -1

      0      1      0      1      2
      0      1      0     -3      0
      1      2      1      0      2
      0      0      2      0      0
     -2      0      2      0      0

     -1      0      1      0      1
     -1      0      0      0      1
     -1      0      0      0      0
      0     -1      0      1      0
      2      1      0      0      0

     -5      2     -4      0     -5
      4      2      1     -3      0
      0      8     -1      6      1
     -1     -3      3      5     -2
      6      4      0      1     -3

     -2      0      0      1     -1
     -1      0      0     -1      0
      1      2      1      1     -1
      0      0     -2      2      0
      2      1      2      0      1

      0      1      0      2     -1
      0      1      2     -1      0
     -2      2      0      1      3
     -1     -1      1      0     -2
      2      1      0     -2     -1

      0      1      1      4      0
      1      1      0     -2      2
     -2      3      1      2      0
      1      0      3      0      0
      0      1      1      0      0

      1      0      0      2      2
      2      0      2      0      3
      1      2      0      2      0
     -1      0     -1      1      0
      2      1      2      0     -3

      0      2      1      4      0
      0      2      0     -3     -1
      0      2      1      0      4
      0      0      0      0      0
      0      2      2      0      0

      3      2      0      2      0
      1      2      1      1      3
      0      2      1      0      2
      1      1      2      2      1
      4      1      4      1      0

      1      4      2      6      1
      3      4      3      0      6
      2      7      4      1      4
      3      2      2      2      5
      4      2      5      3      3

      0      3      1      3      4
      2      3      0     -1      2
      2      2      0      2      4
      4      2      1      4      2
      2      4      3      1      1

      4      5      4      2      3
      4      5      4      0      5
      5      4      3      4      5
      4      2      5      5      4
      5      2      3      4      3

      6      9      5      6      6
      4      9      7      5      7
      7      6      7      6      6
      5      5      6      7      7
      6      8      8      6      4

      8     10      9      8      8
      9     10     11      6     11
      8     11     10     11     10
     10      9     10     10      8
      8      8     10      8      5

     11     11     10     13     12
     11     11     11     10     13
     10     11     14     11      9
     10     11     10     11      9
     10     13     10     10     10

     11     14     13     13     15
     14     14     11     11     13
     12     12     10     11     11
     11     12     12     14     12
     12     12     11     12     10

     11     13     12     13     13
     11     13     13     10     13
     10     13     11     11     10
     11     12     13     12     12
     11     12     12     13     11

      9     16      9     16     18
     12     16     14     12     14
     14     14     12     13     14
     10     14     14     13     10
     12     14     14     14      8

     13     12     13     14     14
     15     12     13     10     15
     12     14     13     13     12
     12     12     13     14     11
     12     14     13     12     12

      9     13     11     14     13
     13     13     11     10     13
     10     12     10     12     12
     11     10     10     12     11
     12     13     10     13     12

      9     14     10     10     11
     11     14      9      7     12
     12     12     11     10     11
      9     10     11     11     10
     12     11      9     12     10

      9     12     12     12     12
     12     12     10      9     12
     11     11     10     12     11
     10     11     12     13     11
     11     12      9      9      8

      8     10     11     11     13
     12     10     10      8     13
     10     11     10     11     11
     11     10     10     11     11
     11     12     13     10     12

      8     13     10     13     11
     10     13     10      9     12
      9     12     10     10      8
     11      9     10     11      8
     11     11     11     10     10

      9      9     10      9     10
      9      9      9     10      8
     10      9      9      8     10
     10      8      9     11      9
     11     10     11      8      9

      9     13     11     13     11
     11     13     11      9     13
     10      9     10     11     10
     10     10      9     11     10
     10     10     10      9     10

     10     11     10     11      9
     11     11     12      9     10
     10     10     10     10      8
      9     10      8      8      9
     10      7      9      8      9

     10      9     11     10     11
      9      9      8      8     11
      9     10      8      7      9
      9      8      9      9      8
     11      8     10      9      7

      8      9     10     10     10
      9      9      8      7      9
      8     10      9      7      8
      6      8      9     10      9
      9      9      9      8      7

      7      9      9      8     10
      9      9     10      9     10
      9      9      9      9      7
      7      9      9     10      9
      9      9     10      7      6

      8      8      9     10      9
      9      8      7      8      8
     10     10      8      7      8
      7      8      7     10      8
      9      8     10      9      7

      6      8      9      9      8
      7      8      9      8     10
      8     10      9      7      9
      5      8      9      9      9
     10      9      9      8      6

      7      8      9      8      9
      9      8      7      7      9
      8      8      9      7      8
      6      5      8      8      5
      8      8     10      7      6

      7      9      9      8      8
      9      9      9      5      9
      8      6      9      8      9
      5      6      8      9      7
      7      7      6      7      6

      6      6      8      7      7
      8      6      8      7      9
      7      8      5      7      7
      6      6      8      8      6
      7      7      7      7      8

      6      7      6      8      5
      7      7      6      6      6
      4      8      6      6      4
      6      7      4      6      5
      7      7      8      5      5

      5      6      8      7      6
      4      6      7      7      8
      6      5      7      6      6
      6      7      7      7      7
      7      5      6      4      4

      5      8      3      5      6
      5      8      5      4      8
      7      7      5      6      5
      4      8      7      8      8
      3      5      4      1      0

      2      4      6      5      5
      5      4      5      3      6
      6      5      3      6      7
      5      6      3      5      5
      3      6      4      4      4

      3      5      6      4      5
      5      5      4      3      6
      4      6      4      5      5
      4      5      4      6      3
      5      5      5      5      2

      2      5      3      3      3
      3      5      3      1      5
      2      3      2      4      2
      2      2      0      3      0
      4      3      4      3      0

      3      3      0      3      3
      3      3      5      1      2
      1      2      1      1      2
      2      3      2      3      2
      6      4      2      1      2

      3      2      1      0      1
      3      2      2      0      0
      1      2      1      0      2
      1      1      2      2      0
      2      2      1      0      0

      0      1      0      1      0
      1      1      2      0      0
      2      2      1      0      1
      0      1      1      0      1
      1      2      1      1      0

     -2      0      1      0     -2
      0      0      0      0      1
      0      0      0     -1      0
      0     -1      0      0      0
      2      0      0     -1     -1

     -1      0     -1      0     -1
      0      0      0     -2      0
     -2      2      0     -4      0
      0      0      1      0      0
      2      2      0      0     -1

     -1      0      0      1      0
      0      0      0      0      0
      0      0      0      0      1
     -1      0     -1      0      0
      1      0      0     -1      0

     -1     -2     -3      0     -1
     -1     -2      0     -1      0
      0      1      0      0      0
      1      0     -1      2     -1
      0      0     -1     -1     -1

      0      0     -1      1      0
      0      0      0     -1      0
      0     -1      1      0      0
      0      0      0     -2      0
      0      0      1      0     -1

     -2     -1     -2      1     -2
      0     -1      0      1     -1
      0      2     -2      0      0
      0      0     -1      0      1
      0      0      2     -1      0

     -1      0      0      0     -3
      3      0      0     -2      0
      1      0      2      0      0
      0      0      0      1     -1
      0      0      0      0     -1

      0      0     -1      2     -1
     -1      0      0     -2      2
     -1      1      0      2      1
      0      2      0      1      1
      0      0      0     -2     -2

      2     -2      0      0      0
      0     -2     -1     -1      0
      0      0      0      0     -1
      0      0      0      0      0
      0      0     -1      0      0

     -1      0      0      1     -2
      0      0      2      0      0
      0      0      1      0      0
      0      0      1      1      0
      0      0      0      0     -2

      0      0      0      0      0
      0      0      0      0      0
     -1      0      0      1      0
     -1      0      1      0     -1
     -1     -1     -1      0      0

      0      0      0      1     -1
      1      0      0      0      1
     -1      0      0      0      0
      0      1     -1      1     -1
      0      0     -1      0     -1

      1      1      0      0      0
      0      1      0      1      0
     -1     -1      0      1      1
     -1      1     -1      1      0
      1     -1     -1      0      0

      1      0     -1      0      0
      0      0      0      0     -1
     -1      0      0     -1      0
      0      0      0      1     -1
      0     -1      0      1      0

      0      0      0     -2      0
      0      0     -1      0      0
      0     -1      0      0      0
      0      1      0      2      0
      2     -2      0      0     -1

      0      0      0      0      0
      0      0      0      0      0
      0      1     -2      0      2
      0      0      0      0      0
      1      0      0      0      0

      0      0      0      1      0
      0      0      0      1      1
      0      0      0      2      0
      0      1      0      0      0
      0      0      0      0      0

     -2      0      0      1      0
      0      0      0     -2      1
      0      0      0      0      0
      0      1      1      0      0
     -1     -1      1      1      0

      0      2      3      1      0
      0      2      1      1      1
      0      1      1      1      0
      0      2      1      1      3
      1      0      1      1      1

      2      2      2      2      2
      3      2      2      2      2
      0      2      1      3      2
      2      3      3      1      2
      1      2      2      2      2

      2      3      2      4      3
      4      3      5      4      3
      3      4      4      3      3
      3      3      3      4      2
      3      3      2      3      4

      2      1      1      1      2
      1      1      2      2      2
      0      1      2      1      2
      1      2      2      2      1
      2      2      2      1      2

      1      2      0      0      0
      1      2      1      1      0
      0      0      1      1      1
      2      2      2      1      0
      1      0      0      1      0

      1      0      2      0      0
      1      0      2      1      1
      0      0      0      3      1
      3      2      1      2      0
      0      0      1      3      1

      3      3      4      5      3
      4      3      5      5      4
      1      3      4      5      2
      4      3      4      2      4
      3      3      2      4      2

      4      4      4      5      4
      5      4      5      6      6
      2      5      4      5      5
      5      5      6      5      5
      4      3      4      6      4

      4      3      3      4      4
      4      3      4      4      3
      2      3      1      4      4
      4      4      4      4      5
      4      2      2      2      4

      3      2      3      3      4
      3      2      3      3      3
      0      3      3      4      1
      3      2      4      2      3
      3      3      3      2      2

      3      2      3      3      3
      2      2      3      3      3
      2      3      3      3      3
      2      5      3      1      4
      2      2      2      2      3

      3      3      3      4      4
      3      3      4      3      3
      3      3      3      6      4
      3      4      4      5      3
      3      3      2      5      4

      5      3      5      4      3
      4      3      5      4      5
      1      4      4      5      4
      4      4      3      3      4
      4      3      4      4      2

      5      4      4      4      4
      4      4      4      4      5
      4      5      4      5      4
      5      5      4      6      3
      3      4      4      5      2

      3      5      5      6      3
      4      5      4      4      6
      2      5      3      6      3
      4      5      5      4      4
      4      3      4      3      5

      5      3      4      5      3
      4      3      4      4      4
      4      3      3      3      4
      3      4      3      3      4
      4      4      4      5      4

      6      3      4      4      3
      4      3      5      2      5
      3      5      4      5      4
      4      5      4      5      3
      2      4      4      4      4

      4      5      5      4      5
      3      5      4      3      6
      4      2      3      5      3
      4      3      4      5      3
      4      3      2      4      3

      2      4      5      4      5
      5      4      3      3      5
      3      3      5      4      4
      2      5      4      4      3
      3      4      3      3      1

      5      5      5      2      4
      3      5      3      3      3
      2      1      3      4      4
      2      5      3      3      3
      3      2      4      3      4

      2      4      4      6      3
      4      4      3      1      5
      3      4      3      4      3
      4      5      4      4      4
      3      2      4      3      4

      4      3      5      4      3
      3      3      3      2      4
      2      3      3      2      2
      3      5      3      4      3
      3      3      3      3      3

      3      2      3      3      3
      4      2      3      3      3
      3      2      2      3      3
      3      4      3      3      3
      3      2      3      4      3

      3      3      3      5      3
      2      3      3      3      3
      1      2      3      1      2
      3      3      3      3      3
      5      4      2      3      3

      3      4      3      4      5
      3      4      1      4      3
      2      4      3      3      4
      3      2      3      3      3
      3      1      3      3      5

      3      5      4      5      3
      3      5      5      2      4
      3      3      4      5      4
      3      4      2      4      3
      4      1      4      3      2

      3      1      3      4      4
      3      1      5      3      3
      3      2      3      3      3
      3      2      4      3      3
      2      4      2      3      2

      2      3      3      4      3
      5      3      4      3      4
      1      4      4      3      2
      2      5      3      3      4
      2      1      2      2      2

      4      2      3      4      3
      5      2      3      2      3
      3      2      3      3      2
      1      2      3      3      3
      2      2      1      3      2

      3      4      3      2      4
      2      4      4      4      4
      3      3      4      3      2
      5      3      1      4      4
      3      4      3      1      2

      4      4      4      1      2
      3      4      3      4      3
      0      1      1      3      2
      3      1      1      1      2
      2      2      2      2      1

      3      2      3      4      3
      1      2      3      1      4
      2      0      2      3      3
      2      3      2      2      3
      4      1      1      2      3

      4      3      3      4      2
      2      3      3      3      2
      3      3      2      3      2
      1      3      1      3      3
      2      1      3      1      2

      1      3      0      3      4
      0      3      2      3      4
      0      1      1      2      2
      2      2      2      1      1
      3      1      1      2      2

      1      3      3      1      3
      0      3      1      4      2
      1      2      2      5      2
      2      4      2      2      2
      4      1      1      1      2

      2      2      3      2      3
      2      2      3      3      3
      1      4      1      2      3
      2      4      2      2      1
      0      2      2      1      2

      0      3      3      1      2
      0      3      2      1      1
      2      2      2      2      2
      4      3      1      3      2
      0      2      3      1      0

      1      3      2      4      1
      1      3      3      1      2
      1      2      1      3      2
      1      2      0      1      1
      0      0      2      1      2

      0      0      0      1      2
     -1      0      0      3      2
      0      4      0      0      0
      0      0      1      0      1
      1      1      3      0      0

      0      2      0      5      1
      2      2      0      0      3
      1      1      2      0      1
      3      2      0      0      1
      1      0      0      2      0

      2      2      1      3      1
      2      2      4      0      2
      0      1      1      2      0
      1      2      1      0      0
      2      0      0      0      0

      0      1      3      0      2
      2      1      1      2      2
      1      0     -1      0      0
      1      2      0      1     -1
      1      0      1      4      1

      2      0      0      1      2
      0      0      1      1      2
     -1     -1      0      0      0
      2      2     -3      1      0
      0      0      2      3      0

      2      2      0      1      0
      0      2      0      1      0
      0      1      0      2      0
      2      2      0      0      1
      0      0      1      3      0

      0      0     -1      2      2
      0      0      2      2      0
      0      0      2      0      0
      0      0      0      0      1
      0      1      0      1      0

      0      2     -1      2      0
      0      2      1      0      0
      0      0      0      2      0
      0      0      3      1      0
      1      0      1      1      0

      1      2      1      1      0
      1      2      1      1      2
     -2      1      1      0      0
      0      3     -3      0      0
      2     -1     -1      0      0

     -2      0      1      3     -1
      0      0      1      0      2
      1     -2     -1      6     -1
     -4      3     -2      0      2
      0      0      0     -2     -4

      0      0      0      1      0
      0      0      0     -1     -2
      0      1      2      0      0
      0      1     -1      0     -1
     -1      0     -2      1      0

      0      0      0      2     -1
      0      0      0      0      1
     -1      0      0      2      0
      1     -1      0      1      3
      1      1     -1      0      2

      1      3      0     -1     -2
     -1      3      0     -1      0
      0      1      0      0      0
      0      1     -1      0     -1
      1     -2     -1      0      3

      1      1      0      2      2
      2      1      0      0      0
      0     -1      0     -3     -1
      0     -1     -1      0      0
      0     -3      0      0      1

      0      0      0      1     -1
     -3      0      0      0      0
     -4      0      0      1     -1
     -2      0     -1      0     -1
      1     -2     -3      0      1

     -4      0      0      2     -2
      0      0      0     -1     -3
     -1     -1     -3     -1      1
      0      1      0      0     -1
      0      0      0      0     -2

