;
; ENVI ASCII Output of file: E:\Imaging\ROI_AVIRIS_TestSet\5_3_6.img [Wed Dec 06 11:42:17 2017]
; File Dimensions: 5 samples x 5 lines x 224 bands
; Line Format    : (5i7)
;
    490    490    471    491    478
    494    491    486    469    478
    497    484    486    469    475
    497    484    480    485    475
    481    469    464    478    494

    567    567    570    561    562
    563    552    556    547    562
    576    555    556    547    566
    576    555    548    564    577
    557    570    563    568    547

    603    603    579    612    592
    598    595    584    588    592
    594    595    584    588    583
    594    595    577    587    588
    582    589    570    601    600

    741    741    737    737    744
    739    748    752    739    744
    750    744    752    739    742
    750    744    726    735    735
    741    736    744    739    753

   1072   1072   1071   1079   1073
   1077   1077   1079   1071   1073
   1082   1064   1079   1071   1091
   1082   1064   1065   1071   1071
   1079   1090   1082   1092   1094

   1113   1113   1118   1119   1121
   1115   1115   1131   1128   1121
   1121   1121   1131   1128   1127
   1121   1121   1121   1133   1127
   1129   1133   1129   1138   1135

   1051   1051   1047   1062   1060
   1054   1051   1055   1058   1060
   1046   1049   1055   1058   1064
   1046   1049   1054   1061   1063
   1080   1066   1055   1074   1068

    973    973    978    977    978
    980    972    974    979    978
    972    975    974    979    973
    972    975    975    987    984
    991    997    978    998    996

   1060   1060   1050   1063   1059
   1050   1065   1057   1068   1059
   1051   1063   1057   1068   1070
   1051   1063   1054   1067   1069
   1076   1068   1076   1072   1077

   1087   1087   1077   1089   1080
   1077   1075   1082   1087   1080
   1081   1078   1082   1087   1095
   1081   1078   1089   1090   1090
   1105   1090   1095   1097   1098

   1053   1053   1050   1052   1058
   1059   1038   1060   1057   1058
   1051   1047   1060   1057   1059
   1051   1047   1060   1065   1053
   1072   1067   1060   1071   1061

    974    974    987   1000    992
    987    972    992    995    992
    980    990    992    995   1001
    980    990    982   1003    996
    998    998   1000   1008   1003

    933    933    937    946    938
    944    924    933    942    938
    934    936    933    942    945
    934    936    943    944    943
    950    950    951    956    946

    852    852    849    857    857
    851    846    853    856    857
    851    849    853    856    860
    851    849    851    862    859
    857    863    866    862    857

    783    783    776    785    785
    787    776    783    782    785
    779    777    783    782    788
    779    777    783    791    787
    789    789    793    790    792

    703    703    697    708    700
    697    698    700    702    700
    695    698    700    702    706
    695    698    701    705    704
    699    704    709    707    707

    623    623    619    628    625
    621    617    626    620    625
    613    621    626    620    627
    613    621    623    625    625
    627    626    626    632    626

    597    597    591    594    596
    590    590    598    593    596
    586    590    598    593    594
    586    590    593    593    596
    594    594    596    600    595

    572    572    562    559    566
    559    563    569    564    566
    558    557    569    564    559
    558    557    562    560    566
    561    560    565    567    563

    525    525    527    526    527
    521    523    527    526    527
    520    522    527    526    526
    520    522    522    523    529
    524    524    528    528    530

    483    483    482    483    480
    484    476    476    480    480
    477    473    476    480    484
    477    473    476    482    482
    479    480    483    485    484

    451    451    443    442    447
    442    446    441    443    447
    438    439    441    443    447
    438    439    440    444    443
    437    441    444    443    447

    414    414    409    414    413
    411    411    414    409    413
    407    407    414    409    415
    407    407    408    412    411
    408    411    410    414    412

    366    366    368    368    366
    361    367    366    367    366
    360    360    366    367    366
    360    360    364    363    365
    362    362    362    365    366

    342    342    339    341    338
    338    343    342    341    338
    334    339    342    341    337
    334    339    339    341    341
    338    340    342    344    338

    325    325    328    328    328
    325    324    331    327    328
    327    327    331    327    324
    327    327    323    325    324
    322    326    323    326    325

    306    306    305    303    309
    303    303    300    298    309
    297    302    300    298    305
    297    302    304    303    297
    300    302    302    303    305

    282    282    280    282    279
    282    281    286    277    279
    275    277    286    277    280
    275    277    274    282    280
    277    277    279    285    283

    271    271    270    270    268
    272    268    268    268    268
    262    267    268    268    267
    262    267    266    269    267
    265    265    266    267    271

    250    250    247    253    249
    247    249    251    247    249
    244    247    251    247    248
    244    247    246    246    245
    243    247    245    249    251

    239    239    234    237    241
    231    233    234    234    241
    228    231    234    234    234
    228    231    231    231    232
    232    230    231    232    234

    231    231    232    233    228
    231    232    229    228    228
    223    226    229    228    230
    223    226    226    225    228
    227    228    228    231    230

    235    235    230    234    225
    229    236    231    224    225
    222    230    231    224    230
    222    230    226    222    226
    228    224    226    232    227

    229    229    232    232    228
    231    233    230    227    228
    223    226    230    227    230
    223    226    226    225    228
    228    229    228    231    230

    213    213    216    217    210
    215    220    216    210    210
    203    214    216    210    213
    203    214    211    206    212
    211    214    210    216    212

    190    190    189    192    186
    192    197    194    186    186
    182    188    194    186    190
    182    188    185    186    189
    188    188    186    191    184

    165    165    169    167    165
    167    174    172    163    165
    160    165    172    163    170
    160    165    166    163    168
    163    166    162    168    164

    164    164    160    161    159
    159    164    162    155    159
    155    158    162    155    163
    155    158    155    155    161
    159    157    156    161    156

    144    144    149    146    145
    145    152    150    140    145
    142    145    150    140    149
    142    145    143    142    147
    146    141    143    149    143

    114    114    115    113    114
    111    118    118    110    114
    110    114    118    110    115
    110    114    113    109    117
    113    113    112    114    114

    118    118    121    120    120
    119    124    123    116    120
    114    120    123    116    122
    114    120    118    117    120
    118    121    118    120    120

    127    127    130    131    129
    128    133    135    123    129
    121    129    135    123    133
    121    129    127    126    130
    127    131    126    133    128

    122    122    131    129    130
    127    136    133    124    130
    124    129    133    124    136
    124    129    127    127    132
    130    133    125    132    128

     74     74     79     79     79
     78     82     83     74     79
     76     78     83     74     83
     76     78     77     77     79
     77     78     78     79     78

     94     94    103    100    101
     97    104    106     94    101
     95    100    106     94    104
     95    100    100     95    101
     99    100     99    102    100

    100    100    106    108    106
    102    109    110     99    106
     98    106    110     99    109
     98    106    103    103    105
    105    105    100    108    105

     91     91     97     94     98
     94    102    103     89     98
     92     97    103     89    101
     92     97     96     91     99
     98     97     94     99    100

     85     85     93     90     90
     87     95     96     84     90
     85     89     96     84     93
     85     89     89     85     92
     90     91     85     92     90

     77     77     85     82     84
     81     87     89     76     84
     76     82     89     76     85
     76     82     82     80     84
     81     85     79     82     84

     61     61     67     67     66
     63     70     70     62     66
     61     67     70     62     70
     61     67     65     64     68
     66     69     64     68     66

     62     62     67     65     66
     64     70     70     61     66
     61     66     70     61     68
     61     66     65     63     67
     67     67     63     68     67

     62     62     71     67     71
     66     72     74     62     71
     63     67     74     62     72
     63     67     66     66     70
     68     73     65     72     71

     66     66     76     72     74
     71     79     77     67     74
     68     71     77     67     77
     68     71     71     70     74
     75     75     68     76     74

     64     64     70     67     70
     66     73     74     62     70
     61     68     74     62     71
     61     68     69     64     69
     71     70     64     70     72

     59     59     68     67     68
     65     71     72     62     68
     60     66     72     62     72
     60     66     67     63     69
     68     70     64     71     69

     55     55     64     63     64
     60     67     68     55     64
     57     62     68     55     64
     57     62     61     59     64
     65     65     59     64     64

     53     53     62     59     60
     57     64     65     54     60
     54     60     65     54     63
     54     60     57     57     60
     62     63     55     61     62

     40     40     46     46     48
     45     50     53     42     48
     44     45     53     42     50
     44     45     45     44     47
     48     50     43     48     48

     36     36     41     39     41
     37     45     45     37     41
     37     41     45     37     42
     37     41     40     38     41
     42     43     39     41     41

     30     30     36     36     38
     35     38     41     32     38
     32     36     41     32     40
     32     36     33     36     37
     36     39     35     39     39

     29     29     33     32     34
     31     36     37     28     34
     31     32     37     28     35
     31     32     32     31     33
     33     35     31     33     35

     16     16     20     19     22
     20     22     23     17     22
     22     22     23     17     22
     22     22     16     23     25
     23     19     17     23     20

     11     11     14     15     16
     14     16     16     13     16
     16     15     16     13     16
     16     15     13     15     16
     14     16     13     16     17

     12     12     15     16     15
     14     17     20     13     15
     15     14     20     13     17
     15     14     14     14     17
     17     16     15     17     16

     22     22     27     25     28
     24     28     31     23     28
     24     28     31     23     29
     24     28     24     26     27
     27     28     24     27     27

     24     24     32     28     32
     29     32     35     27     32
     27     30     35     27     32
     27     30     29     29     31
     31     32     30     31     31

     29     29     36     33     37
     33     39     37     30     37
     33     36     37     30     38
     33     36     34     33     38
     36     36     33     38     37

     31     31     39     38     40
     34     42     42     34     40
     35     37     42     34     42
     35     37     35     36     39
     37     39     35     40     40

     30     30     37     35     37
     33     39     40     31     37
     32     36     40     31     40
     32     36     35     34     38
     37     37     33     37     39

     29     29     37     35     37
     32     41     41     30     37
     32     35     41     30     39
     32     35     35     33     37
     36     37     32     38     38

     29     29     37     35     38
     33     37     41     30     38
     31     35     41     30     38
     31     35     34     33     37
     35     36     31     36     38

     25     25     33     31     34
     29     35     38     27     34
     28     30     38     27     34
     28     30     31     29     34
     33     35     28     34     33

     26     26     33     31     33
     30     35     36     28     33
     28     33     36     28     35
     28     33     31     31     34
     33     34     29     33     34

     24     24     30     29     32
     25     34     35     25     32
     26     30     35     25     34
     26     30     29     30     31
     31     32     28     32     32

     24     24     30     29     31
     27     33     34     23     31
     26     30     34     23     32
     26     30     28     28     30
     31     30     26     30     31

     21     21     27     27     28
     23     29     31     22     28
     22     26     31     22     28
     22     26     25     24     28
     28     29     23     28     30

     19     19     25     24     26
     22     27     29     20     26
     21     24     29     20     27
     21     24     23     22     26
     26     27     22     26     27

     17     17     24     21     24
     21     26     26     18     24
     20     22     26     18     26
     20     22     22     21     23
     23     25     21     24     24

     13     13     17     17     19
     16     19     20     13     19
     15     17     20     13     19
     15     17     15     16     17
     19     18     15     19     20

      7      7     11     11     10
     10     11     12      8     10
      9     10     12      8     10
      9     10     10     10     12
     11     11      9     10     11

      2      2      5      4      4
      4      3      5      3      4
      5      5      5      3      4
      5      5      3      3      5
      5      4      3      5      4

      1      1      5      3      3
      2      2      4      3      3
      3      3      4      3      3
      3      3      2      2      5
      4      3      3      4      2

      2      2      5      4      5
      4      3      6      4      5
      6      5      6      4      6
      6      5      4      4      5
      5      5      4      5      4

      2      2      4      4      5
      4      4      5      3      5
      4      4      5      3      6
      4      4      3      4      4
      4      6      4      5      4

      4      4      7      6      5
      7      6      6      5      5
      6      6      6      5      7
      6      6      6      6      6
      7      7      6      7      8

      7      7     11     11     12
     10     12     14      8     12
     10     11     14      8     12
     10     11     10     10     13
     13     14      9     13     11

      9      9     14     14     14
     12     16     17     11     14
     11     13     17     11     16
     11     13     12     12     13
     15     16     12     15     14

      9      9     13     12     13
     10     13     14     10     13
     10     11     14     10     13
     10     11     12     11     14
     13     13     10     13     13

      8      8     14     13     14
     11     14     16     10     14
     11     13     16     10     14
     11     13     11     12     14
     14     15     11     14     14

      8      8     11     11     11
     10     12     13      8     11
      9     11     13      8     12
      9     11      9     10     12
     11     11      8     12     12

      9      9     13     12     13
     12     13     16      9     13
     11     12     16      9     13
     11     12     12     11     14
     15     14     11     14     14

      8      8     14     13     14
     11     14     15     10     14
     11     13     15     10     14
     11     13     11     11     13
     14     14     11     14     14

      9      9     15     15     16
     13     16     17     11     16
     12     14     17     11     15
     12     14     14     13     15
     16     16     12     16     17

     10     10     16     14     16
     13     15     18     11     16
     13     13     18     11     15
     13     13     13     13     14
     15     17     12     16     14

      9      9     13     13     15
     12     14     17     10     15
     11     13     17     10     15
     11     13     12     12     14
     14     15     12     14     14

      7      7     12     11     14
     10     14     14      8     14
      9     12     14      8     13
      9     12     11     12     13
     12     14     11     12     13

      9      9     13     13     15
     12     14     17     10     15
     11     13     17     10     15
     11     13     12     12     14
     14     15     12     14     14

     10     10     13     10     11
      8     10     11     15     11
      7      8     11     15     12
      7      8     13     14     12
     11     10     10     14     16

     12     12     12     15     11
     12     15     10      8     11
     14     10     10      8     12
     14     10      9     12     14
     12     13     13     12     14

     11     11     15     16     14
     10     11     11     13     14
     14      8     11     13     11
     14      8     13     11     16
     12     12     11     13     13

     11     11     13     13      9
     11     13     12     10      9
     10     10     12     10     14
     10     10     13     13     14
     12     10     14     13     10

     10     10     12      9      7
     11     11     13     10      7
     10     10     13     10     12
     10     10      7     11     12
     11     11     12      7     11

      8      8     10     11      8
      7      7     12      6      8
      8      7     12      6      8
      8      7      8     10     10
      9      6      9      9      6

      4      4    -13    -19    -19
     23     28     24      0    -19
    -10    -15     24      0    -11
    -10    -15    -15    -17    -12
    -31    -29    -27    -22    -25

      4      4      4      4      3
      4      1      3      4      3
      3      3      3      4      3
      3      3      4      5      3
      6      3      3      3      2

      2      2      3      3      3
      4      3      3      2      3
      1      3      3      2      1
      1      3      2      3      1
      3      1      3      1      3

      0      0      1      0      0
      1      0      1      1      0
      0      1      1      1      0
      0      1     -2      0      1
      0      0      1      1      0

     -1     -1      0      0      1
      0      0      0     -2      1
      0      0      0     -2     -1
      0      0      1     -2      0
      0      1      1     -1      0

     -1     -1      2      1      0
      0     -1      2      0      0
      0      0      2      0      0
      0      0     -1      0      0
      0      0      1      1     -1

      0      0      1      0     -1
      1      0     -1      0     -1
      0      0     -1      0      0
      0      0      0      0      1
      1      0      0      0     -1

      3      3      0      4      0
     -4      0      2      5      0
     -2      0      2      5     -2
     -2      0     -5     -1      0
      0     -4     -2      0      2

     -4     -4      5      1      1
     -1      1      2      0      1
      0     -3      2      0      0
      0     -3      0      0      2
      3      3      4      3      0

      0      0      2     -1      2
     -3     -1      1      0      2
      0     -3      1      0      0
      0     -3     -3      0      0
      1      1      0      0      2

      3      3      0      1      0
      0      3      0      0      0
      0      0      0      0     -1
      0      0      0      0      3
      2      0      2      1      2

     -1     -1      1      1      0
      0      0      0      2      0
      0      0      0      2      2
      0      0     -1      0      3
      3      2      1      2      3

      0      0      0      1     -1
      0      1      0      1     -1
      1      0      0      1      1
      1      0     -1      1      1
      3      0      4      2      3

      0      0      1      2      0
      4      2      1      1      0
      0      1      1      1      2
      0      1      1      1      4
      3      3      4      1      0

      4      4      1      5      3
      3      1      1      4      3
      5      2      1      4      3
      5      2     -2      4      5
      4      1      4      3      3

      3      3      3      1      1
      2      2      0      0      1
      0      2      0      0      4
      0      2      0      0      1
      5      4      2      2      2

      2      2      2      4      2
      5      2      3      2      2
      3      2      3      2      4
      3      2      2      3      1
      4      3      5      2      3

      5      5      6      5      6
      8      6      5      6      6
      6      4      5      6      3
      6      4      7      5      7
      5      7      7      4      6

      8      8      5      9      7
      8     10      8      8      7
      8      8      8      8      8
      8      8      6      8      6
      8      8      8      8     10

     10     10     11     12      9
     11     10      8      9      9
     10     12      8      9     10
     10     12      9      9     10
     11     10     10     10      8

     11     11     12     13     10
     11      9     11     10     10
     11     11     11     10     12
     11     11      9     10     14
     11     10     11     12     11

      9      9     12     11     12
     12     10     12     12     12
     10     11     12     12     11
     10     11     10      8     13
      9     12     13     12     12

     13     13     11     12     14
     14     11     11     12     14
      7     12     11     12     10
      7     12     11     16     15
      9     11     14     13     11

     11     11     14     13     13
     13     11     13     11     13
     11     11     13     11     13
     11     11     11     12     12
     11      9     14     13     15

     13     13     12     13     12
     11     10     10      8     12
      9     12     10      8     11
      9     12      9      9     14
     11     11     12     14     12

     11     11      9     11     10
      8      9     12     10     10
      9     10     12     10     11
      9     10      8     11     10
     11     12     11     11     11

     13     13     12     12     10
     10     10     12     10     10
      9      9     12     10     10
      9      9      9      9     12
     11     11     11     11     10

     12     12     11     12     10
     10     11      9      8     10
     10      9      9      8     10
     10      9      8     10     12
     11     12     13      9     10

     10     10      9     12      9
     11      9     11      9      9
      9      9     11      9     10
      9      9      8      9     12
      7      9      9     13     12

     10     10     10     11     10
      8      6      8      9     10
      9      8      8      9     11
      9      8      7      8      9
     10      9      9      9     10

     10     10     12     11     10
     11      9     11     10     10
      9      8     11     10     10
      9      8     11      8     12
     11      9     13      9     10

     10     10     11     10      8
      9      9     10      9      8
     10     10     10      9     10
     10     10      9     10     10
     12      8     12     13     11

      9      9     10     11     12
      8      7      9      8     12
      9      7      9      8     11
      9      7      9      7      9
     10      9      9      9     11

     11     11     10      9      8
      8      9      8      6      8
      8      8      8      6      9
      8      8      8      8     11
      9      9     11      8     10

      8      8      9     10      9
      7      9      9      8      9
      8      9      9      8     10
      8      9      9      8      9
      9      9      9     10     10

      8      8     13     10      9
      7      8      8      7      9
      9      7      8      7      9
      9      7      7      7      9
      9      9      9      7      8

      9      9      8      8      8
      8      8      9      9      8
      8      8      9      9     11
      8      8      9      9      9
      8      9      9      9      7

      8      8      9      6      8
      9      4      8      7      8
      7      9      8      7      8
      7      9      8     10      9
      8      8      8      8      7

      9      9      7      8      8
      6      8      8      8      8
      8      9      8      8      9
      8      9      7      8      9
      7      7     10      8      7

      7      7      7      7      8
      6      5      7      8      8
      7      7      7      8      8
      7      7      7      8      9
      7      7      8      7      7

      5      5      6      7      8
      6      5      6      6      8
      7      7      6      6      7
      7      7      6      6      9
      8      6      7      8      6

      7      7      7      6      7
      5      5      8      5      7
      5      6      8      5      6
      5      6      3      4      6
      6      5      8      5      4

      9      9     11     11     10
      4      5      5      4     10
      5      4      5      4      6
      5      4      5      5      8
      8      6      7      6      5

      6      6      5      4      4
      6      4      7      4      4
      3      7      7      4      5
      3      7      3      3      5
      6      5      5      4      6

      5      5      4      4      6
      4      3      4      3      6
      4      5      4      3      3
      4      5      4      3      7
      4      5      6      3      5

      5      5      2      3      3
      2      2      2      1      3
      4      1      2      1      4
      4      1      2      2      5
      4      4      5      3      3

      3      3      3      1      3
      3      2      2      2      3
      2      3      2      2      3
      2      3      2      2      3
      4      4      4      4      4

      1      1      1      2      0
      1      2      2      0      0
      1      0      2      0      0
      1      0      1      0      1
      0      1      0      0      2

      2      2      0      1      0
      1      2      0     -1      0
      0      0      0     -1      0
      0      0      0      1      0
      1      3      1      0      1

      0      0      0      0      0
     -1     -3      0      1      0
      0     -3      0      1      1
      0     -3      0      0      0
      0      0      0      1     -1

      0      0      0      0      0
     -1      1      0     -1      0
      0     -1      0     -1      0
      0     -1      0      0      1
      1      0      0      1      1

      0      0      0      0      0
      0      0      1      0      0
      1     -1      1      0      0
      1     -1      0      0      0
      2      0      1     -1      2

      0      0     -1      0     -1
      0     -1     -1     -1     -1
      0      0     -1     -1      0
      0      0      0      0      1
      1     -2     -2      1      0

     -1     -1     -1      1      0
      0      0      0     -1      0
      0     -1      0     -1      0
      0     -1      1      0      0
      0      0      1      0      0

      0      0      0      0      0
      0      0      1     -1      0
      0     -1      1     -1      0
      0     -1      0      0      0
      0     -1      0      0      0

     -1     -1      1      0     -2
      0      0      0     -2     -2
      0     -2      0     -2      0
      0     -2      0      0      2
      2      1      0      2      1

     -1     -1      0     -2      0
      0     -1      0      0      0
      1      0      0      0      2
      1      0      0     -1      1
      0      0      0     -1      0

      1      1      1     -1      0
      0      0      0     -2      0
     -1      0      0     -2      0
     -1      0     -1      0      0
      2      1      0      0     -1

      0      0      1     -1      1
      0      0      0     -2      1
     -1      0      0     -2     -1
     -1      0     -1      0      0
      0      1     -1      0     -1

     -1     -1      1      0      0
     -1      0      0      0      0
      0      1      0      0      0
      0      1      0      1      0
      0      1      0      0      0

      0      0     -1      0      0
      0     -2      0      0      0
      0      0      0      0      0
      0      0      0     -1      0
      0      0      0     -1      0

      1      1      0     -2      0
     -1      0     -2      0      0
     -1      0     -2      0     -1
     -1      0     -1      0      0
      0      0      0     -1     -1

      1      1     -1      0      0
     -1      0     -2      0      0
     -1      1     -2      0      0
     -1      1      0     -2     -1
      0     -1     -1     -1     -1

      0      0      0     -2      0
      0      0     -1      0      0
      0      0     -1      0      0
      0      0      0      0      0
      1      0      0      0      1

      1      1      1      0      0
      0      0     -1      0      0
      0      1     -1      0      0
      0      1      0      0      0
      1      0     -1      0      0

      0      0      0      0      1
     -1     -1     -1      0      1
     -1      2     -1      0      0
     -1      2      0      1      0
      0      0      0     -1      0

      1      1      0      0      3
      0      0      1      0      3
      0      2      1      0      0
      0      2      0      0      0
      0      1      1      0      0

      0      0      0      1      2
      1      0      1      0      2
      0      1      1      0      2
      0      1      1      0      0
      1      2      1      0      0

      3      3      2      1      1
      1      1      1      1      1
      2      2      1      1      1
      2      2      2      1      3
      2      2      3      1      0

      5      5      2      3      2
      2      2      2      4      2
      4      3      2      4      3
      4      3      3      4      2
      4      4      4      4      2

      2      2      2      1      2
      1      2      0      2      2
      2      1      0      2      1
      2      1      0      2      2
      1      2      1      0      2

      1      1      0      2      2
      1      0      0      1      2
      0      1      0      1      0
      0      1      0      1      1
      0      1      0      0      0

      1      1      1      0      1
      0      0      0      1      1
      0      3      0      1      3
      0      3      1      1      3
      1      1      1      2      0

      3      3      3      3      3
      2      1      2      2      3
      4      3      2      2      3
      4      3      2      3      3
      2      3      4      2      1

      5      5      4      2      3
      4      2      4      4      3
      4      4      4      4      4
      4      4      3      4      5
      4      2      4      4      2

      3      3      4      4      4
      2      2      3      3      4
      4      3      3      3      2
      4      3      4      4      3
      3      4      2      3      1

      3      3      4      0      3
      1      1      1      1      3
      2      4      1      1      2
      2      4      1      1      2
      3      4      3      2      2

      3      3      3      1      3
      2      3      2      2      3
      3      3      2      2      3
      3      3      2      3      3
      4      3      3      3      2

      4      4      3      3      4
      3      2      3      2      4
      3      4      3      2      3
      3      4      4      3      4
      2      4      2      3      2

      5      5      5      5      4
      4      3      3      4      4
      2      4      3      4      3
      2      4      3      3      3
      3      4      4      4      3

      5      5      5      5      6
      4      3      4      4      6
      2      5      4      4      5
      2      5      4      4      3
      4      3      4      3      4

      5      5      5      4      5
      3      4      2      4      5
      3      5      2      4      3
      3      5      4      4      5
      5      3      4      4      3

      4      4      3      3      6
      5      4      3      5      6
      4      5      3      5      4
      4      5      5      5      4
      4      5      4      4      4

      4      4      6      5      5
      4      3      3      4      5
      3      4      3      4      5
      3      4      3      4      4
      5      6      4      5      3

      5      5      5      3      5
      3      5      4      4      5
      3      4      4      4      3
      3      4      5      4      4
      3      5      5      5      4

      6      6      4      3      5
      4      1      4      5      5
      2      3      4      5      4
      2      3      4      3      4
      5      4      3      3      3

      4      4      4      3      4
      3      4      3      4      4
      3      6      3      4      4
      3      6      2      3      3
      3      4      4      3      3

      4      4      3      2      3
      3      3      2      4      3
      3      4      2      4      3
      3      4      3      4      3
      4      5      4      3      2

      6      6      3      4      3
      3      4      1      2      3
      0      4      1      2      5
      0      4      3      3      4
      3      5      4      3      2

      4      4      3      2      5
      3      1      3      3      5
      1      4      3      3      3
      1      4      2      3      5
      4      5      3      3      3

      2      2      3      3      5
      5      1      1      3      5
      2      3      1      3      2
      2      3      2      4      4
      2      4      3      4      3

      3      3      5      3      4
      4      4      1      3      4
      2      2      1      3      2
      2      2      4      3      4
      4      4      4      2      3

      5      5      5      3      3
      3      3      2      3      3
      3      3      2      3      4
      3      3      3      2      4
      4      3      3      3      1

      4      4      6      3      4
      3      2      1      3      4
      3      3      1      3      4
      3      3      3      4      3
      3      4      5      3      3

      5      5      4      4      2
      3      2      1      4      2
      3      5      1      4      3
      3      5      2      3      3
      2      5      2      3      2

      4      4      6      1      3
      3      2      2      3      3
      2      2      2      3      4
      2      2      2      4      4
      2      3      3      3      3

      4      4      4      2      4
      3      2      2      4      4
      3      3      2      4      1
      3      3      5      2      4
      4      4      2      4      2

      3      3      4      2      5
      4      4      0      1      5
      2      3      0      1      1
      2      3      3      2      4
      3      3      3      2      1

      4      4      3      2      2
      3      3      1      3      2
      2      3      1      3      2
      2      3      3      2      3
      5      4      3      3      1

      4      4      4      3      5
      1      2      1      2      5
      1      3      1      2      2
      1      3      2      1      4
      4      4      3      2      3

      2      2      2      0      1
      2      1      3      2      1
      1      2      3      2      2
      1      2      2      2      2
      2      5      1      4      2

      3      3      4      0      3
      1      3      1      0      3
      2      4      1      0      0
      2      4      1      2      0
      2      3      4      3      0

      4      4      2      0      3
      1      2      3      2      3
      2      1      3      2      2
      2      1      2      2      2
      0      3      0      2      2

      5      5      3      2      4
      2      3      1      1      4
      2      1      1      1      2
      2      1      2      0      1
      3      2      2      3      0

      3      3      2      1      3
      3      2      1      0      3
      0      1      1      0      0
      0      1      1      2      1
      3      1      2      1      1

      2      2      3      3      2
      2      0      2     -1      2
      0      1      2     -1      1
      0      1      4      0      0
      3      0      3      1      1

      3      3      2      3      2
      2      1      1      1      2
      2      0      1      1      1
      2      0      1      1      0
      1      2      2      1      0

      2      2      0      0      3
      1      2      0      1      3
      1      0      0      1      0
      1      0      2      2      0
      0      2      4      3      2

      0      0      0     -1      3
      1      0     -1      0      3
      0      2     -1      0      1
      0      2      3     -1      0
      0      2      1      0     -1

      1      1      1      0      1
      1      0      0      0      1
      0      0      0      0      1
      0      0      1      1      0
      2      1      2      0      0

      1      1      4      1      0
      0      0      1     -1      0
     -1      2      1     -1      2
     -1      2     -3     -1      0
      1      3      2      0     -1

      3      3      0      1      2
      0      0     -1      0      2
      0      0     -1      0      0
      0      0      1     -1      0
      0      2      4      0     -2

      1      1      0      0      3
      0      0     -4     -2      3
     -3      1     -4     -2      0
     -3      1     -2      1      2
      0      2      1      0      0

      0      0      2     -1      1
      2      0     -1      1      1
     -2      2     -1      1      1
     -2      2      0      1      2
      0      0     -1      2      0

      3      3      2     -1     -3
      0      3     -1      0     -3
     -2      1     -1      0      3
     -2      1      1      0     -1
     -1      3      0     -3     -3

      0      0      1     -1      0
      0      1      0      0      0
      0      0      0      0     -2
      0      0      1      0      3
      2      3      0      0      2

      2      2      0      0      0
      0     -2     -2      2      0
     -1      0     -2      2     -4
     -1      0     -1     -1      1
      0      1      1      1      0

      2      2      0     -4      2
     -1      0     -4     -2      2
     -2      1     -4     -2      0
     -2      1     -2     -2      2
      2      2      1      0     -2

     -2     -2      0     -2      1
     -3      0     -2     -1      1
     -2     -2     -2     -1     -1
     -2     -2      0     -2     -1
      0      1      2      0     -1

     -2     -2      0     -4      1
     -3     -1      1     -1      1
     -3     -1      1     -1     -2
     -3     -1      0      0     -1
     -1      0      1     -2     -3

      0      0      1     -4      0
      1      0      0     -2      0
     -1      0      0     -2      0
     -1      0      0     -1     -2
      1     -2      0     -1     -1

