;
; ENVI ASCII Output of file: E:\Imaging\ROI_AVIRIS\5_3_5.img [Fri Nov 17 12:03:16 2017]
; File Dimensions: 5 samples x 5 lines x 224 bands
; Line Format    : (5i7)
;
    524    509    492    512    522
    493    493    515    501    512
    481    502    502    511    483
    486    477    510    477    486
    506    492    494    499    484

    593    600    609    585    604
    576    595    596    590    617
    589    580    580    585    587
    584    589    583    585    567
    600    608    582    591    581

    626    634    624    641    646
    622    617    627    633    648
    632    627    627    630    614
    626    620    623    606    613
    634    631    628    644    613

    766    771    809    799    811
    774    762    789    798    791
    782    774    774    772    758
    793    780    772    783    763
    812    800    804    795    782

   1126   1139   1137   1163   1201
   1125   1127   1145   1160   1169
   1135   1131   1131   1129   1126
   1177   1160   1145   1140   1130
   1190   1194   1180   1162   1150

   1186   1180   1191   1220   1246
   1195   1192   1208   1203   1229
   1206   1193   1193   1188   1181
   1239   1229   1213   1226   1181
   1258   1248   1246   1242   1207

   1122   1122   1124   1157   1175
   1132   1137   1124   1144   1162
   1137   1137   1137   1127   1113
   1159   1172   1149   1148   1115
   1186   1175   1173   1159   1136

   1038   1029   1040   1069   1082
   1042   1050   1041   1058   1077
   1058   1047   1047   1042   1032
   1080   1076   1055   1062   1039
   1090   1081   1079   1065   1049

   1127   1122   1125   1144   1180
   1134   1142   1127   1146   1163
   1144   1139   1139   1129   1122
   1168   1161   1155   1157   1132
   1165   1174   1175   1154   1142

   1152   1145   1147   1164   1192
   1168   1158   1157   1157   1189
   1171   1159   1159   1149   1151
   1171   1178   1178   1178   1150
   1192   1184   1182   1178   1166

   1123   1113   1107   1133   1154
   1135   1127   1125   1134   1143
   1141   1133   1133   1118   1114
   1145   1143   1136   1134   1130
   1154   1151   1151   1137   1133

   1062   1045   1040   1058   1084
   1067   1053   1060   1064   1083
   1068   1066   1066   1061   1048
   1079   1073   1071   1072   1061
   1085   1079   1079   1067   1064

   1002    994    981   1004   1020
   1004   1007   1001   1004   1029
   1011   1007   1007   1006    999
   1015   1009   1009   1006   1005
   1016   1017   1011   1003    999

    910    895    890    902    913
    918    913    907    908    920
    918    915    915    912    904
    912    915    919    913    915
    921    914    914    907    908

    837    821    813    825    828
    835    832    825    833    838
    834    840    840    837    828
    824    830    835    830    833
    831    834    826    829    826

    746    734    728    725    737
    751    739    741    753    739
    747    750    750    747    743
    732    733    740    740    744
    730    726    725    725    731

    660    658    650    640    644
    668    663    658    658    657
    661    664    664    664    661
    643    649    655    654    660
    645    645    641    645    644

    630    628    620    612    611
    636    631    629    627    624
    630    636    636    636    629
    612    618    623    622    630
    610    616    608    611    614

    599    597    589    584    578
    603    598    599    595    589
    599    607    607    606    597
    580    586    590    590    599
    575    585    575    577    583

    560    562    550    539    536
    567    564    561    559    552
    564    566    566    569    560
    538    551    555    554    560
    537    544    531    536    549

    522    514    512    497    493
    524    518    520    518    509
    518    527    527    526    523
    497    498    506    507    517
    492    500    488    490    507

    476    479    469    460    453
    478    475    483    477    466
    479    485    485    488    479
    453    464    469    465    477
    449    458    448    453    465

    448    452    438    420    418
    450    446    451    441    433
    451    453    453    457    453
    423    433    436    439    447
    422    427    415    417    430

    407    401    387    379    368
    402    398    405    394    385
    404    402    402    408    405
    378    383    396    390    399
    374    381    372    372    379

    372    377    364    351    349
    374    372    373    372    356
    380    379    379    385    378
    353    363    369    367    376
    348    351    345    350    361

    364    370    359    340    330
    363    366    364    358    345
    366    370    370    379    373
    341    350    353    356    364
    331    335    328    336    346

    344    348    331    317    305
    341    339    340    338    324
    337    348    348    354    347
    318    324    331    329    336
    311    314    308    311    323

    319    321    306    291    283
    314    323    317    312    297
    313    324    324    330    324
    294    301    309    310    315
    289    295    286    289    300

    305    314    298    277    273
    307    303    309    303    287
    305    310    310    320    312
    279    290    298    296    304
    279    282    275    281    290

    282    290    279    255    254
    279    282    288    279    269
    282    289    289    298    293
    260    267    277    277    280
    257    259    254    260    268

    272    274    263    243    238
    265    267    267    263    253
    270    276    276    283    275
    246    254    260    261    264
    241    248    242    243    252

    270    271    258    240    233
    264    265    262    260    247
    268    271    271    276    276
    247    252    257    253    267
    241    240    237    242    249

    268    271    253    237    228
    259    262    253    259    246
    264    272    272    278    275
    244    253    254    248    262
    242    236    238    239    247

    270    271    258    240    233
    264    265    261    259    248
    268    270    270    277    276
    246    252    256    253    267
    240    241    237    240    249

    254    256    244    225    218
    245    248    238    244    232
    248    254    254    261    266
    228    238    234    235    245
    224    220    219    216    226

    224    230    219    206    194
    219    216    215    217    209
    219    224    224    233    231
    202    214    204    211    216
    200    196    192    195    205

    193    205    196    179    168
    192    191    189    191    183
    193    195    195    206    206
    174    186    179    184    194
    177    171    172    170    177

    188    198    194    174    166
    187    185    184    188    181
    186    191    191    202    198
    168    177    172    179    187
    165    172    166    164    173

    171    182    175    161    150
    172    171    168    170    166
    172    171    171    180    183
    154    163    158    162    172
    153    154    147    151    157

    133    145    137    125    116
    133    133    131    135    127
    135    132    132    140    141
    120    127    120    125    131
    120    121    114    117    122

    146    153    149    133    124
    142    138    139    144    135
    142    143    143    152    151
    127    139    129    131    142
    124    128    123    122    131

    157    167    167    148    133
    157    154    152    158    153
    158    153    153    167    166
    140    148    138    146    154
    136    141    134    132    143

    158    170    169    149    136
    157    153    152    160    151
    158    158    158    167    166
    138    148    140    146    155
    140    141    135    132    142

     94    103    101     87     82
     95     94     93     97     92
     95     96     96    102    103
     81     90     83     87     96
     82     84     80     81     86

    123    134    136    118    106
    122    121    123    126    121
    122    122    122    132    133
    109    118    110    115    123
    103    109    103    102    113

    130    144    145    126    112
    129    129    129    135    130
    131    128    128    141    138
    115    123    109    120    128
    111    119    108    106    116

    119    131    134    114    103
    118    118    118    123    117
    121    118    118    128    127
    104    112    101    110    117
     99    108     99     99    106

    111    122    125    106     97
    110    108    110    113    112
    109    110    110    119    118
     96    104     93    102    109
     93     99     92     90    100

    103    112    114     99     86
    101    100    102    103    100
    102    100    100    107    108
     89     95     87     95    100
     83     90     83     83     93

     83     92     91     77     71
     80     79     82     82     79
     81     78     78     87     87
     70     77     68     76     80
     66     76     69     66     73

     82     93     92     78     72
     81     81     81     83     82
     84     81     81     89     87
     72     80     69     75     83
     67     73     69     68     75

     86     96    100     81     75
     84     84     87     89     85
     86     86     86     93     93
     75     80     73     79     85
     70     79     73     69     78

     91    104    108     89     78
     92     90     92     94     94
     92     90     90     99     99
     77     88     75     85     92
     75     84     76     76     80

     87     98    104     84     74
     86     85     87     89     88
     88     85     85     95     96
     75     81     72     78     87
     69     79     71     68     77

     86     97    101     82     73
     83     84     85     90     87
     84     80     80     92     93
     72     81     69     79     86
     69     77     70     68     74

     82     93     96     79     69
     80     79     80     82     81
     80     76     76     86     86
     71     75     64     71     78
     63     74     64     63     69

     73     88     90     74     66
     76     75     76     79     78
     76     74     74     84     84
     64     72     61     68     76
     62     71     65     61     68

     59     71     70     56     52
     59     57     61     59     61
     58     60     60     68     64
     52     55     48     56     58
     46     59     48     46     53

     51     56     56     44     45
     50     49     52     49     50
     51     49     49     55     55
     43     49     40     44     50
     39     46     43     40     44

     46     51     51     39     40
     45     46     47     44     45
     45     45     45     54     53
     40     43     37     43     45
     37     43     37     38     42

     41     46     43     35     37
     41     43     43     37     38
     41     40     40     47     46
     36     39     33     36     41
     32     38     36     32     37

     30     24     18     23     24
     31     28     28     22     25
     27     31     31     35     33
     26     28     22     27     27
     19     30     25     22     25

     16     16     15     15     18
     17     17     17     15     17
     16     18     18     20     18
     16     18     15     17     17
     15     20     16     15     16

     21     21     19     16     18
     22     22     20     17     20
     23     21     21     26     24
     19     21     18     20     20
     17     23     19     16     18

     37     39     36     30     32
     35     34     37     31     31
     36     37     37     46     43
     31     35     29     35     36
     28     35     30     27     32

     44     47     44     33     34
     41     41     42     36     38
     42     40     40     50     49
     34     41     32     38     40
     31     39     34     31     36

     52     59     56     41     40
     49     50     51     45     45
     47     46     46     59     58
     40     45     36     44     47
     36     46     40     35     43

     54     62     62     44     45
     50     51     55     49     50
     52     50     50     62     62
     43     49     38     47     52
     36     49     40     37     45

     53     60     59     43     42
     51     49     52     48     49
     50     48     48     62     58
     41     48     36     47     50
     36     48     40     37     44

     53     62     58     43     40
     48     50     53     46     48
     50     47     47     61     58
     39     47     37     45     50
     37     48     39     35     44

     52     59     58     41     40
     48     50     51     45     47
     49     46     46     61     57
     39     46     35     45     50
     35     47     39     35     42

     49     56     53     38     38
     44     46     48     42     43
     46     42     42     56     54
     35     43     33     42     46
     32     42     35     32     37

     47     55     53     39     36
     45     44     47     42     43
     44     43     43     56     54
     37     41     31     41     46
     32     44     34     32     39

     44     51     51     37     36
     41     43     45     39     40
     43     40     40     52     50
     32     39     29     39     42
     29     39     33     29     34

     44     50     50     35     34
     41     41     45     38     40
     42     39     39     50     51
     33     39     28     38     42
     29     40     33     28     34

     40     48     43     30     30
     37     38     39     34     36
     38     36     36     48     45
     29     35     26     34     36
     25     37     29     26     31

     37     43     40     28     28
     34     35     36     31     34
     35     33     33     45     42
     28     33     24     31     34
     23     34     27     24     29

     34     39     37     26     26
     31     32     33     27     31
     32     31     31     42     39
     26     31     22     28     31
     21     31     26     22     27

     26     29     26     19     19
     25     25     25     21     24
     26     25     25     32     31
     21     24     17     23     23
     18     25     20     16     22

     16     16     13     11     11
     16     14     15     11     14
     14     15     15     19     18
     13     15     10     14     15
      9     15     12     11     13

      5      5      3      5      5
      6      5      6      4      5
      6      5      5      5      6
      5      5      3      5      3
      3      6      4      4      5

      4      3      3      3      3
      5      3      4      2      4
      3      4      4      5      5
      4      5      3      4      3
      2      6      4      2      3

      4      5      4      5      5
      6      6      7      4      6
      6      6      6      7      6
      5      5      4      6      5
      4      6      5      5      5

      6      5      5      4      6
      5      6      5      3      7
      6      5      5      7      7
      5      6      3      4      4
      4      6      6      4      5

     10      8      9      7      8
      9      9      8      6      8
      9      9      9     13     11
      8      9      7      7      8
      7     11      9      6      7

     17     17     16     13     12
     16     17     16     11     15
     18     16     16     24     19
     14     16     12     14     16
     10     17     12     11     14

     19     22     20     13     15
     20     19     18     15     17
     19     19     19     26     23
     16     19     12     19     19
     13     22     16     12     15

     18     20     18     13     14
     16     17     18     14     17
     20     17     17     25     23
     14     17     11     16     17
     12     18     13     11     15

     20     21     19     14     15
     19     19     19     15     17
     20     18     18     25     24
     14     19     12     17     18
     12     19     15     12     15

     17     18     15     11     11
     16     15     17     12     16
     16     15     15     22     22
     12     16     11     14     16
     12     17     12     10     13

     19     21     18     13     15
     19     18     19     14     18
     19     19     19     26     24
     15     18     11     18     18
     12     20     14     11     15

     20     23     21     13     14
     19     19     20     15     17
     19     19     19     26     25
     15     19     11     17     17
     12     21     15     12     16

     22     25     24     15     17
     21     22     21     16     20
     21     20     20     30     27
     16     21     13     19     21
     14     22     16     13     17

     23     24     23     15     16
     21     20     20     16     17
     22     20     20     30     28
     15     21     12     19     19
     13     23     16     12     18

     21     23     21     13     14
     20     19     20     14     17
     19     20     20     28     26
     14     19     12     18     20
     12     20     15     11     14

     18     21     17     12     13
     18     17     17     13     16
     19     18     18     25     23
     14     17     11     16     17
     12     21     14     10     14

     21     23     21     13     14
     20     19     20     14     18
     19     20     20     28     26
     14     19     12     18     20
     12     20     15     11     14

     15     22     19     17      8
     20     18     19     18     15
     15     22     22     25     20
     12     13     12     13     13
     14     11     16     11     16

     22     23     21     16     11
     21     18     19     17     16
     20     18     18     20     18
     13     14     11     21     13
     10     18     17     11     14

     20     19     18     13     10
     23     18     20     20     16
     18     18     18     19     21
     15     13     13     15     18
     14     13     13     10     17

     19     23     21      8     11
     19     16     21     16     22
     18     18     18     20     22
     12     13     16     18     14
     13     16     11      9     16

     15     20     17     10      7
     14     13     16     14     14
     18     14     14     20     15
     12     11     11     17     15
     14     12     13     10     12

     14     13     10      7     11
     13     11     13     12     10
     15     14     14     15     12
      6     11      6     10     10
      7     12      9      7     11

     31     21     18     26     17
     14      9     14     18      2
     10     -1     -1     -5     28
     -3     20      5    -11    -15
      2    -11     13     25     38

      5      9      4      6      5
      6      6      7      5      6
      7      5      5      7      6
      3      4      5      6      6
      5      6      4      4      8

      4      3      3      1      1
      6      2      4      3      6
      4      4      4      2      3
      4      4      1      4      2
      2      4      2      4      2

      0      2      0      0     -1
      1      0      1     -1      1
      1      0      0      0      0
      0      0      0      1      0
      0      2     -1      0      0

     -1      0      0      0      0
      0      1      0      2      0
     -1     -1     -1     -1      0
      0      0     -1      1     -2
     -1      0      1      0      0

      1      0      1     -3      1
      0     -1      0      0      0
     -1      0      0     -1      1
      0      0      1      0      0
     -2      0     -2      0      0

      0      1      0      0      0
      0      0      0     -2      2
      0      0      0      0      0
      0      1     -1      0      0
      0      0      0      0      0

     -2     -2     -3     -4     -3
      0     -4     -5     -3      2
     -1     -2     -2     -3      2
      1      4     -6      2      0
      0      0      0     -5      0

      2      1      3     -3      1
      2     -2      1     -2      1
      3      1      1      0      0
     -2     -1     -3      0      1
      1      0      1     -1      2

      2      4      0     -1      2
      0     -2      0      0      3
      0      1      1      1     -2
      0      0     -1      1     -2
      0      1      1     -1      2

      1      3      0      1      1
      3      0      2     -1      2
      0      0      0      2      1
      1     -1      0      0      0
      0      3      0      0      2

      2      0      0      0      0
      3      1      1      0      2
      0      0      0     -1      2
      0      0      0      1      0
      1     -1      3     -1      3

      1      2      1      1      3
      1      0      2      0      1
      1      0      0      0      2
      1      4     -2      1      0
      0      2      0      1      2

      2      3      3      2      2
      5      3      2      2      3
      2      3      3      2      3
      2      4      0      2      1
      2      3      4      0      3

      1      5      3      1      1
      5      6      4      3      4
      2      2      2      2      4
      1      5      2      5      4
      0      4      3      1      4

      3      5      3      2      0
      3      1      5      1      5
      3      1      1      3      3
      1      1      0      4      3
      1      3      5      1      2

      5      6      4      3      4
      7      2      4      3      3
      6      4      4      5      4
      2      4      1      6      4
      2      4      5      1      4

     10     11      8      5      5
     10     10      9      7      9
      7      8      8     11      8
      7      7      5      7      6
      7      8      6      9      8

     15     15     12      9      8
     14     13     12     12     10
     13     12     12     13     13
     10     12     10     10      9
      7     10     10     10     12

     17     19     14     10      9
     14     15     14     15     15
     16     17     17     18     15
     13     13     12     13     14
      8     14      9     11     14

     20     20     20     13     10
     17     19     19     15     14
     15     18     18     20     18
     11     14     13     15     15
     10     13     12     12     14

     17     21     18     13     13
     19     17     21     15     15
     18     19     19     23     19
     13     15     15     14     14
     14     15     12     13     14

     16     26     27     19     10
     22     19     21     23     22
     16     15     15     18     16
     12     16     14     18     15
     12     14     14     13     20

     19     24     20     14     11
     20     18     21     19     17
     19     19     19     23     22
     14     16     17     17     18
     13     17     12     12     15

     18     23     20     13     11
     21     19     19     18     15
     17     18     18     21     20
     13     16     14     13     17
     11     14     12     13     14

     18     20     20     12     11
     18     18     17     16     13
     15     18     18     19     16
     11     13     13     13     15
     10     12     11     11     14

     18     21     20     13     10
     17     17     18     17     13
     16     18     18     22     19
     13     16     11     14     15
     12     12     10     12     11

     19     23     20      9     10
     17     17     18     17     15
     14     17     17     21     18
     13     14     14     14     15
     11     14     11     12     13

     18     20     18     13     11
     16     17     18     15     14
     13     15     15     19     18
     11     13     12     13     13
     10     12     11     10     14

     17     22     16     12      9
     14     13     17     16     12
     13     16     16     17     15
     11     11     10     12     13
     10     12      9     10     13

     17     21     18     12     10
     17     16     18     15     14
     15     17     17     20     19
     12     12     13     12     15
      9     14     11     12     13

     16     19     17     12     10
     16     14     17     15     13
     16     16     16     20     19
     12     12     13     14     15
      9     10     10     12     13

     16     20     19     11     10
     14     14     14     16     12
     13     15     15     18     17
     11     13     10     13     14
      9     10      9     10     13

     14     18     16      8      9
     16     13     17     14     12
     14     16     16     18     16
     11     11      9     13     13
     10     12      9     10     12

     15     18     16     10      8
     15     14     17     14     10
     14     15     15     17     14
     10      9     12     10     11
      8     11      8      7     13

     15     17     15      9     10
     15     14     14     12     11
     13     15     15     16     19
     11     10     10     12     11
      8     13      9      8     12

     15     17     15     11      8
     13     12     16     13     12
     14     15     15     17     16
      9     11     11     12     11
      8     11     10      9     11

     14     15     14      8      7
     12     12     14     12     10
     13     13     13     15     12
      9     10      9     10      9
      8      9      9      8     11

     13     13     13      8      5
     12     11     12     10      9
     12     13     13     12     15
      7     12     11     12     11
      9     10      9      9      9

     10     13     10      7      7
     13     10     12      9      9
     11     10     10     13     11
      8     10      7     10     10
      6      9      8      7      8

     11     11     11      6      7
      9     11     11      6      9
     10     11     11     11     12
      7      8      8      9      8
      5      9      8      6      9

      8     12      9      6      5
     11      9      9      8      7
     10     10     10     10     10
      8      7      6      7      6
      6      8      8      7      8

      7      8      9      3      5
     10      7     12      9      8
      5      7      7      7     10
      7      8      6      9      7
      5     10      6      8     10

      7     10      8      4      4
      8      8      8      7      6
      7      7      7      8      9
      7      7      5      7      8
      4      6      5      7      5

      7      9     10      4      6
      8      5      7      3      5
      6      7      7      8      6
      6      7      5      6      6
      2      6      5      5      7

      6      7      6      1      2
      6      7      7      4      6
      6      6      6      5      5
      4      4      3      4      4
      2      5      2      3      6

      2      5      4      0      2
      4      2      4      6      6
      3      3      3      3      5
      0      3      2      3      3
      1      4      4      2      3

      3      3      2      2      1
      4      2      3      2      2
      1      1      1      2      1
      1      3      2      2      2
      1      3      1      1      1

      0      2      0      0      1
      1      1      1      0      1
      1     -1     -1      0      0
      0      0      0      0      0
      1      0      1      0      2

      0      0     -2      0      1
      0     -1      0     -1      0
     -1      0      0      0     -1
      0      0     -2      0      0
      0      1      0      0      0

     -1      0      0     -1     -1
      1     -2      0     -1      1
     -1      0      0      0      0
     -1      1      0      0      1
      0      1      1      1      0

     -2      0      0      0      0
      1     -1      1     -1      1
      0     -1     -1      0     -1
      0      0     -2      0      1
     -2      2      1      0      0

      0      0      0      0      0
      1      0      0     -2      0
      0      0      0     -2      0
      0      0     -3     -1      0
     -2      1      0      0      1

      0      0      0      0      0
      2     -2      0     -1      2
     -1      0      0      0      2
      0      1      0     -2      0
     -2      0      0     -1      2

      0      0     -3      0      0
      1      2      1     -2      0
     -1      0      0      0     -1
     -1     -1      0      0      0
      0      0      0      0      1

      0      1     -1     -1      0
      0     -3      0      0      0
      0      0      0     -2     -2
     -1      1      0      0      0
      0      0      0      0      0

      0      0     -1      0      0
      1      0      0     -2      4
     -1      0      0     -2      1
     -1      0     -3      0     -3
      0      0      0     -2      0

      0     -1      1     -1      0
     -1      0      0      0      0
      0      2      2      1     -1
      0      2      0      0      0
      0     -1      0     -1     -1

      0     -1      2     -1      1
     -1      0      1      0      0
      0      1      1      3      0
      0      0      0      2      0
      0      0      0      0      0

      0      0      0     -1      0
      0      1     -1      0      0
      1      0      0      0      0
      0      1      0      0     -2
      0      0      0      0     -2

      0      0      0     -1      2
      1      1      0      0      2
      0      0      0      0      0
      0     -1     -2      0     -1
      0      0      0     -1      0

      1      0      1      0      0
      2      0      0      0      3
      0      1      1      0      1
      1      0      0      0     -1
      2      0      0      0     -1

      0      0     -1      0      0
      0      0     -1      1      1
      0      1      1      0     -1
      1      0      0     -1      0
      0      0      0      0     -1

      0     -1      1      0      0
      1      1      0      0      0
      0      0      0      0     -1
      0      2      0     -1      0
      1      1      0     -1     -2

      0      0      0      0      0
      2      0      0      1      1
     -1      1      1      0      0
      0      0      0      0      0
      1      0      0     -1     -2

      0     -1      1      0      0
      1      1      0      1      0
      2      2      2      0      0
      1      0      0      0      0
      1      0      0     -1     -1

      1      0      1      0      0
      0      0      1      2      0
      1      1      1      1      0
      1      0      1      1     -1
      1      0     -1      1      0

      3      1      1     -1      1
      4      3      1      4      3
      3      2      2      0      1
      2      2      1      3      1
      2      2      0      1      0

      3      4      3      2      3
      4      1      3      3      4
      5      5      5      2      2
      4      3      2      2      1
      4      3      1      3      1

      4      3      4      3      3
      6      5      4      6      5
      5      6      6      4      3
      5      4      5      4      3
      5      5      2      2      2

      2      2      4      1      2
      3      2      2      4      4
      4      3      3      3      4
      3      4      3      3      2
      2      3      2      3      2

      0      1      0      0      2
      2      2      2      2      3
      2      3      3      1      1
      1      2      0      1      2
      2      0      1      1     -1

      1      0      2      0      2
      1      2      1      0      2
      2      2      2      3      1
      2      3      1      3      2
      2      1      1      0      0

      5      4      5      3      3
      4      4      4      6      5
      6      6      6      5      5
      6      5      4      6      4
      3      4      3      5      3

      7      7      6      5      5
      7      8      6      6      6
      7      8      8      8      6
      8      8      7      6      6
      8      6      4      5      6

      6      7      5      4      2
      6      6      5      7      6
      8      7      7      6      6
      7      7      5      7      6
      4      5      4      4      5

      6      4      3      2      2
      4      5      2      4      5
      6      7      7      5      4
      6      6      4      3      4
      5      6      2      3      4

      5      4      5      3      4
      4      5      6      4      5
      5      7      7      6      4
      6      6      4      4      5
      5      4      3      4      4

      7      7      6      5      4
      6      6      5      7      6
      7      9      9      8      6
      8      7      7      7      7
      5      7      4      5      5

      7      7      6      4      4
      6      8      6      7      6
      9     10     10     10      7
      9      7      8      7      6
      6      7      4      5      5

      7      8      6      5      5
      8      8      7      6      7
      9     10     10      9     10
      9      9      6      6      8
      7      7      6      6      6

      7      7      8      5      4
      8      8      7      7      6
      8      9      9      9      9
      8      9      7      7      8
      5      6      5      4      6

      7      6      7      3      4
      7      7      7      8      7
      9      9      9     10      8
      8      7      9      6      5
      5      6      5      5      5

      9      7      7      5      5
      8      8      7      8      6
     10      9      9     10     10
      9      8      9      6      7
      7      5      6      5      5

      8      8      8      2      5
      8      7      6      7      7
      9     10     10     10      9
      8      6      9      8      7
      6      6      5      5      6

      8      7      8      6      3
      8      8      6      7      6
     10     10     10     10      8
      7      7      8      7      7
      6      5      4      6      5

      9      7      7      4      3
      6      7      6      5      6
      9     10     10      8      8
      7      8      7      7      8
      5      5      4      5      5

      8      8      5      4      3
      7      8      7      5      5
      7      7      7      9      7
      7      6      7      6      5
      7      6      3      5      5

      9      7      6      5      4
      6      7      7      7      7
      9     10     10      8      8
      7      6      6      7      5
      5      6      4      4      4

      7      6      7      3      3
      6      7      6      7      5
      8     10     10      9      8
      6      6      7      7      5
      5      5      3      5      5

      7      7      6      2      2
      7      6      7      6      7
      8      8      8      8      8
      6      7      6      5      6
      4      4      4      6      3

      7      9      7      5      4
      7      6      7      7      6
      7      8      8      8      9
      7      7      6      5      4
      5      4      3      3      5

      7      7      8      5      5
      6      7      6      5      7
      8     10     10     10      6
      6      8      6      6      5
      5      5      3      3      4

      8      8      7      3      4
      8      8      9      8      8
      8     10     10      8      8
      6      6      7      6      5
      4      4      3      4      4

      8     10      8      3      3
      8      8      9      6      7
      9      9      9      9      8
      5      6      5      7      5
      5      2      3      5      3

      7      8      6      3      3
      8      8      7      8      7
      6      8      8      8      7
      5      5      5      7      5
      4      5      2      4      4

      6      8      6      3      3
      8      7      6      8      7
      7     10     10      8      7
      8      7      7      6      4
      4      5      2      5      4

      7      6      5      2      4
      6      6      5      5      5
      7      6      6      5      7
      5      7      5      6      3
      4      3      4      3      4

      7      5      7      3      4
      6      6      5      7      5
      7      7      7      7      8
      5      4      5      5      4
      3      3      3      3      5

      6      6      6      2      1
      5      7      4      5      4
      6      6      6      6      7
      5      5      5      4      4
      4      5      4      3      5

      4      4      5      2      3
      5      5      6      5      5
      5      7      7      6      4
      5      3      5      4      4
      4      4      1      4      2

      6      5      4      1      2
      5      6      5      5      2
      6      6      6      7      6
      6      4      4      6      3
      3      4      1      3      3

      5      4      4      4      3
      4      5      2      5      5
      6      6      6      6      4
      4      3      4      5      4
      4      2      0      2      1

      4      5      4      0      1
      6      5      4      5      3
      8      6      6      6      2
      5      3      2      4      3
      3      4      1      1      2

      4      2      5      1      3
      4      7      3      3      5
      3      5      5      4      3
      3      6      5      3      3
      3      3      1      2      2

      4      4      5      0      0
      3      4      3      2      4
      4      5      5      3      2
      2      3      2      4      0
      3      2      1      1     -1

      2      3      5      4      3
      3      6      4      6      2
      1      4      4      5      2
      4      3      3      1      1
      3      1      2      2      2

      2      4      4      3      2
      3      3      2      3      3
      2      3      3      4      3
      2      1      3      2      2
      4      3      0      1      2

      2      1      2      1      0
      6      2      2      4      2
      2      2      2      3      0
      3      0      3      1      2
      2      1      1      0      0

      4      1      3      0      1
      1      2      1      0      3
      5      0      0      1      1
      1      0      2      2      0
      0     -1      0      1      0

      5      3      1      0      0
      4      1      2      3      4
      1      2      2      3      1
      3      2      1      1      3
      2      1      0      0      2

      0      1      5      3      0
      0      2      1      1      3
      1      2      2      2      2
      1      2      0      0      0
      1      1      0      0      1

     -1      2      1      0     -2
      0      1      0      2      3
      0      3      3      0      1
      3      0      1      2      1
      2      0     -1      0     -1

      1      1      3      1     -1
      1      3      4      1      4
      2      3      3      2     -2
      1      2      3      0      2
      0      0      2      0      0

      0      2      0      1      1
      4      4      0      3      0
      0      0      0      2      2
      1     -2     -1      2      0
      1     -2     -3      0      0

      0      0      0     -1     -2
      3      1      0      1      1
      1      0      0      2      0
      3      1      1      0      0
      1     -1      0      1      0

      1      0      2      1      0
      1      1      1      0      2
      3      1      1     -1      1
      0      0      0      0      0
      2      0      1      0     -1

     -1      0      0      1      0
      1      0      1      2      2
      0      0      0      1      0
      1      0     -1      0      0
      2      0      0     -2     -4

      2     -1      0      0      1
      1      1      0      2      1
      1      3      3      0      1
      0      1      0     -2     -2
      3      0      0      0      0

      0     -2      2     -4      2
      0      1      0      0      3
      1      2      2      2     -2
      2      0      0      0      2
     -3      1     -2     -1      1

      0      0      1      1      1
      1      0      0      0      3
      1      1      1     -1      2
     -3      3     -1      0      1
      1      0     -2     -3      0

