;
; ENVI ASCII Output of file: E:\Imaging\ROI_AVIRIS\5_3_8.img [Fri Nov 17 12:03:39 2017]
; File Dimensions: 5 samples x 5 lines x 224 bands
; Line Format    : (5i7)
;
    536    517    490    498    512
    521    506    522    519    508
    521    506    522    499    515
    520    520    480    499    515
    515    509    501    515    529

    622    605    579    611    630
    621    588    616    615    580
    621    588    616    597    599
    617    617    598    597    599
    586    609    613    597    600

    659    641    634    659    657
    657    649    643    650    631
    657    649    643    630    634
    649    649    632    630    634
    638    648    651    631    654

    829    826    826    816    819
    826    812    811    817    811
    826    812    811    793    784
    806    806    801    793    784
    791    796    803    810    814

   1241   1214   1211   1202   1197
   1232   1205   1194   1198   1180
   1232   1205   1194   1153   1145
   1185   1185   1174   1153   1145
   1157   1170   1174   1170   1182

   1286   1272   1272   1271   1257
   1286   1279   1276   1259   1244
   1286   1279   1276   1215   1194
   1240   1240   1242   1215   1194
   1224   1213   1216   1224   1240

   1218   1201   1188   1204   1206
   1212   1194   1193   1193   1176
   1212   1194   1193   1156   1125
   1172   1172   1180   1156   1125
   1154   1161   1167   1159   1162

   1114   1108   1107   1097   1107
   1115   1107   1105   1095   1082
   1115   1107   1105   1064   1048
   1092   1092   1095   1064   1048
   1062   1072   1079   1074   1088

   1205   1201   1198   1201   1208
   1214   1191   1196   1193   1195
   1214   1191   1196   1169   1140
   1180   1180   1193   1169   1140
   1157   1184   1175   1162   1162

   1232   1207   1213   1218   1234
   1238   1218   1219   1219   1219
   1238   1218   1219   1198   1179
   1213   1213   1225   1198   1179
   1198   1205   1213   1182   1187

   1181   1179   1192   1189   1200
   1199   1182   1178   1189   1193
   1199   1182   1178   1171   1157
   1184   1184   1189   1171   1157
   1173   1187   1183   1166   1146

   1111   1101   1110   1127   1128
   1126   1099   1108   1127   1124
   1126   1099   1108   1112   1097
   1119   1119   1127   1112   1097
   1108   1122   1121   1095   1089

   1039   1035   1046   1055   1066
   1048   1042   1050   1065   1067
   1048   1042   1050   1052   1048
   1076   1076   1071   1052   1048
   1057   1073   1070   1038   1024

    937    944    942    956    961
    953    945    945    961    967
    953    945    945    961    966
    976    976    966    961    966
    962    989    974    949    924

    848    844    854    867    878
    865    852    859    875    884
    865    852    859    891    895
    888    888    893    891    895
    885    912    904    865    836

    747    744    758    769    780
    761    753    763    779    787
    761    753    763    805    819
    814    814    797    805    819
    804    826    819    778    752

    660    656    664    676    696
    670    667    672    697    702
    670    667    672    727    738
    726    726    712    727    738
    722    742    734    694    667

    624    623    635    645    660
    638    632    639    662    670
    638    632    639    699    715
    700    700    683    699    715
    694    719    707    664    635

    588    589    605    613    622
    606    596    605    627    637
    606    596    605    670    690
    673    673    653    670    690
    666    696    680    634    603

    553    544    555    574    584
    562    553    569    588    601
    562    553    569    643    669
    640    640    620    643    669
    636    661    645    596    561

    504    504    511    528    535
    509    512    518    549    561
    509    512    518    601    626
    592    592    574    601    626
    586    619    607    547    514

    463    464    470    486    488
    475    467    486    502    515
    475    467    486    568    587
    557    557    537    568    587
    551    576    559    510    477

    429    427    443    449    460
    436    434    451    473    484
    436    434    451    539    560
    528    528    512    539    560
    522    551    532    482    442

    378    385    393    405    413
    397    389    399    425    425
    397    389    399    492    511
    477    477    462    492    511
    477    503    478    426    394

    357    356    368    375    385
    367    365    378    396    402
    367    365    378    469    483
    457    457    436    469    483
    451    474    454    405    370

    342    341    354    364    378
    353    347    364    382    393
    353    347    364    463    482
    451    451    428    463    482
    442    465    449    394    361

    319    326    332    337    351
    325    331    345    353    365
    325    331    345    443    460
    423    423    407    443    460
    420    446    422    371    330

    295    296    307    317    325
    309    302    317    330    335
    309    302    317    420    428
    396    396    381    420    428
    394    411    388    339    306

    283    288    294    299    311
    294    294    304    320    329
    294    294    304    407    417
    389    389    371    407    417
    383    401    379    327    296

    264    263    272    279    285
    275    272    285    296    302
    275    272    285    379    393
    364    364    349    379    393
    353    376    351    303    274

    248    249    261    267    274
    258    259    271    281    283
    258    259    271    368    376
    344    344    332    368    376
    341    358    334    290    259

    249    250    251    266    270
    253    255    266    278    281
    253    255    266    364    376
    346    346    333    364    376
    339    358    329    284    252

    250    246    251    267    270
    250    252    272    274    280
    250    252    272    361    369
    341    341    328    361    369
    334    351    334    279    246

    249    249    250    264    271
    253    256    266    277    281
    253    256    266    363    376
    346    346    332    363    376
    339    357    330    285    252

    232    233    235    243    253
    233    237    251    259    268
    233    237    251    345    359
    326    326    315    345    359
    315    338    318    271    234

    205    205    210    212    227
    207    210    223    226    239
    207    210    223    308    328
    294    294    278    308    328
    283    304    286    241    208

    181    181    183    190    199
    183    188    198    197    210
    183    188    198    281    298
    268    268    248    281    298
    252    272    257    221    183

    173    174    174    180    200
    173    181    192    194    204
    173    181    192    272    300
    265    265    242    272    300
    244    271    260    216    182

    161    159    159    167    181
    160    165    174    175    187
    160    165    174    255    280
    245    245    222    255    280
    227    250    237    196    165

    123    123    126    129    138
    125    133    137    135    146
    125    133    137    201    218
    189    189    171    201    218
    175    195    186    151    126

    135    133    135    137    149
    133    139    145    144    158
    133    139    145    218    240
    206    206    187    218    240
    188    207    202    170    136

    145    144    143    150    160
    146    153    161    159    172
    146    153    161    244    272
    232    232    207    244    272
    206    234    228    189    149

    144    144    142    149    164
    147    154    163    159    173
    147    154    163    248    277
    236    236    208    248    277
    211    235    230    188    151

     89     87     89     88     99
     89     94     99     98    105
     89     94     99    154    173
    143    143    123    154    173
    129    144    138    115     90

    113    113    110    114    130
    115    122    127    129    138
    115    122    127    201    231
    194    194    165    201    231
    169    191    186    156    118

    122    121    117    122    139
    119    128    132    131    144
    119    128    132    215    248
    202    202    175    215    248
    177    204    200    167    128

    112    109    109    113    128
    112    117    122    121    136
    112    117    122    199    226
    188    188    161    199    226
    159    187    183    152    115

    104    103    100    103    120
    103    110    114    112    124
    103    110    114    189    215
    177    177    150    189    215
    152    175    172    143    107

     95     94     90     94    108
     94    101    105    102    111
     94    101    105    169    194
    160    160    134    169    194
    137    161    157    129     97

     78     75     75     77     86
     75     83     84     80     91
     75     83     84    141    152
    126    126    108    141    152
    112    125    122    100     74

     78     76     73     76     88
     76     83     84     82     90
     76     83     84    142    159
    129    129    110    142    159
    112    131    128    103     78

     83     79     78     81     96
     80     88     90     86     96
     80     88     90    153    174
    141    141    117    153    174
    118    139    136    112     82

     86     86     83     84    101
     85     93     95     90    103
     85     93     95    164    186
    150    150    124    164    186
    125    151    145    120     88

     84     80     79     80     95
     81     88     90     87     96
     81     88     90    154    179
    144    144    116    154    179
    121    141    142    113     84

     79     79     75     77     97
     80     89     89     83     95
     80     89     89    157    177
    142    142    115    157    177
    119    141    139    114     80

     75     73     70     74     90
     75     83     85     80     92
     75     83     85    146    169
    134    134    108    146    169
    110    132    130    108     77

     73     70     68     70     86
     71     77     80     76     89
     71     77     80    142    161
    129    129    104    142    161
    107    125    123    102     73

     56     54     52     55     67
     54     63     62     59     68
     54     63     62    111    119
     95     95     81    111    119
     82     96     93     75     55

     48     47     45     46     56
     46     52     54     50     59
     46     52     54     93     97
     77     77     67     93     97
     73     79     77     60     47

     44     44     42     42     50
     43     51     50     45     53
     43     51     50     86     86
     70     70     63     86     86
     66     71     67     54     43

     38     37     36     36     46
     38     44     41     38     46
     38     44     41     76     76
     60     60     55     76     76
     56     63     60     46     38

     27     30     28     25     26
     24     33     28     27     30
     24     33     28     41     33
     36     36     35     41     33
     37     30     28     23     24

     18     17     17     16     21
     15     20     21     16     17
     15     20     21     24     20
     21     21     22     24     20
     20     19     15     17     16

     21     23     20     18     24
     19     25     24     20     22
     19     25     24     35     30
     29     29     32     35     30
     29     29     23     22     17

     36     35     33     31     39
     31     40     40     36     41
     31     40     40     72     64
     55     55     55     72     64
     55     56     47     37     30

     38     40     37     34     46
     37     45     47     42     45
     37     45     47     90     79
     66     66     61     90     79
     64     67     58     45     36

     45     44     44     41     57
     42     53     54     49     56
     42     53     54    106    100
     79     79     72    106    100
     76     84     77     58     43

     49     47     44     45     60
     44     54     58     51     62
     44     54     58    113    111
     87     87     76    113    111
     78     90     84     63     47

     47     46     43     44     59
     45     52     56     51     58
     45     52     56    111    107
     84     84     75    111    107
     77     87     81     62     45

     46     45     44     42     57
     44     54     56     48     58
     44     54     56    112    107
     83     83     72    112    107
     77     86     81     62     45

     45     45     42     43     57
     42     52     55     48     56
     42     52     55    109    106
     83     83     71    109    106
     75     84     78     59     44

     41     41     38     39     53
     39     49     51     43     54
     39     49     51    104    102
     78     78     69    104    102
     71     81     76     56     41

     43     41     38     38     52
     38     50     51     43     52
     38     50     51    104     98
     78     78     68    104     98
     71     79     74     57     41

     40     39     36     36     49
     37     46     46     41     49
     37     46     46     99     95
     73     73     63     99     95
     66     75     71     53     38

     39     37     36     34     49
     36     45     46     40     49
     36     45     46     96     90
     71     71     62     96     90
     65     72     69     51     36

     35     34     31     32     44
     32     40     42     36     44
     32     40     42     89     83
     67     67     57     89     83
     60     67     62     45     33

     33     31     29     29     41
     30     38     40     34     40
     30     38     40     82     75
     60     60     53     82     75
     55     61     57     41     30

     31     29     27     27     37
     28     35     38     31     37
     28     35     38     76     66
     54     54     49     76     66
     50     55     51     38     28

     24     23     21     20     28
     20     27     28     23     28
     20     27     28     57     48
     40     40     39     57     48
     41     40     37     28     21

     15     15     14     11     17
     13     19     17     13     15
     13     19     17     31     24
     24     24     24     31     24
     23     22     18     15     12

      5      5      4      3      4
      6      7      5      3      5
      6      7      5      5      6
      5      5      6      5      6
      6      5      5      6      3

      4      4      4      2      4
      4      6      5      3      4
      4      6      5      5      4
      4      4      5      5      4
      5      3      5      4      3

      5      7      5      3      6
      6      8      7      5      6
      6      8      7      7      7
      7      7      7      7      7
      7      6      6      6      5

      5      5      6      4      5
      5      7      6      5      6
      5      7      6      7      6
      7      7      6      7      6
      7      5      6      5      4

      9      9      8      6     10
      8     13     10      8      9
      8     13     10     15     12
     14     14     13     15     12
     14     11     10      9      8

     16     15     14     12     17
     15     20     19     14     17
     15     20     19     34     27
     26     26     25     34     27
     25     24     23     18     13

     19     18     15     15     23
     17     22     22     17     22
     17     22     22     41     33
     32     32     29     41     33
     31     29     27     21     16

     18     17     15     14     20
     16     20     21     16     20
     16     20     21     39     32
     31     31     27     39     32
     28     27     25     20     15

     18     17     16     15     22
     17     22     20     18     20
     17     22     20     41     35
     31     31     30     41     35
     31     29     28     21     17

     16     16     14     13     20
     16     20     18     16     19
     16     20     18     37     32
     29     29     27     37     32
     27     27     24     19     15

     18     17     15     14     22
     17     23     21     17     22
     17     23     21     42     35
     33     33     29     42     35
     31     30     28     22     16

     18     18     16     14     24
     17     23     21     17     23
     17     23     21     46     38
     35     35     31     46     38
     31     32     31     22     17

     21     20     17     17     27
     19     26     25     20     24
     19     26     25     50     43
     38     38     33     50     43
     36     35     33     26     19

     21     19     17     16     26
     19     25     25     19     22
     19     25     25     48     40
     39     39     33     48     40
     36     36     33     25     18

     19     18     17     15     24
     17     24     23     17     22
     17     24     23     45     38
     35     35     32     45     38
     32     33     29     23     17

     17     17     14     12     21
     14     22     21     15     19
     14     22     21     38     31
     33     33     29     38     31
     30     27     24     20     15

     19     18     17     15     24
     17     24     23     17     22
     17     24     23     45     37
     35     35     32     45     37
     32     33     29     23     17

     11     16     16     18     20
     17     18     23     16     20
     17     18     23     42     33
     35     35     32     42     33
     31     29     25     20     18

     13     19     20     18     21
     17     14     18     18     19
     17     14     18     39     39
     33     33     33     39     39
     28     30     27     23     15

     16     17     19     17     19
     19     19     20     23     24
     19     19     20     42     37
     31     31     31     42     37
     26     29     24     22     18

     14     16     17     18     21
     17     17     17     20     24
     17     17     17     40     37
     33     33     33     40     37
     25     32     25     23     15

     10     13     16     13     15
     17     14     17     17     16
     17     14     17     33     31
     24     24     25     33     31
     24     26     23     16     16

     10     12     13     14     15
     11     14     11     11     13
     11     14     11     24     25
     22     22     24     24     25
     18     20     15     15     13

     -3    -13      2     18     25
    -20    -17     -2     -8    -19
    -20    -17     -2     23     22
     -3     -3     19     23     22
     20     18      7     10      7

      6      6      5      6      8
      4      6      7      6      8
      4      6      7      8     12
     10     10     11      8     12
     11      7      5      7      6

      4      3      4      5      5
      3      3      5      5      4
      3      3      5      9      6
      5      5      6      9      6
      7      5      3      3      4

      2      0      2      1      1
      0      0      0      0      0
      0      0      0      0      2
      0      0      2      0      2
      1      2      0      0      1

      0      1     -1      1      0
      0      0     -2     -2      0
      0      0     -2      0      0
      0      0      0      0      0
      0      0      0     -1      0

      1     -1      0      0      1
     -1      0      0     -2     -1
     -1      0      0      0      1
     -2     -2      0      0      1
     -1      3      0      0      1

      0      0      0      0      1
      0      0      1      0      1
      0      0      1      0      2
      0      0      0      0      2
      0      0      0      0      0

      3      1      0      0      3
      4      5      5      6      6
      4      5      5      4      3
      0      0      4      4      3
      0      0     -3      0      1

      0      0      0      0      0
      0      0      0     -2      0
      0      0      0     -2      0
      0      0      3     -2      0
      0      2      0      0      0

     -1      1      0      3      3
      0      3      2      0      2
      0      3      2      0      2
      2      2      2      0      2
      1      0      0      0      3

      3      0      0      3      0
      0      1      2      0      0
      0      1      2      0      4
      0      0      3      0      4
      0      2      0      0      2

      1      0      0      1      1
      2      1      1     -2      2
      2      1      1      2      3
      1      1      4      2      3
     -1      1      2      0      2

      0      1      2      1      2
      1      2      1      1      3
      1      2      1      4      1
      1      1      4      4      1
      0      0     -1      0      0

      4      3      5      6      5
      6      2      2      2      4
      6      2      2      4      5
      4      4      5      4      5
      5      3      3      1      5

      5      5      8      3      6
      0      3      8      4      7
      0      3      8      3      6
      4      4      5      3      6
      5      7      5      3      2

      4      3      4      2      4
      4      2      3      3      4
      4      2      3      5      5
      4      4      6      5      5
      5      2      2      5      2

      3      6      5      5      5
      4      3      5      3      3
      4      3      5      8      8
      8      8      7      8      8
      4      5      5      5      3

      8      9      9     10      9
      7     10      8     11     10
      7     10      8     13     14
     12     12     12     13     14
     11     10     11     10     11

     11     11     13     13     16
     11     11     11     13     14
     11     11     11     18     24
     18     18     19     18     24
     18     18     18     12     11

     13     13     14     18     17
     15     17     15     17     18
     15     17     15     26     28
     24     24     23     26     28
     22     22     21     19     14

     13     16     15     18     17
     18     17     18     19     21
     18     17     18     31     30
     27     27     26     31     30
     23     25     24     20     17

     13     17     19     19     19
     18     17     19     19     21
     18     17     19     32     29
     28     28     28     32     29
     25     27     25     21     17

     14     19     17     17     20
     20     17     17     18     28
     20     17     17     34     40
     29     29     24     34     40
     23     31     36     28     19

     14     16     19     22     23
     20     18     20     22     22
     20     18     20     36     37
     32     32     33     36     37
     27     32     29     23     18

     14     16     18     18     20
     18     19     21     21     22
     18     19     21     35     36
     32     32     31     35     36
     28     29     29     22     17

     13     15     16     19     19
     16     15     16     18     21
     16     15     16     31     31
     29     29     27     31     31
     25     27     26     19     17

     13     15     16     17     20
     16     15     15     17     23
     16     15     15     34     33
     28     28     27     34     33
     26     27     26     19     16

     13     14     17     19     18
     16     14     17     19     20
     16     14     17     33     32
     30     30     28     33     32
     23     27     26     21     17

     13     14     14     17     19
     16     14     17     17     20
     16     14     17     34     34
     28     28     29     34     34
     24     27     25     20     13

     13     13     17     16     16
     15     15     14     19     19
     15     15     14     32     31
     28     28     26     32     31
     22     26     24     18     14

     16     13     16     18     19
     17     15     15     17     18
     17     15     15     35     33
     30     30     28     35     33
     23     27     24     19     17

     15     15     15     18     20
     17     14     17     18     21
     17     14     17     32     32
     28     28     29     32     32
     25     26     25     19     16

     14     12     14     18     17
     14     14     13     18     18
     14     14     13     32     31
     26     26     26     32     31
     22     25     24     18     15

     13     13     15     16     16
     15     14     15     17     16
     15     14     15     29     30
     28     28     24     29     30
     23     24     22     17     14

     10     10     15     16     16
     14     13     13     16     17
     14     13     13     31     30
     27     27     25     31     30
     20     26     23     14     12

     11     13     12     15     17
     13     12     15     15     15
     13     12     15     29     29
     25     25     25     29     29
     19     22     20     14     12

     10     15     15     13     16
     12     14     14     17     16
     12     14     14     29     28
     24     24     24     29     28
     18     24     22     16     12

      8     12     10     13     13
     10     12     14     13     15
     10     12     14     24     25
     24     24     22     24     25
     19     23     19     15     14

     10     11     12     12     14
     11     10     12     13     14
     11     10     12     26     23
     20     20     22     26     23
     18     20     17     15     12

      9     10     11     13     13
     13     11     11     14     15
     13     11     11     22     22
     18     18     21     22     22
     15     16     15     12     10

      9     10     10     12     14
     11     10     12     11     13
     11     10     12     18     21
     17     17     17     18     21
     15     18     16     10     10

      6      8      9     10     11
      9     10     10     10     12
      9     10     10     18     18
     16     16     17     18     18
     16     15     13     10     10

      6      8      7      8     12
      9      7     10     11     11
      9      7     10     16     17
     16     16     14     16     17
     10     13     14     10      9

      7      8      9     10     11
      9      9      8     12     11
      9      9      8     15     14
     14     14     15     15     14
     11     14      9      8      8

      5      6      5      7      9
      9      6      9      8     11
      9      6      9     13     13
     13     13     13     13     13
     11     13      8      8      7

      4      5      6      6      7
      6      5      4      5      6
      6      5      4     10      8
      7      7      9     10      8
      7      7      6      7      7

      2      6      3      3      5
      5      4      5      3      5
      5      4      5      7      7
      6      6      7      7      7
      6      6      6      5      3

      0      2      2      3      4
      2      0      2      1      2
      2      0      2      5      4
      3      3      4      5      4
      4      3      2      2      1

      0      0      0      0      1
      2      0      1      2      1
      2      0      1      3      2
      3      3      2      3      2
      4      1      1      0      3

      1      0      2      1      0
     -1      0      1     -1      0
     -1      0      1      0      1
      0      0      1      0      1
      0      0     -1      0      0

      1      0      0      2      0
      0      0      0      0      0
      0      0      0      0      1
      0      0      0      0      1
      0      0      0      0      0

      0      0      0      1      0
     -1      0      0      0      0
     -1      0      0      0      1
      0      0      1      0      1
      0      1      0      1      0

      0      0     -1      0      0
      0      0      0      0      0
      0      0      0      0      0
     -1     -1      0      0      0
      1      1      0      0     -1

      0      0      3     -3      1
      0     -1      3      0      0
      0     -1      3      0      0
      0      0     -1      0      0
      0      2      0      0      0

      0     -1      2      2      1
      0     -1      1      0      0
      0     -1      1     -1      1
      0      0      1     -1      1
      1      0      0      0      0

      0      0      1      0      0
      1     -1      0      0      0
      1     -1      0      0      1
      0      0      1      0      1
      0      2     -2      0      0

      0      0      0      1      2
      1      0      0      0      0
      1      0      0      1      0
      0      0      1      1      0
     -1      0      0      0      0

      1      0     -1     -1      1
      1      0      0      0      0
      1      0      0      2      1
     -1     -1     -1      2      1
      2      0      2      0     -2

      0      0      0      0      0
      0     -1     -1     -1      0
      0     -1     -1      0      1
     -1     -1      0      0      1
      0     -2      0      0     -1

      0      0      0     -1      1
      0      0      0      0     -1
      0      0      0      0      2
     -1     -1      0      0      2
      0      0      0      0     -2

      0      0      0      0      1
     -1     -1      0      0     -2
     -1     -1      0      0      1
     -1     -1     -2      0      1
      0      0      1      0      0

      1      0     -1      0      1
      0      0      0      0      0
      0      0      0      0      1
     -1     -1      0      0      1
      0      0      1     -2      0

      0      0      0      0     -1
     -1      0     -1      0     -1
     -1      0     -1      0      0
      0      0     -2      0      0
      0     -1      0     -2      0

      0      0      0     -1      1
      1      0      0      0      0
      1      0      0     -1      3
     -1     -1      0     -1      3
      0      0      2      0      0

      0     -1      0      0      1
      0      0     -1     -1      0
      0      0     -1      0      1
     -1     -1      0      0      1
      0      0      2      0      0

      0      0      1      0      0
      0      0      0      0      0
      0      0      0      0      0
      0      0      0      0      0
      1      0      1      0     -1

      0      0      0      1      0
      0      1      0     -1      1
      0      1      0      0      1
      0      0      0      0      1
      1      0      1      0      0

      4      2      1      3      1
      1      2      1      0      2
      1      2      1      2      5
      2      2      1      2      5
      3      2      3      3      2

      4      3      4      3      2
      4      3      4      3      4
      4      3      4      2      5
      3      3      2      2      5
      6      3      5      2      3

      4      4      5      5      4
      5      6      5      5      5
      5      6      5      7      7
      5      5      6      7      7
      6      4      8      5      4

      4      2      4      3      3
      2      3      3      3      4
      2      3      3      5      5
      3      3      4      5      5
      4      4      4      3      2

      1      0      0      2      0
      1      1      0      2      0
      1      1      0      1      3
      1      1      1      1      3
      3      2      2      3      0

      2      1      1      3      2
      1      3      2      3      1
      1      3      2      3      4
      1      1      1      3      4
      3      2      3      2      0

      6      6      3      5      6
      4      6      3      6      6
      4      6      3      8      8
      5      5      8      8      8
      8      6      7      4      6

      8      8      9      9      8
      8      9      8      7      7
      8      9      8     10     11
     11     11     10     10     11
     10      9      8      5      6

      6      6      6      8      7
      5      8      6      8      8
      5      8      6     10     11
      9      9      8     10     11
      8      7      7      6      6

      5      6      5      6      5
      4      4      4      5      5
      4      4      4      7      8
      5      5      6      7      8
      6      7      7      5      3

      5      4      5      6      6
      4      5      6      6      5
      4      5      6      8      8
      6      6      7      8      8
      7      6      7      4      4

      6      7      7      7      6
      7      8      6      7      6
      7      8      6     10     11
      8      8      9     10     11
     10      9     11      7      5

      9      8      8      9      8
      7      7      9      9      9
      7      7      9     11     14
     11     11     10     11     14
     12      9     10      9      7

      9      8      8      9      9
      8      8      9      9     10
      8      8      9     12     14
     12     12     12     12     14
     11      9     11      9      7

      8      8      8      9      8
      9      8      8      8     11
      9      8      8     13     13
     10     10     11     13     13
     11     10     10      9      7

      9      8      8      9     10
      8      8      9     10      8
      8      8      9     12     12
     11     11     13     12     12
     10     13     13      8      6

      8      9      7     11      9
      8      8      7      9      8
      8      8      7     14     13
     13     13     13     14     13
     12     10     11      9      7

      8      9      9      9     10
      7     10     10      9      9
      7     10     10     11     13
     14     14     12     11     13
     13     12     10      9      7

      7      8      8      9      8
      8      8      6      7     10
      8      8      6     13     13
     13     13     13     13     13
     12     12     11      8      6

      7      7      7      8     10
      7      8      7      8      9
      7      8      7     12     12
     13     13     13     12     12
     12     10     10      7      5

      7      7      8      7      8
      8      7      6      7      8
      8      7      6     12     12
     10     10     12     12     12
     11      9     11      8      8

      8      6      6      9      7
      8      9      7      9      8
      8      9      7     12     12
     13     13     12     12     12
     12      9     10      7      6

      6      6      7      8      8
      7      8      7      7      9
      7      8      7     13     12
     10     10     11     13     12
     10      9     10      8      5

      5      7      6      7      8
      5      5      6      7      8
      5      5      6     11     10
     10     10     11     11     10
     11      9     10      8      4

      5      7      8      8      7
      7      7      7      8      8
      7      7      7     12     14
     11     11     12     12     14
     12     10     11      7      6

      5      6      6      9      9
      7      8      7      8      8
      7      8      7     14     13
     12     12     13     14     13
     12     11     11      9      6

      6      7      7      9      9
      6      8      8      8     10
      6      8      8     12     13
     12     12     12     12     13
     10     11     12      9      6

      5      8      6      8      8
      5      7      7      7      8
      5      7      7     12     13
     12     12     12     12     13
     12     11     12      8      5

      5      5      5     10      8
      8      8      6      7      7
      8      8      6     11     13
     10     10     12     11     13
     10      9     11      9      7

      4      9      6      8      7
      5      5      6      7      9
      5      5      6     12     13
     12     12     11     12     13
     11      9     11      9      5

      5      6      5      7      7
      4      7      7      7      7
      4      7      7     10     11
      9      9      9     10     11
      8      8     11      6      4

      5      6      6      7      8
      6      7      5      5      6
      6      7      5     10     11
     10     10      9     10     11
      7      8     10      6      5

      4      6      6      6      8
      6      6      6      5      7
      6      6      6      9     10
      8      8      8      9     10
      8      9     10      7      4

      4      5      4      4      6
      5      4      3      7      7
      5      4      3      6     12
      7      7      6      6     12
      7      7      7      8      6

      1      3      6      6      8
      3      4      7      6      5
      3      4      7      8     10
      7      7      9      8     10
      9      6      6      5      4

      4      4      3      7      8
      5      4      4      5      6
      5      4      4      8      9
      7      7      6      8      9
      7      7      7      6      5

      3      3      6      5      5
      2      5      4      5      8
      2      5      4      6      7
      9      9      4      6      7
      6      8      6      5      1

      4      3      4      4      5
      2      2      4      4      5
      2      2      4      6      9
      6      6      6      6      9
      6      5      6      4      2

      3      3      3      4      6
      1      1      2      3      4
      1      1      2      6      6
      3      3      5      6      6
      8      6      5      3      2

      3      2      1      4      3
      2      2      3      1      3
      2      2      3      5      5
      5      5      5      5      5
      5      4      7      4      3

      1      2      1      4      4
      3      5      1      5      3
      3      5      1      7      6
      4      4      6      7      6
      5      2      6      5      1

      2      1      0      3      2
      0      2      0      1      2
      0      2      0      2      6
      2      2      4      2      6
      4      3      2      4      2

      1      1      1      3      1
      1      2      1      1      3
      1      2      1      3      3
      0      0      1      3      3
      4      0      3      4      2

      2      3      2      3      2
      0      2      2      0      2
      0      2      2      5      5
      3      3      3      5      5
      4      2      2      2      0

      4      1      0      2      2
      3      0      1      0      3
      3      0      1      1      2
      2      2      2      1      2
      3      0      3      2      1

      0      1      0      2      2
     -1      0      2      1      3
     -1      0      2      2      2
      1      1      0      2      2
      2      0      2      2      3

      1      2      3      1      0
      1      0      0      1      4
      1      0      0      5      5
      4      4      4      5      5
      4      2      4      0      1

      1      2      3      2      2
      1      2     -1      1      1
      1      2     -1      5      6
      0      0      2      5      6
      0      0      1      0     -1

     -1      0      0      1      1
      0     -2      1      0      0
      0     -2      1      1      4
      0      0      0      1      4
      1      1      3      2     -1

      3      2      0      1     -1
      3      0      0      0      2
      3      0      0      3      2
      0      0      0      3      2
      2      0      3      1      0

      0     -2      1      4      0
      0      0      0      1      2
      0      0      0      2      4
     -1     -1      1      2      4
      2      0      2     -3      2

      0      0      0      0      1
      0      0      0      1      0
      0      0      0      1      0
     -2     -2      0      1      0
      0     -4      3      1     -2

     -1      3      0     -3      0
      0     -2     -2     -2      0
      0     -2     -2     -1      4
      0      0      0     -1      4
      0     -1      1      0     -2

      0      0      1      4      0
      1      0      1      0      0
      1      0      1      4      2
     -3     -3      0      4      2
      0     -1      0      2     -1

