;
; ENVI ASCII Output of file: E:\Imaging\ROI_AVIRIS\5_3_14.img [Fri Nov 17 12:05:11 2017]
; File Dimensions: 5 samples x 5 lines x 224 bands
; Line Format    : (5i7)
;
    482    471    479    478    487
    474    482    479    467    487
    464    484    481    481    469
    464    478    482    477    474
    464    478    482    477    482

    556    555    551    577    576
    542    557    542    565    576
    556    561    540    540    563
    544    544    551    557    569
    544    544    551    557    577

    600    585    599    610    603
    610    600    595    588    603
    587    595    599    599    612
    586    582    601    602    598
    586    582    601    602    607

    746    751    755    761    763
    764    761    771    754    763
    761    757    761    761    771
    744    744    740    744    753
    744    744    740    744    767

   1086   1101   1114   1103   1109
   1095   1085   1127   1108   1109
   1108   1103   1118   1118   1112
   1087   1084   1096   1094   1087
   1087   1084   1096   1094   1118

   1141   1154   1161   1171   1155
   1150   1166   1191   1171   1155
   1162   1169   1178   1178   1167
   1158   1137   1149   1142   1150
   1158   1137   1149   1142   1175

   1082   1093   1108   1111   1099
   1091   1111   1118   1108   1099
   1088   1110   1126   1126   1105
   1092   1082   1075   1083   1075
   1092   1082   1075   1083   1111

   1001   1015   1010   1030   1015
   1009   1022   1040   1034   1015
   1014   1024   1025   1025   1025
   1011   1001    995   1004    997
   1011   1001    995   1004   1029

   1091   1104   1111   1117   1103
   1092   1111   1132   1119   1103
   1109   1108   1124   1124   1108
   1092   1083   1079   1086   1086
   1092   1083   1079   1086   1118

   1122   1133   1131   1145   1132
   1116   1143   1147   1151   1132
   1127   1138   1149   1149   1137
   1125   1114   1117   1123   1119
   1125   1114   1117   1123   1153

   1088   1093   1108   1114   1103
   1085   1105   1115   1114   1103
   1094   1105   1117   1117   1109
   1103   1085   1087   1079   1079
   1103   1085   1087   1079   1121

   1018   1026   1044   1051   1040
   1018   1044   1053   1050   1040
   1027   1045   1051   1051   1035
   1036   1026   1020   1024   1025
   1036   1026   1020   1024   1062

    969    975    988    997    991
    969    987    996   1000    991
    983    983   1000   1000    992
    982    983    967    965    971
    982    983    967    965   1004

    879    886    896    904    903
    880    895    905    904    903
    894    896    897    897    900
    898    892    880    881    884
    898    892    880    881    905

    818    813    827    836    831
    813    823    831    831    831
    825    826    828    828    831
    825    822    821    823    818
    825    822    821    823    834

    738    743    750    750    748
    730    733    743    743    748
    736    740    744    744    745
    743    739    744    743    740
    743    739    744    743    747

    667    670    661    670    666
    656    657    666    663    666
    660    660    663    663    660
    668    662    671    668    663
    668    662    671    668    669

    638    642    637    641    639
    629    629    631    635    639
    629    629    633    633    631
    637    636    643    643    635
    637    636    643    643    638

    608    613    612    612    612
    601    600    595    607    612
    596    597    602    602    602
    604    609    613    618    606
    604    609    613    618    607

    576    578    574    576    572
    561    563    564    563    572
    569    564    558    558    567
    569    579    583    582    574
    569    579    583    582    569

    533    530    532    533    533
    518    512    510    520    533
    517    520    512    512    518
    527    533    540    538    527
    527    533    540    538    526

    497    495    493    491    492
    483    471    476    481    492
    484    477    479    479    481
    488    494    499    503    494
    488    494    499    503    482

    467    464    459    464    458
    454    442    446    455    458
    447    445    443    443    454
    457    464    465    476    468
    457    464    465    476    453

    417    414    415    413    415
    405    394    401    409    415
    405    399    403    403    407
    412    418    427    430    417
    412    418    427    430    403

    397    394    388    389    391
    384    366    370    385    391
    378    373    374    374    375
    389    397    399    400    394
    389    397    399    400    377

    387    384    376    378    384
    377    361    357    368    384
    368    367    365    365    369
    376    384    396    395    391
    376    384    396    395    362

    365    361    353    356    353
    349    337    335    346    353
    343    339    337    337    344
    352    361    373    375    366
    352    361    373    375    339

    340    334    330    330    333
    327    310    310    321    333
    318    315    316    316    321
    330    342    348    352    338
    330    342    348    352    314

    331    324    315    318    320
    317    303    299    310    320
    310    306    302    302    307
    321    324    336    343    331
    321    324    336    343    307

    308    300    293    296    296
    296    280    278    288    296
    289    280    282    282    289
    296    306    319    315    311
    296    306    319    315    281

    296    289    280    278    283
    284    266    267    277    283
    270    272    268    268    274
    283    290    304    312    292
    283    290    304    312    268

    297    287    279    275    281
    282    263    260    269    281
    273    265    264    264    272
    278    290    303    309    298
    278    290    303    309    261

    288    284    276    270    280
    277    260    255    268    280
    272    259    261    261    271
    275    285    303    301    290
    275    285    303    301    260

    296    286    279    275    282
    281    263    261    269    282
    273    265    263    263    271
    277    291    303    309    296
    277    291    303    309    262

    279    277    262    260    264
    265    249    244    251    264
    257    249    247    247    255
    257    273    289    290    285
    257    273    289    290    245

    251    248    232    228    236
    242    218    216    220    236
    226    223    217    217    227
    232    241    258    261    258
    232    241    258    261    223

    225    221    204    201    208
    217    193    190    197    208
    205    196    193    193    197
    200    215    230    231    233
    200    215    230    231    193

    227    219    197    197    203
    214    190    185    186    203
    197    194    185    185    193
    195    206    225    230    235
    195    206    225    230    189

    208    201    186    178    184
    199    172    167    168    184
    181    178    167    167    177
    177    191    205    207    215
    177    191    205    207    171

    164    156    145    141    143
    156    133    129    131    143
    141    135    130    130    137
    138    149    161    164    170
    138    149    161    164    133

    180    172    155    150    154
    170    144    140    142    154
    152    152    137    137    146
    144    160    177    174    191
    144    160    177    174    142

    207    195    172    164    167
    195    162    152    152    167
    166    168    151    151    161
    159    176    193    198    216
    159    176    193    198    160

    213    198    176    167    173
    198    162    153    151    173
    170    173    152    152    163
    163    179    198    203    226
    163    179    198    203    159

    133    120    106    103    107
    123     99     92     93    107
    106    104     91     91     97
     97    108    123    124    139
     97    108    123    124     98

    181    167    138    133    136
    170    134    120    120    136
    140    139    119    119    128
    125    144    161    164    193
    125    144    161    164    127

    196    181    149    140    145
    182    144    128    126    145
    144    150    125    125    138
    130    149    171    173    205
    130    149    171    173    133

    184    170    136    131    133
    169    131    117    115    133
    135    140    112    112    126
    121    137    155    161    193
    121    137    155    161    125

    177    163    129    122    126
    164    123    107    109    126
    129    131    105    105    117
    111    129    147    152    187
    111    129    147    152    113

    163    149    118    111    114
    151    112     97     98    114
    117    119     98     98    108
    104    120    136    140    170
    104    120    136    140    105

    129    115     92     89     93
    118     88     80     78     93
     97     95     78     78     85
     82     95    108    113    136
     82     95    108    113     82

    140    124     96     90     97
    126     91     82     80     97
    100     99     77     77     88
     82     98    111    116    143
     82     98    111    116     86

    156    139    104     96     99
    140    100     87     83     99
    105    109     82     82     91
     87    102    119    124    162
     87    102    119    124     91

    166    151    112    102    110
    152    109     92     87    110
    112    116     85     85     98
     94    110    129    134    172
     94    110    129    134     98

    166    147    108     96    102
    148    105     87     82    102
    108    114     82     82     94
     88    104    121    129    170
     88    104    121    129     91

    167    148    106     96     99
    153    102     83     80     99
    106    111     80     80     92
     85    103    123    130    170
     85    103    123    130     93

    164    144    101     93     97
    145     96     80     76     97
    104    108     75     75     87
     80     96    118    123    167
     80     96    118    123     85

    158    138     95     86     94
    141     94     75     73     94
     97    102     72     72     83
     76     92    114    117    160
     76     92    114    117     80

    118    102     73     68     74
    104     69     59     59     74
     79     76     57     57     66
     58     72     86     91    119
     58     72     86     91     65

     98     80     60     55     65
     84     54     52     53     65
     65     61     47     47     56
     50     62     75     80     97
     50     62     75     80     54

     89     72     56     52     61
     74     49     46     46     61
     60     53     42     42     49
     45     57     67     73     86
     45     57     67     73     48

     78     63     48     47     53
     64     42     41     41     53
     54     49     39     39     44
     40     52     60     66     75
     40     52     60     66     44

     33     25     28     31     40
     26     25     34     34     40
     34     26     30     30     29
     30     39     39     39     25
     30     39     39     39     33

     21     18     17     16     23
     18     16     20     19     23
     17     18     16     16     18
     19     23     24     24     17
     19     23     24     24     18

     32     25     22     23     31
     25     21     24     25     31
     24     23     21     21     23
     24     32     36     34     26
     24     32     36     34     24

     73     53     44     43     58
     54     36     40     42     58
     48     42     37     37     41
     40     54     63     69     61
     40     54     63     69     39

     93     67     51     50     66
     71     42     44     47     66
     61     51     40     40     49
     43     61     74     83     80
     43     61     74     83     45

    126     92     61     60     76
     98     54     51     51     76
     72     63     48     48     56
     51     69     86     97    114
     51     69     86     97     52

    140    106     67     65     80
    112     59     52     53     80
     80     70     50     50     60
     54     74     93    100    128
     54     74     93    100     55

    138    102     66     63     78
    110     57     52     53     78
     80     69     50     50     60
     53     73     92    102    123
     53     73     92    102     55

    140    105     64     63     78
    110     58     53     53     78
     80     69     49     49     60
     51     73     92    101    126
     51     73     92    101     53

    138    100     64     62     78
    108     56     50     52     78
     79     69     48     48     57
     51     70     91     99    124
     51     70     91     99     53

    134    100     61     58     74
    106     52     46     48     74
     75     65     43     43     54
     48     67     87     97    119
     48     67     87     97     49

    134    100     60     59     75
    105     52     46     47     75
     75     65     45     45     53
     47     65     87     96    119
     47     65     87     96     50

    131     97     59     54     70
    102     50     44     44     70
     70     64     40     40     49
     45     62     82     90    115
     45     62     82     90     47

    126     92     56     53     68
    100     50     44     43     68
     71     60     41     41     50
     43     62     81     90    111
     43     62     81     90     47

    120     85     51     49     65
     91     43     40     41     65
     65     54     38     38     46
     39     57     77     86    102
     39     57     77     86     41

    109     78     47     45     61
     82     40     38     39     61
     60     50     35     35     42
     37     54     71     80     92
     37     54     71     80     39

     99     70     43     41     57
     73     36     36     37     57
     54     45     33     33     39
     36     51     65     73     82
     36     51     65     73     36

     71     48     32     32     46
     51     27     29     29     46
     40     33     25     25     31
     28     40     50     58     55
     28     40     50     58     27

     37     23     18     19     28
     24     15     19     19     28
     21     19     15     15     18
     18     28     33     34     26
     18     28     33     34     15

      4      4      5      5      6
      4      5      7      6      6
      6      4      5      5      5
      5      7      6      6      4
      5      7      6      6      4

      4      3      5      4      5
      4      3      6      5      5
      4      3      4      4      5
      4      6      6      5      3
      4      6      6      5      4

      6      5      6      7      8
      5      6      8      7      8
      6      6      5      5      5
      8      9      9      7      5
      8      9      9      7      6

      6      5      5      6      9
      6      6      7      6      9
      6      5      6      6      6
      7      8      7      7      5
      7      8      7      7      7

     17     12     11     11     16
     12     11     13     12     16
     13     11      9      9     10
     11     18     18     17     11
     11     18     18     17     10

     44     27     21     19     34
     30     18     21     22     34
     27     22     17     17     20
     20     30     34     38     31
     20     30     34     38     18

     51     32     24     25     37
     36     20     23     24     37
     31     25     19     19     24
     22     35     41     45     37
     22     35     41     45     21

     48     31     22     22     36
     33     19     22     22     36
     28     24     18     18     20
     21     30     39     42     35
     21     30     39     42     20

     51     32     25     25     37
     35     20     24     23     37
     29     25     19     19     23
     22     33     42     44     38
     22     33     42     44     22

     48     30     22     22     34
     34     17     21     20     34
     27     22     16     16     20
     20     30     37     41     35
     20     30     37     41     18

     53     34     25     24     39
     37     20     23     23     39
     32     25     18     18     23
     22     33     42     46     39
     22     33     42     46     22

     62     40     27     27     40
     43     21     23     24     40
     34     28     19     19     24
     22     35     47     49     46
     22     35     47     49     22

     72     46     30     29     45
     50     23     26     26     45
     40     31     21     21     26
     24     39     51     55     54
     24     39     51     55     25

     75     48     32     29     45
     51     24     27     26     45
     41     32     22     22     28
     24     40     53     56     54
     24     40     53     56     24

     72     44     27     28     44
     47     22     25     26     44
     37     31     21     21     25
     24     39     49     55     49
     24     39     49     55     24

     59     35     24     24     41
     39     20     25     24     41
     32     27     19     19     23
     23     37     46     48     37
     23     37     46     48     20

     71     44     27     28     45
     47     22     25     26     45
     37     31     21     21     25
     24     39     49     55     49
     24     39     49     55     24

     71     40     26     26     34
     43     23     19     22     34
     31     29     17     17     24
     23     29     44     54     50
     23     29     44     54     19

     79     46     22     24     39
     46     23     19     25     39
     35     24     22     22     23
     20     33     44     56     50
     20     33     44     56     18

     79     44     25     24     33
     46     20     21     27     33
     32     26     20     20     28
     22     34     46     49     54
     22     34     46     49     18

     84     50     25     24     34
     53     24     17     23     34
     33     24     22     22     25
     20     33     45     52     62
     20     33     45     52     19

     65     37     22     22     30
     42     22     15     23     30
     25     21     15     15     24
     16     30     35     44     45
     16     30     35     44     16

     48     27     15     17     23
     30     15     11     16     23
     21     14     14     14     17
     19     21     30     36     32
     19     21     30     36     15

     68     53     26     28     18
     54     29     19     11     18
     47     45     19     19     31
     -4    -10     25      5     17
     -4    -10     25      5     47

     17     10      6      7     10
     12      6      8      6     10
     10      6      6      6      8
      8      9     12     14     11
      8      9     12     14      6

     10      7      3      6      7
     10      2      4      6      7
      5      4      3      3      4
      2      6      5      7      7
      2      6      5      7      5

      0      0      1      1      0
      2      2      0      2      0
      2      0      0      0      1
      1      2      0      1      0
      1      2      0      1      1

      0      0     -1      0      0
      1      0      0      0      0
      1      0      0      0      0
      0     -2     -1      0      0
      0     -2     -1      0      3

      2      3      1      3      0
      2     -2     -1      0      0
      0      0      0      0      0
      0      2      0      0     -1
      0      2      0      0      0

      0      0      2      0      0
      0      0      0      0      0
      1      0      0      0      1
      0      0      0      0      0
      0      0      0      0      0

      1     -1      2      1     -1
      6      0     -7      4     -1
     -1     -4      0      0      3
     -4     -1     -2      0     -1
     -4     -1     -2      0     -1

      4      0      2      1      0
      1      0      1     -1      0
      1      1     -1     -1      0
      0      0      0     -3      0
      0      0      0     -3      0

      3     -1      0      1     -1
      1      0     -1      3     -1
      0      1      0      0      1
     -5      0      0      0      1
     -5      0      0      0      0

      0      1      1      2      1
      3      1      1      0      1
      0      1      0      0      2
     -4      1      0      0      0
     -4      1      0      0      1

      1      0      2      1      2
      1      1      0      1      2
      1      0      0      0      2
      0      0      1      0      0
      0      0      1      0     -1

      0      0      0     -1      1
      2      1      2      0      1
      0      0      0      0      2
      0      0      0     -2      1
      0      0      0     -2      1

      6      2      4      2      4
      6      2      1      3      4
      3      2      0      0      2
      0      4      3      4      1
      0      4      3      4      1

      6      5      6      5      4
      5      4      3      4      4
      5      4      2      2      5
      3      5      4      4      6
      3      5      4      4      4

      5      5      3      2      4
      8      3      5      5      4
      4      2      1      1      5
      1      4      3      3      4
      1      4      3      3      2

      9      3      6      5      4
      7      5      5      3      4
      5      4      4      4      6
      1      6      4      6      7
      1      6      4      6      5

     25     14      9     10     13
     17      8     10     11     13
     12      8      9      9      9
      9     14     16     16     15
      9     14     16     16     11

     39     26     15     15     20
     27     17     11     16     20
     18     14     12     12     15
     13     21     25     30     29
     13     21     25     30     13

     60     35     18     20     26
     38     18     14     20     26
     24     17     16     16     20
     18     24     32     37     39
     18     24     32     37     13

     74     46     25     23     30
     49     21     17     21     30
     29     22     17     17     20
     18     27     38     47     52
     18     27     38     47     16

     84     47     23     22     35
     48     21     14     22     35
     30     23     20     20     23
     20     28     41     52     54
     20     28     41     52     14

    103     83     33     26     24
     81     36     11     15     24
     35     40     15     15     22
     14     23     38     47     92
     14     23     38     47     15

     98     58     26     25     38
     61     24     16     25     38
     36     26     21     21     25
     23     32     46     59     69
     23     32     46     59     17

     95     55     25     24     36
     59     23     18     25     36
     33     26     20     20     26
     22     28     45     58     65
     22     28     45     58     15

     88     51     21     22     33
     56     18     16     23     33
     31     24     19     19     24
     19     29     41     52     61
     19     29     41     52     12

     87     52     24     22     33
     56     21     17     22     33
     31     22     17     17     24
     19     31     43     54     62
     19     31     43     54     15

     93     53     25     24     35
     58     23     15     23     35
     32     24     18     18     24
     21     30     43     57     65
     21     30     43     57     13

     91     53     24     21     33
     57     22     16     24     33
     32     24     19     19     23
     19     28     41     54     64
     19     28     41     54     11

     89     51     23     21     32
     55     20     15     19     32
     30     22     17     17     22
     18     27     40     53     62
     18     27     40     53     14

     90     51     23     22     35
     55     21     17     24     35
     33     23     18     18     23
     20     30     44     56     62
     20     30     44     56     15

     89     49     23     21     32
     55     21     17     21     32
     31     21     19     19     24
     20     29     43     54     62
     20     29     43     54     13

     87     48     20     21     30
     54     20     14     18     30
     29     24     18     18     22
     19     26     39     50     60
     19     26     39     50     12

     83     44     21     18     29
     48     17     13     19     29
     28     21     15     15     21
     18     27     39     48     55
     18     27     39     48     15

     76     42     20     18     29
     46     19     14     19     29
     29     21     17     17     21
     16     26     39     49     54
     16     26     39     49     12

     69     39     19     17     26
     42     16     14     17     26
     25     18     15     15     20
     18     25     35     45     49
     18     25     35     45     12

     61     35     19     18     27
     38     17     14     19     27
     23     18     13     13     19
     18     24     34     43     46
     18     24     34     43     12

     46     28     16     17     22
     28     14     11     14     22
     20     17     13     13     14
     14     23     31     35     34
     14     23     31     35     12

     36     24     14     15     18
     25     11     11     15     18
     18     13     12     12     15
     15     21     27     32     29
     15     21     27     32      9

     30     18     12     13     18
     21     10      9     14     18
     16     12     11     11     10
     15     20     22     26     26
     15     20     22     26      8

     28     15     12     12     16
     19     10      8     12     16
     12     11      8      8     11
     10     17     20     24     22
     10     17     20     24      8

     22     16     10     11     15
     17      9      9     11     15
     12      9      8      8     11
     10     17     19     20     19
     10     17     19     20      9

     27     19     11     11     14
     20      7      9     11     14
     14     13     10     10     12
     12     15     21     26     26
     12     15     21     26      9

     22     16      9     10     11
     15     10      8      9     11
     11      9      8      8      9
      8     15     18     19     18
      8     15     18     19      9

     19     11      7      9     11
     13      6      7      9     11
      9      8      7      7      8
      9     11     13     15     16
      9     11     13     15      7

     14     10      6      8      8
      9      5      5      7      8
      7      4      4      4      7
      6      8     12     12     10
      6      8     12     12      5

     11      6      4      4      6
      9      3      4      5      6
      5      5      5      5      2
      3      6      8      7      7
      3      6      8      7      4

      6      1      3      3      3
      7      3      2      1      3
      2      2      0      0      3
      0      4      4      5      4
      0      4      4      5      2

      3      0      0      1      1
      0      0      1      0      1
      0      0      1      1      3
      0      1      1      0      1
      0      1      1      0      1

      1     -2      0      0      0
      1     -2      0      0      0
      0      0      0      0      0
     -1     -1      0      0      0
     -1     -1      0      0      0

     -1      0      1      0      0
      0     -1     -1      0      0
     -2     -2      0      0      0
     -2      0      0      1      0
     -2      0      0      1      0

      2      0      3      0      0
      3      0      0      0      0
      1      0      0      0      1
      0      0      0      0      1
      0      0      0      0      0

      0     -2     -1      0      0
      0      0     -1      0      0
      1      0      0      0      1
     -3     -2      0      0      0
     -3     -2      0      0      0

      1      0      0      1      0
      2     -2      0      0      0
      1     -1      1      1      0
     -2     -2      0     -1      0
     -2     -2      0     -1      1

      1      0      0      0     -2
      0     -1      0      1     -2
      1      0      0      0      1
     -1     -1      0      0      0
     -1     -1      0      0      0

      1     -2      0      0      0
      2      0     -2      0      0
     -2     -1     -2     -2      1
     -1     -2      0     -2      0
     -1     -2      0     -2      0

      1      0      0      0      0
      1      0      0      0      0
      0      0      0      0      0
     -2     -2      1     -2      0
     -2     -2      1     -2      0

      0      1      1      0      0
      1      0      0      0      0
     -1      0      0      0      0
     -1      1      0      0     -1
     -1      1      0      0     -1

      0      0      0      0      0
      0      0     -1      0      0
      0      1      0      0     -1
      0      2      0      0      0
      0      2      0      0      1

     -1      0      0      0     -1
      0      0      0      0     -1
      1      0      0      0      0
      0      0      0      0      0
      0      0      0      0      0

      0      0      1      0     -1
      0      0     -1     -2     -1
      0      1      0      0     -1
      0      0     -1      0     -2
      0      0     -1      0      0

     -1      1      0      0      0
      0      0      0      0      0
      0      1      1      1     -1
      0      0     -1      0      0
      0      0     -1      0      0

     -2      0      0     -2     -1
     -1      1      0     -2     -1
      0      0      0      0      0
      1      0      0      0     -2
      1      0      0      0      0

      0      0      0      0     -1
      0      1     -1      0     -1
      1      0      0      0      0
      0      0      1      0      1
      0      0      1      0      0

      0      0      0      0      0
      0      1     -1      0      0
      0      1      0      0     -1
      0      0      0      0      0
      0      0      0      0     -1

     -1      1      0      0     -1
      1      2      0      0     -1
      1      0      0      0      0
      0      0      0     -1      0
      0      0      0     -1      0

      0      0      0      0      0
      0      0      0      0      0
      0      1      1      1     -1
      0      0      0     -1     -2
      0      0      0     -1      0

      0      2      2      2      1
      0      4      0      1      1
      2      2      0      0      0
      1      0      3      0      0
      1      0      3      0      3

      5      4      4      3      4
      4      4      4      5      4
      3      4      3      3      2
      5      4      5      3      3
      5      4      5      3      2

      6      5      4      4      5
      5      5      5      5      5
      7      5      5      5      3
      5      6      7      3      4
      5      6      7      3      4

      6      3      3      3      2
      3      3      2      2      2
      4      3      2      2      3
      3      4      5      3      3
      3      4      5      3      1

      1      3      2      2      1
      0      1      0      1      1
      2      2      1      1      0
      1      1      2      1      0
      1      1      2      1      1

      4      2      2      2      1
      3      3      2      1      1
      3      3      1      1      2
      3      3      3      1      1
      3      3      3      1      1

      8      7      5      5      5
      6      5      4      4      5
      5      6      5      5      4
      8      8      8      5      5
      8      8      8      5      4

     14      9      8      7      8
     11     10      8      8      8
      9     10      7      7      7
     11     10     13     12      9
     11     10     13     12      6

     11      9      5      7      7
     10      8      5      6      7
      9      8      5      5      5
      8     10     10      8      7
      8     10     10      8      5

      9      7      4      5      7
      6      6      5      6      7
      6      5      5      5      4
      8      7      9      6      5
      8      7      9      6      5

     11      7      5      4      7
      7      6      5      6      7
      6      6      6      6      6
      8      8     10      8      6
      8      8     10      8      5

     14     11      6      6      9
     11      8      8      9      9
      9      9      7      7      7
     10     10     12     12     10
     10     10     12     12      7

     19     11      7      6     11
     14      9     10      9     11
      9     10     10     10      8
     13     15     17     15     11
     13     15     17     15      8

     19     14      8      9     12
     16     10      8      9     12
     10     11      9      9      9
     14     16     17     16     12
     14     16     17     16      5

     20     14      8      8     12
     15      9      9      9     12
     12     11      7      7      8
     13     16     16     15     12
     13     16     16     15      6

     21     12      8      8     12
     16      9     10     10     12
     11     11      8      8      8
     13     15     17     16     13
     13     15     17     16      6

     22     15      9      7     12
     15     10      9     10     12
     12     10      9      9     10
     13     15     19     18     14
     13     15     19     18      5

     23     16      8      8     11
     16     11      8     10     11
     12     11      8      8     10
     13     17     18     17     12
     13     17     18     17      6

     22     15      9      8     12
     15     10      9      9     12
     12     10      9      9      8
     14     14     19     17     13
     14     14     19     17      6

     19     13      7      6     10
     14      9     10      9     10
     10      9      9      9      9
     13     15     15     16     11
     13     15     15     16      6

     18     14      7      6     11
     13     11     10      9     11
     10      9      8      8      8
     11     14     16     15     12
     11     14     16     15      4

     21     14      8      7     10
     15     10      8     10     10
     10     10      7      7      9
     12     14     16     16     12
     12     14     16     16      4

     20     14      8      7     10
     13      9      7      9     10
      9      8      7      7      9
     10     13     16     14     13
     10     13     16     14      4

     19     14      7      8     12
     13      8      6      9     12
     10      8      7      7      7
     11     13     16     16     13
     11     13     16     16      4

     21     14      7      7     10
     13      9      9      9     10
      9      9      7      7      8
     11     13     17     17     14
     11     13     17     17      6

     22     13      9      9     13
     14      9      6      7     13
     11      9      6      6      8
     12     16     18     17     15
     12     16     18     17      6

     23     16      9      8     11
     15      8      8      8     11
     11      9      7      7      7
     12     14     17     18     15
     12     14     17     18      5

     22     15     10      7     12
     14      9      7     10     12
     10      9      6      6      8
     12     13     19     17     15
     12     13     19     17      3

     19     12      5      7      9
     14      7      5      5      9
      9      8      8      8      8
     11     12     16     15     12
     11     12     16     15      7

     16     12      7      6      8
     11      9      6      6      8
      7      9      5      5      9
      9     10     14     14     12
      9     10     14     14      4

     12     10      7      6      7
      8      7      5      5      7
      7      8      4      4      4
      8      8     13      9      8
      8      8     13      9      4

      9      7      5      6      7
      8      5      4      2      7
      6      7      3      3      4
      9      9     10      9      8
      9      9     10      9      3

      9      8      5      5      5
      8      6      4      4      5
      6      5      3      3      3
      7      6     11      9      7
      7      6     11      9      3

      8      7      5      3      3
      6      3      2      3      3
      4      4      4      4      2
      8      6      8      6      7
      8      6      8      6      2

      4      4      6      4      5
      6      3      2      5      5
      4      7      3      3      3
      6      4      7      6      5
      6      4      7      6      3

      4      6      3      4      6
      5      1      1      1      6
      3      3      2      2      2
      5      7      7      6      7
      5      7      7      6      2

      7      6      4      3      4
      6      4      3      3      4
      5      6      2      2      3
      7      5     10      7      6
      7      5     10      7      4

      6      5      2      2      5
      4      3      2      2      5
      4      4      1      1      2
      5      3      7      6      5
      5      3      7      6      3

      4      4      3      3      2
      5      2      2      3      2
      1      5      3      3      2
      3      4      6      4      3
      3      4      6      4      2

      6      4      2      2      2
      4      4      1      2      2
      0      1      1      1      3
      4      2      5      4      3
      4      2      5      4      2

      4      2      3      2      1
      2      3      1      3      1
      3      2      1      1      2
      3      4      3      3      5
      3      4      3      3      1

      3      3      2      2      0
      3      1      0      0      0
      0      2      0      0      2
      3      2      5      5      1
      3      2      5      5      1

      2      2      1      3      1
      3      2      1      0      1
      1      3      2      2      0
      3     -1      2      5      5
      3     -1      2      5      3

      1      3      4      1      1
      2      2      1      0      1
      1      1      0      0      0
      2      2      4      4      1
      2      2      4      4      0

      4      3      4      0     -1
      1      0      1      0     -1
      0      2      2      2      0
     -1      3      6      2      1
     -1      3      6      2      1

      1      1      0      0      0
      1      0      0      2      0
      1      1      2      2     -2
      2      1      2      0      0
      2      1      2      0      0

      0      1      0      1      1
      2      3      1      0      1
      0      3      1      1     -1
      2      0      4      4      1
      2      0      4      4     -1

      2      1      3      2      0
     -1      2      0      1      0
     -1      1      2      2     -1
      2     -1      3      1      2
      2     -1      3      1     -2

      1      0     -2      0     -1
      2      2      0      2     -1
      0      3      0      0     -3
      1      1      0      0      2
      1      1      0      0     -2

      1      0      0      2      0
      0      2      0      0      0
      4      1      1      1     -1
      0     -1      2      0      0
      0     -1      2      0      0

      1      0      0      2     -2
      0      2      0      2     -2
      0      2     -3     -3      0
      0      0      2      1     -1
      0      0      2      1     -2

      1     -2      1      0      0
      0      0      0     -2      0
      3      2     -2     -2      0
      0     -3      0      0     -2
      0     -3      0      0      0

      0     -2      0      0      0
     -3      0     -1     -1      0
      1      1      0      0      0
      0      0     -1     -1      0
      0      0     -1     -1     -2

      0      1      1      0     -1
      1      0      0     -1     -1
      0      3      2      2      0
      0     -4      2      1     -1
      0     -4      2      1     -2

