;
; ENVI ASCII Output of file: E:\Imaging\ROI_AVIRIS\5_3_2.img [Fri Nov 17 12:02:48 2017]
; File Dimensions: 5 samples x 5 lines x 224 bands
; Line Format    : (5i7)
;
    499    491    491    482    486
    486    503    486    497    497
    495    487    488    484    484
    486    507    486    507    488
    499    491    498    501    500

    601    589    589    593    598
    579    595    593    584    584
    591    581    579    578    578
    571    585    577    584    578
    595    585    601    596    610

    649    641    641    634    651
    656    656    624    620    620
    625    626    635    633    633
    625    644    648    644    635
    641    639    640    639    655

    820    832    832    811    814
    818    822    781    804    804
    815    799    800    796    796
    792    808    796    795    808
    809    813    809    815    839

   1219   1214   1214   1198   1209
   1212   1202   1156   1179   1179
   1191   1179   1149   1165   1165
   1188   1181   1168   1190   1184
   1202   1181   1176   1192   1206

   1286   1279   1279   1271   1272
   1272   1272   1217   1230   1230
   1262   1233   1215   1231   1231
   1242   1241   1237   1232   1249
   1262   1241   1245   1254   1264

   1201   1200   1200   1208   1209
   1204   1207   1161   1188   1188
   1185   1169   1164   1166   1166
   1187   1189   1156   1178   1176
   1190   1191   1180   1186   1198

   1129   1126   1126   1115   1118
   1118   1119   1086   1093   1093
   1110   1098   1087   1093   1093
   1102   1109   1081   1086   1101
   1112   1102   1103   1093   1118

   1227   1223   1223   1216   1221
   1222   1220   1195   1205   1205
   1210   1202   1184   1200   1200
   1198   1206   1195   1184   1197
   1217   1206   1204   1207   1208

   1253   1241   1241   1254   1257
   1252   1236   1242   1249   1249
   1238   1245   1240   1247   1247
   1235   1239   1229   1221   1236
   1251   1235   1251   1229   1229

   1209   1219   1219   1221   1220
   1216   1218   1215   1231   1231
   1214   1213   1211   1223   1223
   1210   1215   1213   1194   1190
   1222   1215   1219   1208   1195

   1140   1145   1145   1137   1160
   1142   1147   1164   1167   1167
   1146   1143   1157   1159   1159
   1137   1154   1144   1126   1130
   1150   1144   1155   1128   1131

   1074   1085   1085   1083   1103
   1075   1084   1112   1122   1122
   1091   1089   1104   1115   1115
   1076   1090   1092   1086   1072
   1090   1087   1103   1074   1060

    970    982    982    983   1002
    976    983   1026   1017   1017
    982    994   1016   1022   1022
    978    994   1000    985    973
    984    988    998    976    961

    885    891    891    892    922
    886    901    961    953    953
    898    918    952    955    955
    891    911    931    914    894
    903    911    930    896    874

    788    792    792    800    825
    791    804    877    866    866
    807    826    868    872    872
    802    827    845    817    795
    808    816    855    804    767

    698    702    702    706    736
    703    722    786    779    779
    719    746    791    790    790
    722    750    761    736    711
    721    736    759    714    688

    666    669    669    674    706
    671    689    765    752    752
    691    721    767    766    766
    690    724    737    703    681
    693    708    732    684    654

    633    636    636    642    676
    638    655    743    724    724
    663    695    743    742    742
    658    696    712    670    650
    663    678    704    652    620

    587    600    600    602    635
    602    612    718    684    684
    623    661    706    703    703
    625    655    679    638    613
    626    640    669    615    584

    545    554    554    556    589
    555    572    678    648    648
    580    617    673    660    660
    577    606    632    592    563
    576    597    629    577    534

    497    511    511    517    546
    513    531    632    599    599
    530    577    629    616    616
    537    568    599    549    518
    536    556    584    532    496

    467    480    480    479    511
    476    502    608    577    577
    507    552    604    589    589
    508    544    566    522    487
    503    526    554    497    457

    420    428    428    430    460
    428    447    553    514    514
    456    500    555    529    529
    458    487    508    466    432
    455    471    497    442    404

    391    400    400    403    430
    403    422    531    493    493
    433    478    528    505    505
    437    466    485    440    411
    433    450    473    416    380

    373    390    390    390    420
    389    412    523    479    479
    422    464    522    502    502
    421    454    483    429    392
    417    440    468    404    368

    352    365    365    363    393
    366    386    498    456    456
    396    437    497    473    473
    398    427    451    399    370
    395    412    440    381    344

    330    338    338    336    365
    341    355    457    421    421
    370    414    460    438    438
    371    402    421    374    339
    367    386    401    351    313

    313    325    325    324    351
    326    348    450    409    409
    359    407    452    422    422
    359    390    406    360    326
    357    376    395    332    306

    292    299    299    303    324
    305    323    420    379    379
    335    375    418    396    396
    342    364    377    329    303
    330    345    361    307    283

    274    284    284    286    309
    287    309    401    358    358
    317    360    403    376    376
    323    342    361    313    285
    315    326    347    293    261

    272    280    280    281    301
    288    302    400    359    359
    313    355    402    367    367
    322    339    357    310    280
    308    323    338    285    262

    264    284    284    284    299
    286    296    391    351    351
    311    360    400    362    362
    322    337    355    302    280
    309    323    330    280    261

    272    281    281    280    301
    287    301    399    359    359
    312    354    401    367    367
    322    339    358    310    281
    308    323    338    287    262

    251    263    263    264    281
    267    274    376    345    345
    297    328    386    351    351
    304    314    339    294    271
    289    302    318    273    245

    224    233    233    233    250
    239    241    340    306    306
    260    296    349    316    316
    266    283    308    264    239
    259    271    288    245    219

    194    205    205    203    224
    209    215    308    279    279
    234    260    315    284    284
    235    249    277    235    213
    230    237    258    221    193

    187    200    200    200    220
    206    208    309    277    277
    221    254    316    285    285
    229    244    284    235    212
    219    230    254    222    189

    171    186    186    184    201
    183    193    286    256    256
    204    233    295    261    261
    206    220    260    219    195
    203    212    241    203    175

    135    144    144    142    153
    143    149    222    196    196
    152    180    229    199    199
    157    176    202    167    148
    155    164    182    158    133

    143    153    153    150    166
    152    158    241    213    213
    167    198    250    217    217
    170    188    224    181    161
    165    176    200    169    144

    154    167    167    164    185
    168    172    272    243    243
    185    212    283    247    247
    191    205    252    204    181
    183    193    225    194    160

    156    170    170    164    184
    168    175    273    241    241
    185    218    285    247    247
    190    208    255    205    181
    185    194    226    194    156

     93    102    102     98    112
    101    106    168    150    150
    109    133    178    150    150
    114    124    158    122    109
    111    120    140    116     96

    124    135    135    129    147
    130    138    223    199    199
    144    170    236    201    201
    150    165    211    169    146
    146    151    183    158    125

    129    140    140    135    155
    139    143    238    211    211
    152    177    248    214    214
    155    174    226    178    158
    154    158    196    172    131

    118    127    127    123    141
    126    131    219    191    191
    140    166    228    197    197
    146    159    207    161    144
    141    148    177    155    122

    110    122    122    115    130
    118    122    203    180    180
    127    152    214    182    182
    136    150    196    150    133
    130    137    170    144    113

    101    111    111    104    119
    109    113    186    162    162
    116    142    194    163    163
    122    136    176    136    123
    118    126    151    130    103

     80     87     87     81     93
     84     90    146    124    124
     95    115    150    128    128
     99    109    139    106     94
     95    101    118    100     81

     80     90     90     82     95
     85     90    150    129    129
     94    113    158    133    133
     99    110    147    108     99
     95    103    124    104     82

     87     94     94     89    104
     88     95    162    142    142
     99    120    173    146    146
    105    117    157    119    104
    102    109    135    115     88

     91     99     99     95    109
     97    102    172    147    147
    104    130    181    154    154
    110    126    170    125    112
    108    113    141    121     93

     86     96     96     87    104
     89     96    167    141    141
     99    124    176    147    147
    105    118    162    119    109
    103    108    136    115     88

     83     91     91     85    100
     89     94    164    139    139
     96    120    173    143    143
    102    116    160    119    106
    100    106    133    114     87

     77     87     87     79     94
     82     88    155    132    132
     88    113    165    137    137
     98    107    153    112    100
     95     99    123    107     80

     75     83     83     76     89
     77     83    149    124    124
     86    109    157    127    127
     91    106    146    105     94
     89     95    120    103     77

     56     63     63     60     69
     61     66    112     91     91
     68     84    117     93     93
     72     84    109     77     69
     68     74     90     74     60

     48     54     54     49     56
     51     54     92     73     73
     55     75     92     75     75
     60     72     88     63     57
     58     66     76     58     50

     43     51     51     42     50
     48     50     81     62     62
     51     72     84     65     65
     57     69     80     57     51
     53     60     66     52     43

     37     43     43     39     44
     42     46     71     54     54
     47     61     74     58     58
     50     61     67     47     44
     47     54     57     45     40

     26     28     28     30     30
     29     33     34     24     24
     38     43     31     27     27
     40     45     30     25     23
     37     35     26     25     27

     14     17     17     17     16
     19     18     21     16     16
     18     22     21     15     15
     21     25     18     15     16
     19     20     17     15     17

     20     21     21     19     21
     22     23     31     21     21
     28     33     32     23     23
     29     32     28     21     20
     29     29     23     17     20

     34     37     37     33     37
     37     40     62     43     43
     45     61     63     47     47
     50     59     56     38     36
     47     51     45     34     33

     39     45     45     38     43
     44     48     74     53     53
     49     71     77     59     59
     56     67     70     47     44
     53     60     57     44     39

     47     53     53     45     53
     50     55     94     68     68
     60     83     97     74     74
     64     79     90     59     55
     61     70     73     54     45

     48     58     58     48     57
     52     57    103     75     75
     60     84    105     80     80
     65     83    100     66     58
     63     73     80     59     50

     52     56     56     47     54
     50     55    100     71     71
     58     85    103     79     79
     64     81     97     62     57
     62     74     77     57     48

     48     53     53     47     54
     49     55     98     72     72
     58     83    103     79     79
     63     82     96     62     58
     61     71     78     58     47

     45     54     54     45     53
     48     55     97     70     70
     56     83    100     75     75
     62     81     94     61     57
     60     70     76     57     47

     42     50     50     41     49
     45     50     91     66     66
     54     77     95     72     72
     60     76     91     58     52
     55     65     71     54     44

     42     49     49     42     49
     46     51     91     64     64
     52     76     95     71     71
     58     74     89     58     52
     55     64     71     52     43

     39     47     47     38     46
     41     47     85     61     61
     48     71     89     67     67
     54     70     85     54     50
     50     60     67     50     40

     38     45     45     37     44
     41     45     83     59     59
     47     70     88     64     64
     53     68     84     52     49
     51     58     64     49     39

     34     42     42     34     40
     38     43     76     53     53
     45     65     78     59     59
     51     62     75     46     44
     47     55     57     44     36

     32     39     39     31     37
     35     39     68     48     48
     41     61     71     53     53
     46     58     68     42     40
     44     51     52     39     32

     29     36     36     28     33
     32     36     61     43     43
     37     57     65     47     47
     41     54     61     38     36
     41     48     46     34     28

     23     26     26     21     25
     25     27     44     30     30
     29     43     46     34     34
     33     41     43     27     25
     33     35     32     25     22

     13     15     15     12     13
     15     15     24     15     15
     19     26     25     17     17
     21     24     20     15     14
     19     20     17     14     13

      4      3      3      4      3
      4      4      5      4      4
      6      7      5      4      4
      5      6      4      4      6
      6      5      5      4      5

      4      4      4      3      3
      2      4      4      4      4
      5      4      4      3      3
      4      5      4      2      4
      5      5      4      4      4

      5      6      6      4      4
      5      6      6      3      3
      6      8      6      5      5
      6      8      6      5      5
      6      7      6      7      7

      5      6      6      4      5
      6      5      6      4      4
      7      8      6      4      4
      7      8      6      5      6
      6      6      6      6      5

      9      9      9      8      8
      8     10     12      8      8
     12     14     12      9      9
     13     14     11      7      9
     12     11      8      9      7

     15     18     18     14     15
     16     17     27     17     17
     19     27     27     20     20
     24     25     25     16     16
     22     22     19     17     14

     17     20     20     17     18
     19     20     32     22     22
     25     32     32     25     25
     26     32     32     20     20
     25     28     24     20     17

     16     19     19     14     17
     17     18     29     20     20
     21     30     32     23     23
     25     29     30     20     16
     25     24     22     18     16

     17     21     21     15     18
     18     21     33     22     22
     23     32     33     24     24
     28     32     33     21     21
     25     27     23     20     17

     15     18     18     13     16
     15     18     30     20     20
     21     30     30     21     21
     24     30     29     18     17
     22     23     20     16     14

     17     20     20     15     17
     17     19     32     21     21
     22     31     33     24     24
     26     32     34     21     19
     24     26     23     21     18

     16     22     22     16     18
     19     20     36     24     24
     24     34     38     27     27
     27     33     36     22     21
     26     28     25     21     18

     19     24     24     18     21
     20     23     39     26     26
     26     37     42     29     29
     31     37     38     22     23
     29     31     27     23     20

     17     22     22     16     20
     19     21     37     25     25
     25     37     41     28     28
     29     38     39     24     23
     28     30     26     23     19

     17     21     21     16     19
     19     20     36     22     22
     24     34     36     26     26
     29     34     34     22     20
     26     28     24     21     18

     16     19     19     14     15
     18     18     30     19     19
     22     31     29     21     21
     27     31     29     18     17
     24     23     20     17     16

     16     21     21     16     19
     19     20     36     22     22
     24     34     36     26     26
     29     34     34     22     20
     26     28     24     21     18

     12     18     18     17     22
     16     17     33     23     23
     24     30     29     23     23
     24     29     26     19     15
     20     24     27     23     13

     17     20     20     19     19
     16     21     31     24     24
     22     27     33     26     26
     27     26     27     18     18
     25     27     26     19     16

     17     20     20     18     19
     16     20     31     25     25
     23     31     32     24     24
     26     27     29     20     18
     24     26     26     20     15

     16     20     20     15     20
     18     19     33     27     27
     21     28     35     29     29
     23     27     30     22     18
     21     25     25     18     12

     11     16     16     12     15
     16     19     26     19     19
     21     23     27     20     20
     22     19     24     19     14
     19     22     22     13     14

     10     12     12     11     15
     11     13     22     16     16
     16     18     18     16     16
     14     13     19     14     10
     13     16     17     16     10

     -9      3      3     21      3
    -10      5      2     -9     -9
     23     18    -10    -19    -19
     -3    -11      0     14     18
    -14     -6      0      4     16

      5      8      8      7      7
      5      5     10      5      5
      7      8      9      7      7
      7      6      7      5      4
      5      8      6      6      6

      2      3      3      5      5
      3      3      5      3      3
      5      4      5      3      3
      4      5      6      2      2
      5      5      3      1      1

      1      4      4      0      0
     -1     -1      0      1      1
     -1      0      1      1      1
      0      0      2      0      0
      0      1     -1      2      0

     -1      1      1     -1      0
      0     -1      0     -1     -1
      0     -1     -1     -1     -1
      0      0      0      0      1
      0      1      0      1      0

      0      0      0      0      0
     -2     -2      0     -2     -2
     -3      0     -2     -1     -1
     -1     -3      2      0      0
     -2      2      0     -1     -1

      0      0      0     -1      0
      0      0      0     -1     -1
     -1     -1      0      0      0
      0      2      2     -1      0
      0      0      0      1      1

     -2      0      0     -4      0
     -3      1      0     -6     -6
     -4     -1      0      0      0
      5     -3      1      1     -1
     -3      0     -4     -3     -3

      0      0      0      0      0
     -2      0      0      0      0
     -1     -2      0      0      0
      0      0      1      4      0
     -1      2      1      0      0

      0      1      1      0      0
      0      1      1     -1     -1
      0      0      0      2      2
      0     -1      1      1      1
      0      0     -1      0      0

      0      0      0      0      2
      0      1      2      0      0
      0      0      1      1      1
      0      1      3      0      1
      0      2      1      0      1

      0      0      0      3      1
      3      1      2      0      0
      1      0      0      1      1
      2      0      2      2      0
      0      3      2      1      0

      0      1      1      0      1
      1     -1      3      0      0
      0      0      3      3      3
      1      1      1      1      0
      2      2      1      1      0

      3      5      5      1      2
      1      2      5      2      2
      3      5      2      1      1
      4      2      5      2      3
      4      5      2      3      1

      3      5      5      3      6
      4      6      4      2      2
      5      4      5      2      2
      4      4      5      2      5
      4      5      4      5      2

      2      3      3      3      2
      1      4      3      1      1
      2      3      2      0      0
      4      3      4      2      3
      3      2      2      1      1

      3      4      4      3      1
      2      1      6      2      2
      6      4      5      6      6
      6      4      6      4      6
      5      3      5      3      4

      7      7      7      9      9
      7      8     12      9      9
     12      8      9      8      8
      8     10     12     10      6
      9     10      8     10      6

     11     13     13     12     13
     10     11     17     14     14
     14     15     17     14     14
     13     15     17     12     10
     17     14     14     10      9

     11     14     14     15     17
     14     17     21     19     19
     17     20     23     20     20
     16     21     21     15     13
     16     18     19     17     12

     14     16     16     16     18
     15     18     26     21     21
     16     21     27     23     23
     20     24     25     18     14
     19     21     21     17     14

     14     17     17     15     18
     17     18     28     22     22
     20     24     26     26     26
     20     24     26     19     14
     19     23     24     18     15

     16     21     21     18     21
     20     20     32     29     29
     18     19     36     29     29
     19     20     30     25     19
     16     22     31     31     18

     15     21     21     18     19
     17     20     31     23     23
     22     25     30     24     24
     23     26     28     21     18
     19     26     27     19     15

     12     18     18     17     17
     15     18     29     24     24
     20     26     29     24     24
     22     24     28     21     16
     21     23     23     19     14

     14     15     15     15     18
     13     17     26     19     19
     18     22     26     21     21
     21     21     23     18     13
     18     20     21     15     14

     14     16     16     16     19
     15     17     27     23     23
     19     23     29     22     22
     21     24     25     17     15
     19     19     22     16     14

     16     15     15     16     16
     16     19     30     21     21
     21     24     28     22     22
     22     24     26     20     13
     18     23     22     17     12

     12     14     14     15     18
     16     16     27     20     20
     16     23     25     20     20
     19     23     25     18     13
     17     20     22     17     11

     12     15     15     14     16
     12     16     26     19     19
     19     20     25     20     20
     20     23     23     16     14
     18     19     21     14     12

     12     15     15     15     16
     15     17     28     21     21
     19     23     27     19     19
     22     24     25     15     13
     17     21     21     15     12

     13     14     14     14     16
     14     17     25     19     19
     19     21     24     20     20
     20     21     23     18     12
     18     19     21     15     13

     12     13     13     13     13
     13     15     25     18     18
     17     22     24     20     20
     19     22     23     17     11
     15     19     20     13     10

     11     14     14     12     16
     12     15     24     19     19
     15     21     25     18     18
     19     21     23     15     13
     14     20     20     13     11

      9     13     13     13     15
     11     14     25     16     16
     13     22     22     18     18
     18     21     22     15     12
     15     18     20     13     11

     13     12     12     13     13
     12     13     24     18     18
     15     20     21     18     18
     18     21     21     14     13
     16     18     18     14     11

     10     11     11     13     14
     12     15     22     18     18
     14     18     23     21     21
     18     19     19     13     10
     16     18     18     13     11

      9     11     11     10     13
     12     13     21     15     15
     14     18     20     17     17
     15     18     18     14     11
     11     16     17     12      8

      8     10     10     10     13
     10     11     20     15     15
     16     18     19     15     15
     17     17     19     12     10
     13     16     15     11      9

      9     11     11      9     11
     12     12     19     11     11
     12     15     17     13     13
     13     17     19      9     10
     11     14     14     10      9

      9     10     10      9     11
      9     10     17     10     10
     14     13     16     14     14
     14     16     16      9      9
     11     13     12      9      8

      7      9      9      9      9
      9     11     14     10     10
     11     14     15     12     12
     12     13     14      9      7
     12     13     12      9      8

      6      9      9      8      9
      8     10     17     11     11
     11     13     15     12     12
     12     11     14     11      9
      8     15     13      8      7

      5      8      8      5      8
      8      8     12      9      9
     10     11     11      8      8
     10     11     10      7      6
      9     11     10      7      7

      4      6      6      6      6
      7      6     12      8      8
      7      8     10      9      9
     10     10      9      6      7
      9      8      9      6      5

      5      5      5      6      4
      2      6      8      5      5
      7      7      7      6      6
      9      6      7      5      4
      6      7      7      4      4

      2      4      4      4      5
      3      3      5      4      4
      4      6      5      5      5
      5      6      6      1      3
      4      5      4      4      2

      0      2      2      2      2
      1      1      5      1      1
      3      2      2      2      2
      2      3      2      0      1
      4      1      1      3      2

      0      1      1      0      0
      0      2      2      1      1
      2      1      0      0      0
      2      1      2      0      1
      1      1      1      2      0

     -2      0      0      0      0
      0      0      0     -1     -1
      0      0      0      0      0
      0      0      2      0      1
     -1      0      0      0      0

      0      2      2      0     -1
      1      0      0     -2     -2
      1      0      0     -1     -1
      0      0      0      0      1
      0      1      0     -1      0

      0      2      2      2      1
      0      0      3     -2     -2
      0      0      2      1      1
      0      0      0      0      1
      0      0      0      0      1

     -2      0      0      0     -1
     -1      0      0     -2     -2
     -1     -1      0      0      0
      2      2      0      0     -2
      0     -1      0      0      0

      0      0      0      0      0
      0     -1      0     -1     -1
      0      0      0      0      0
      1      1      1      0      1
      0      0      1      1     -1

      0     -1     -1      0      0
      0     -1      1      0      0
      0     -2      0      0      0
      1      0      0      0      0
      0      2      0      0      1

     -1      0      0     -1      0
     -2      0      0     -2     -2
      0      0     -1     -1     -1
      1      0      0      0      2
      3      1     -3      0      0

     -1      2      2      0      0
     -1      0      1     -1     -1
      0     -2     -3      1      1
      1      0      0      0      0
     -1      1      0      0      1

      0      1      1      0      0
      0      0      0      0      0
      0     -2      0      0      0
      0      0      1      1      1
      0      0      0      0      0

     -2      0      0      0      0
      0      0      0      0      0
     -1      0      1      1      1
      0      0      1      0      0
      0      0     -2      0      0

      1      0      0      0      1
      0      1      0     -1     -1
      0      0      0      0      0
      2      0      0      0      0
      0      0      0      0      0

     -1      0      0      0      1
      0      0      0      1      1
      0      0      0      0      0
      0      0      2      0      0
      1      3      0      0      2

      0     -1     -1      0      1
      0      0      0      0      0
      0      0      0      0      0
      0      2      1     -1      0
      0      1      0     -1      0

      0      2      2      1      1
     -1      0     -1      1      1
      0     -1      1      1      1
      1      0      1      0      1
      0      0     -1      0      2

      0      0      0      0      0
      0     -1      0      0      0
      0      0      0      1      1
      0      1      1      0      1
      1      1     -1      0      2

      0      0      0      0      1
      0      0     -2      1      1
      0      0      0      1      1
      0      2      1      0      3
      0      0      0      0      1

     -1      0      0      0      0
      0      0     -1      0      0
      0      0      0      0      0
      0      0      0      0      0
      0      0     -1      0      0

     -1      1      1      0      1
     -1      0      0      1      1
      0      0      1      1      1
      1      2      1      0      1
      1      1      0      0      2

      0      2      2      1      1
      1      1      1      2      2
      2      2      1      2      2
      0      3      3      1      1
      1      1      1      0      1

      2      4      4      2      5
      2      3      3      3      3
      4      4      4      4      4
      1      2      3      1      3
      4      5      3      3      2

      2      5      5      5      5
      4      5      4      4      4
      5      4      4      4      4
      4      7      4      3      2
      7      3      4      3      4

      1      2      2      2      4
      3      3      2      3      3
      2      2      2      3      3
      4      3      3      2      2
      4      4      2      1      2

      0      0      0      1      2
      0      2      2      1      1
      0      1      1      2      2
      0      0      2      0      1
      2      3      1      0      1

      2      1      1      2      2
      2      1      1      1      1
      3      2      1      1      1
      1      4      3      0      1
      2      2      0      0      3

      4      4      4      5      5
      4      4      3      6      6
      6      4      5      7      7
      7      6      5      4      5
      4      5      4      4      4

      6      4      4      5      9
      6      7      7      7      7
      8      7      8      7      7
      7      7      7      5      5
      6      7      6      5      4

      4      7      7      5      8
      6      6      6      5      5
      5      6      6      6      6
      7      6      6      5      4
      5      7      6      4      5

      4      4      4      4      5
      3      3      5      4      4
      5      6      4      3      3
      4      5      5      4      4
      4      5      3      3      3

      4      4      4      4      4
      4      6      4      5      5
      6      4      5      4      4
      5      5      6      3      4
      4      5      4      3      5

      6      5      5      7      7
      7      7      7      7      7
      6      8      7      6      6
      8      8      7      4      5
      7      6      5      4      5

      6      7      7      5      7
      6      7      7      8      8
      7      9      8      7      7
      7      9      7      6      4
      8      7      7      6      5

      6      5      5      6      6
      7      8      9      8      8
      9     10      9      8      8
      9      8      7      4      6
      9      9      7      5      5

      6      7      7      8      7
      7      7     10      8      8
      9      9      8      8      8
      9      9      8      7      6
      8      7      7      5      6

      7      5      5      6      8
      9      7      8      7      7
      7      8      9      9      9
      9      8      8      4      6
      9      8      8      5      5

      6      6      6      7      7
      7      9      8      8      8
     10      8      9      8      8
      9      8      8      6      6
      8      9      7      6      5

      6      7      7      7      7
      6      9      9      8      8
      9     10      9      8      8
      8      9      9      7      7
     10      9      7      6      5

      7      8      8      6      7
      7      8      9      7      7
     10     11     10      8      8
      8     11      8      6      7
      8      8      6      6      6

      6      7      7      6      6
      7      8      8      8      8
     11      9      9      8      8
      7      8      8      6      5
      8      9      7      6      7

      4      6      6      6      7
      6      8      9      8      8
      9      9      8      8      8
      7      8      8      7      6
      8      7      6      4      4

      5      6      6      7      7
      6      8      7      9      9
      8     10     10      8      8
      9      9      8      8      6
      7      9      8      4      3

      4      5      5      6      6
      7      8      7      7      7
      8      7      8      8      8
      7      9      8      7      5
      6      9      5      6      4

      6      5      5      5      7
      6      6      7      7      7
      9      8      9      8      8
      8      8      7      7      6
      8      6      7      5      4

      4      6      6      7      7
      5      7     10      7      7
      6     10      9      8      8
      7      8      9      7      6
      8      8      8      6      3

      6      7      7      5      6
      6      7      9      9      9
      8      8     10      8      8
      7     11      9      7      6
      8      9      8      7      6

      4      7      7      7      8
      5      8      9      8      8
      7      8     10      9      9
      6     11     10      7      6
      9      8      8      5      6

      5      5      5      7      7
      7      8      8      8      8
      8      9     11      9      9
      7      9     10      6      5
      8      8      7      5      4

      3      6      6      6      7
      7      6      9      9      9
      7      9      6      7      7
      8     10      9      6      5
      6      8      7      5      4

      4      5      5      6      7
      6      7      9      9      9
      7      8      8      9      9
      7      7      9      7      5
      7      8      7      6      5

      3      5      5      6      6
      5      7      7      6      6
      6      8     10      7      7
      5      8      7      4      4
      6      7      5      5      3

      5      5      5      5      6
      5      7      8      6      6
      8      7      7      7      7
      8      9      7      7      6
      8      8      5      3      4

      5      3      3      3      5
      4      6      6      7      7
      6      7      6      5      5
      6      6      6      6      3
      6      6      6      4      4

      2      4      4      5      7
      2      5      6      5      5
      4      5      7      6      6
      5      3      6      4      6
      6      7      5      3      5

      3      3      3      5      6
      3      4      6      5      5
      6      6      5      6      6
      6      6      8      4      5
      5      6      5      4      3

      2      4      4      3      5
      3      6      4      5      5
      4      5      4      5      5
      5      6      9      6      4
      5      6      3      4      4

      3      3      3      5      4
      4      4      6      6      6
      6      5      5      6      6
      5      8      8      5      2
      4      5      3      2      2

      2      3      3      5      6
      3      5      5      5      5
      5      6      6      7      7
      1      3      4      5      4
      5      4      4      2      2

      3      6      6      1      5
      3      4      4      4      4
      7      3      2      6      6
      4      5      2      0      3
      5      3      1      3      5

      1      2      2      2      4
      4      2      3      5      5
      4      4      6      4      4
      3      5      4      3      4
      4      4      3      4      2

      0      2      2      4      3
      1      5      3      7      7
      2      3      4      6      6
      2      3      4      1      2
      0      3      3      2      1

      2      3      3      2      4
      2      3      2      2      2
      4      2      3      4      4
      1      2      4      1      2
      3      3      5      1      1

      1      2      2      1      2
      3      1      1      3      3
      3      3      1      3      3
      2      3      3      3      3
     -1      3      2      1      1

      1      0      0      1      5
      0      2      1      3      3
      3      2      4      2      2
      2      3      6      1      2
      1      5      2      3      1

      2      3      3      0      2
     -1      2      0      4      4
      0      4      3      4      4
      1      4      2      2      3
      0      0      1      0      2

      0      1      1      0      1
      0      1      0      0      0
      1      1      0      1      1
      0      2     -1      0      3
      0      0      0      0      0

      0      2      2      0      1
      0      3      1      0      0
      0      3      0      2      2
      1      1      3      3      1
      0      2      2      0      2

      1     -1     -1      4      2
     -1      0      1      0      0
      3      0      2      1      1
      3      3     -1      3      2
      2      2      1      0      2

     -1     -1     -1      2      1
      2      0     -2      2      2
      1      1      1      1      1
      1      1      2      0      1
      2     -1      1      1     -1

     -1      3      3      0      1
      0      1     -2      1      1
      1      2      2      0      0
      0      1      0      0      0
      1      1      0      0      4

     -1      3      3      0      3
     -2      0      0      1      1
      2     -1      0      1      1
      1      1      1      0      1
      1     -1      1     -1      3

     -1      0      0      1     -1
      2     -1     -1      0      0
     -1      1      0      0      0
      0      0     -1      0      1
      0     -1      0     -1      1

      0      0      0      2      2
     -2      0     -1      0      0
     -1      0     -1      0      0
      1      2     -2      0      0
      0     -6      1     -1     -1

     -1      0      0      2      2
      0      3     -4     -1     -1
      0      0      0      1      1
      1     -2     -1      0      2
      1      0      0     -1      0

