;
; ENVI ASCII Output of file: E:\Imaging\ROI_AVIRIS\5_3_4.img [Fri Nov 17 12:03:07 2017]
; File Dimensions: 5 samples x 5 lines x 224 bands
; Line Format    : (5i7)
;
    496    480    487    495    487
    466    479    493    479    488
    466    484    497    483    479
    476    465    467    503    483
    486    484    514    507    496

    575    576    585    583    574
    590    555    574    575    585
    572    583    581    583    553
    578    565    583    579    573
    568    574    573    578    595

    626    627    619    630    622
    635    621    622    624    632
    624    620    622    626    610
    615    630    618    627    632
    624    620    618    616    629

    804    766    803    802    808
    792    796    781    799    807
    802    790    772    792    779
    792    794    785    782    782
    807    789    802    778    802

   1174   1166   1175   1183   1197
   1174   1164   1155   1174   1177
   1179   1163   1156   1156   1161
   1168   1167   1166   1159   1156
   1179   1158   1155   1163   1171

   1230   1238   1237   1247   1260
   1245   1240   1231   1225   1238
   1241   1232   1224   1222   1211
   1246   1236   1220   1215   1214
   1254   1235   1234   1223   1226

   1170   1178   1159   1186   1189
   1174   1162   1160   1167   1179
   1173   1173   1157   1163   1159
   1169   1170   1161   1162   1160
   1174   1166   1164   1171   1175

   1085   1076   1078   1083   1099
   1087   1080   1073   1072   1090
   1088   1085   1080   1068   1065
   1090   1082   1083   1056   1081
   1092   1085   1083   1072   1078

   1181   1171   1172   1184   1191
   1189   1173   1161   1170   1170
   1189   1176   1168   1160   1168
   1186   1177   1181   1170   1166
   1183   1174   1170   1168   1171

   1201   1189   1187   1200   1211
   1194   1201   1192   1196   1211
   1208   1201   1191   1197   1201
   1213   1202   1192   1178   1198
   1200   1193   1197   1198   1201

   1164   1155   1157   1173   1175
   1164   1162   1162   1165   1175
   1180   1169   1172   1160   1158
   1180   1171   1164   1161   1170
   1165   1159   1158   1157   1164

   1094   1090   1085   1092   1096
   1090   1092   1093   1092   1100
   1105   1098   1099   1095   1095
   1108   1104   1097   1092   1095
   1096   1096   1090   1088   1095

   1026   1025   1017   1037   1034
   1030   1029   1036   1031   1042
   1038   1038   1045   1044   1046
   1043   1040   1038   1042   1038
   1037   1031   1027   1029   1031

    930    922    930    930    943
    933    931    936    946    935
    939    943    956    945    947
    952    947    943    943    950
    931    932    925    923    940

    849    844    843    846    848
    841    840    856    850    848
    851    858    862    865    867
    857    860    851    860    865
    849    846    835    847    853

    744    748    749    754    746
    747    753    756    761    753
    759    764    775    767    775
    762    763    763    769    779
    743    744    748    762    756

    665    650    658    659    660
    654    660    669    675    674
    666    677    689    677    683
    677    684    674    684    681
    659    658    661    670    679

    628    621    626    626    625
    623    628    638    641    642
    635    645    656    648    652
    647    652    641    653    652
    626    624    629    636    646

    591    591    592    592    589
    591    594    606    607    609
    604    612    623    618    619
    615    618    608    621    621
    591    588    596    600    612

    550    551    551    550    546
    553    555    563    576    559
    561    572    583    575    584
    566    581    567    584    586
    553    553    553    564    574

    505    501    508    510    505
    508    511    519    522    514
    517    526    533    532    541
    524    533    524    532    538
    505    508    509    520    528

    466    467    468    463    461
    465    465    476    484    467
    475    487    494    493    499
    483    492    482    495    494
    462    465    469    473    486

    430    432    432    431    429
    429    438    446    446    435
    441    452    467    456    466
    450    460    453    464    461
    435    432    438    447    458

    385    379    382    384    379
    385    393    397    403    389
    397    406    410    409    414
    398    409    401    409    415
    386    384    389    397    405

    357    358    358    357    354
    361    365    370    373    361
    367    373    384    383    388
    375    387    377    390    388
    354    358    364    370    376

    343    345    343    343    338
    346    353    358    360    349
    354    365    372    366    372
    364    372    361    373    373
    347    347    349    358    360

    321    321    322    318    318
    326    328    334    333    324
    329    339    349    340    352
    334    344    339    348    347
    321    323    329    334    337

    294    301    298    293    293
    297    303    310    310    298
    309    313    323    316    323
    315    319    313    321    321
    297    296    304    309    311

    289    284    283    281    280
    286    291    296    293    285
    296    302    313    302    307
    302    305    304    312    306
    286    283    294    297    299

    262    265    263    261    260
    267    271    274    272    264
    277    281    285    279    281
    278    286    281    287    286
    264    266    268    274    277

    249    248    251    253    248
    253    254    260    263    251
    262    266    273    267    270
    264    273    266    274    269
    248    253    255    259    262

    240    243    242    241    240
    245    250    254    254    245
    256    262    263    258    266
    260    264    261    271    267
    246    247    252    255    256

    239    241    239    240    237
    247    251    253    250    246
    253    259    265    256    265
    258    263    259    268    262
    246    245    251    255    250

    238    242    242    242    241
    246    249    255    254    245
    255    262    263    258    267
    258    265    261    271    267
    246    246    252    254    256

    217    226    225    226    227
    231    235    236    235    228
    236    242    249    244    249
    237    246    247    252    249
    226    233    232    234    234

    192    196    202    201    200
    203    206    213    208    204
    211    213    219    213    224
    210    216    218    223    224
    206    203    208    208    211

    167    173    178    180    177
    183    178    186    187    180
    185    189    192    189    198
    184    192    191    195    196
    177    180    179    184    186

    160    168    168    174    168
    174    173    180    181    177
    175    182    185    184    193
    175    186    185    187    188
    171    171    172    176    180

    148    153    156    158    155
    160    158    166    166    160
    163    166    171    168    173
    162    172    171    175    172
    157    157    157    161    165

    113    117    122    125    118
    122    122    128    129    122
    124    129    131    132    138
    124    135    133    132    135
    119    122    123    124    130

    120    122    127    131    128
    134    131    139    135    131
    133    139    138    142    148
    131    146    140    145    145
    127    128    132    130    138

    128    133    139    146    140
    148    139    152    148    145
    146    149    152    156    162
    141    155    154    156    156
    140    139    143    139    148

    129    134    140    147    141
    149    140    151    150    146
    147    150    154    156    164
    145    159    155    155    158
    141    140    146    142    150

     78     81     83     88     85
     91     84     91     91     89
     89     91     92     95     97
     86     95     94     96     99
     87     85     86     85     93

    101    105    109    115    107
    118    110    119    119    113
    113    116    118    123    130
    110    124    124    124    124
    109    110    111    111    118

    102    106    112    121    115
    124    117    126    126    122
    117    125    125    131    136
    116    135    127    132    131
    112    115    118    114    127

     95    100    104    114    105
    113    105    114    116    109
    108    114    116    120    126
    105    121    119    119    120
    104    104    108    105    114

     86     92     96    103    100
    105     96    106    108    104
    100    105    109    112    118
     97    115    113    111    112
    100     98    103     97    108

     78     81     89     96     90
     97     90     99     96     96
     91     97     99    102    108
     90    107    100    102    104
     90     92     94     87     99

     65     68     69     77     73
     79     72     79     78     74
     73     78     78     82     84
     70     84     80     82     81
     70     70     77     70     80

     63     67     71     78     73
     80     72     80     78     76
     75     78     77     84     88
     71     84     81     85     84
     72     71     76     71     79

     66     72     74     81     75
     83     74     85     83     80
     78     83     85     88     91
     75     91     88     86     88
     76     75     80     73     84

     69     74     82     87     83
     88     80     89     87     85
     82     90     87     93     99
     77     96     94     92     95
     82     80     85     78     92

     64     68     75     83     78
     85     73     84     84     81
     76     84     82     87     92
     72     89     88     88     88
     76     74     78     74     85

     63     68     72     81     77
     83     72     82     80     80
     75     85     81     87     91
     70     91     86     84     87
     73     73     77     71     83

     59     64     68     75     71
     78     69     79     76     72
     71     77     75     83     86
     66     85     81     79     81
     69     65     74     65     77

     56     60     65     70     67
     72     66     75     73     72
     68     74     72     78     82
     65     80     77     75     78
     65     64     71     62     77

     44     46     50     56     53
     58     50     59     56     55
     52     59     57     60     64
     48     65     62     62     59
     52     50     56     48     58

     36     41     43     49     44
     49     45     50     48     47
     44     51     47     50     55
     41     54     54     50     51
     43     43     47     41     49

     33     37     39     44     40
     46     41     46     45     44
     40     46     43     47     50
     38     50     48     47     47
     41     40     43     38     46

     29     33     35     38     37
     43     37     42     39     40
     36     41     40     40     46
     33     47     44     42     40
     36     37     38     34     41

     21     21     22     25     27
     31     25     26     25     24
     26     29     22     25     28
     23     27     29     28     24
     25     27     28     21     26

     12     14     16     19     17
     18     15     17     13     15
     16     17     14     18     19
     15     19     18     16     16
     15     18     17     15     18

     15     17     17     20     19
     23     17     20     18     19
     19     19     19     21     19
     17     23     22     20     20
     17     19     20     16     22

     24     26     29     34     31
     37     31     35     30     30
     31     37     32     34     37
     28     39     40     34     35
     31     31     33     28     35

     28     29     33     39     36
     43     34     40     38     36
     34     39     38     38     42
     33     47     45     39     40
     35     36     37     31     40

     31     35     39     45     41
     48     38     49     45     42
     42     47     45     48     50
     37     53     51     48     48
     40     40     43     36     47

     33     37     40     49     43
     51     41     51     48     47
     43     50     46     51     55
     39     57     54     50     51
     43     43     47     38     50

     31     36     41     48     42
     49     40     49     46     44
     42     48     46     50     52
     39     56     52     50     52
     41     42     46     38     49

     31     36     40     46     42
     51     40     48     45     45
     41     48     45     48     52
     37     55     53     51     51
     41     40     44     36     49

     31     34     38     47     40
     49     40     47     45     43
     41     46     45     48     51
     36     55     50     49     48
     40     39     44     36     46

     27     31     35     41     37
     45     36     43     41     39
     37     44     40     44     47
     33     50     47     44     46
     38     36     40     32     42

     27     30     35     41     37
     44     35     42     41     38
     37     43     40     44     46
     33     51     47     45     45
     37     35     39     31     42

     25     28     33     40     34
     41     33     40     39     37
     34     39     37     41     44
     31     48     45     42     41
     34     34     38     30     42

     24     27     31     38     35
     40     33     40     36     36
     33     40     37     40     42
     30     47     45     41     41
     33     32     35     29     40

     22     25     29     35     31
     37     30     38     33     33
     30     35     33     36     41
     28     41     40     36     36
     30     30     34     27     36

     20     23     27     32     29
     35     27     34     30     30
     28     33     31     33     37
     25     39     37     34     34
     28     27     31     24     33

     18     20     24     29     26
     34     25     29     28     27
     26     30     28     31     32
     23     37     33     31     31
     26     25     29     22     30

     14     17     19     23     20
     25     19     23     21     21
     20     23     21     24     26
     17     27     26     23     24
     19     20     23     16     24

      8     10     11     13     12
     14     11     13     11     11
     12     14     11     14     15
     10     17     16     15     15
     12     12     15     10     13

      3      4      5      5      5
      5      5      6      3      6
      5      5      4      5      6
      3      6      6      5      4
      4      6      6      5      6

      3      3      4      4      4
      4      4      4      4      4
      4      3      2      5      4
      3      5      5      5      5
      4      4      5      3      4

      4      5      5      7      4
      8      6      6      5      6
      5      6      4      5      5
      4      7      6      5      6
      3      5      6      4      7

      3      4      5      6      6
      7      5      6      5      5
      5      6      4      6      5
      4      7      6      7      5
      4      5      6      3      5

      5      6      8      9      7
      9      8      8      7      8
      8      9      7      7     10
      6     10     11      9      8
      7      7      8      6      9

      9     10     13     15     13
     18     12     15     14     13
     13     14     12     16     16
     11     18     17     15     15
     13     12     15     11     15

     10     11     15     19     17
     20     15     18     16     16
     16     18     15     18     19
     12     23     19     18     17
     15     15     17     11     18

      9     10     14     17     13
     19     13     18     15     17
     13     16     15     16     17
     12     20     19     17     16
     13     13     16     11     16

     10     12     14     17     16
     20     13     18     16     16
     15     17     15     18     19
     12     21     20     17     18
     14     15     18     11     17

      8     10     12     16     13
     18     11     14     13     14
     13     15     13     16     18
     11     19     17     16     16
     14     13     15      9     14

      9     11     14     16     14
     18     14     18     17     16
     13     17     14     17     19
     12     21     19     18     17
     13     14     17     11     17

      9     11     14     20     16
     20     14     19     17     15
     14     17     15     20     20
     12     22     21     17     19
     15     13     18     11     17

     11     12     14     19     16
     23     15     20     17     18
     16     19     16     20     22
     13     25     22     20     19
     16     16     19     12     19

     10     11     14     21     17
     21     16     20     17     18
     16     20     16     20     22
     14     25     22     18     21
     16     15     17     13     19

     10     11     14     18     15
     19     14     18     16     17
     15     18     16     19     19
     12     21     19     19     17
     15     15     18     10     18

      8     11     13     17     13
     19     12     17     14     14
     13     15     13     16     17
     11     20     19     16     16
     14     13     16     10     16

     10     11     14     18     15
     19     14     18     16     17
     15     18     16     19     19
     12     21     19     19     17
     15     15     18     10     18

     13     14     12     15     12
     15     10     15     15     15
     15     16     16     14     16
     18     16     16     18     15
     11     12     12     15     17

     11     12     12     15     14
     12     12     13     17     10
     11     19     17     14     13
     16     18     18     19     14
     15     17     17     14     14

     12     13     11     14     15
     19     14     17     16     14
     13     18     19     16     14
     12     18     14     15     18
     15     14     13     17     15

     13     13     13     14     13
     17     15     16     19     16
     12     18     16     16     19
     14     18     16     20     19
     14     17     15     15     14

      9     16     12     11     12
     12     12     12     13     13
     13     14     14     12     16
     12     18     15     11     16
      9     11     10      9     11

      7     10      7      8      9
     12      6      8     11     11
      9     11      8     11     12
      9     11     13     11     13
      8      9     12      9     10

      2      4      1     -9      0
      2     -5    -12      3      5
      9     15     10     17     -2
    -20      3    -13      0     11
    -22    -24    -31    -21     -5

      4      3      4      3      4
      7      5      3      6      6
      4      5      6      6      4
      6      7      6      4      5
      4      5      4      4      4

      1      3      1      4      2
      3      3      3      3      4
      2      3      2      4      3
      5      5      3      3      3
      3      3      1      0      4

      0      0      0      0      1
      3      2      0      1      2
      0      0     -1     -1      0
      0      1      1      1      0
      1      0      0      0      0

      0      0     -1      0      1
      1      0      1      0      0
      0      0     -1      0      0
      0      1      0      1     -1
      0      1      0     -1      2

     -2     -1     -1      1      0
      1      3      0      1      1
      1      1      0      0      0
      0      0      0      0      0
     -1     -2      0      0     -1

      0     -1      0      0      1
      2      1     -1      0      1
     -1      0      0      0      0
      2      0      1      0      1
      0      0      0      0      0

     -1     -1     -4      0      0
      3      1      4      3      3
     -1      1     -2      1      0
     -5     -1      1     -2     -1
      2     -1      4      2      4

     -1      0      0      0      0
      3      0      1      1      0
      0     -1      0      2      0
     -3      0     -1      1      0
      3      0      2      0     -1

     -1      2      2      1      1
      1      0      0      3     -1
      1      0      0      0      3
      0      3      0      1      2
      2     -2      1     -2      0

     -1     -2      2      0      1
      3      0      0      4      2
      1      0     -1      3      1
      2      4      4      1      2
     -3      0      3      0      4

     -1      1      3      3      1
      2      2      1      3      0
      2      0      0      1      0
     -1      3      2      3      1
      0      0      1     -1      0

     -2      2      2      3      3
      4      1      1      3      2
      2      0      0     -1      4
      0      2      1      1      6
      2      0      1     -2      3

     -1      3      4      4      4
      1      2      2      3      3
      3      3      1      0      0
      4      2      1      4      3
      2      2      3      3      3

      1      4      8      5      2
      4      2      4      5      3
      2      7      2      3      4
      4      3      5      3      6
      4      3      5      0      5

      2      1      4      4      2
      3      4      4      3      4
      3      5      3      1      5
      0      6      3      4      4
      3      2      4      2      1

      0      3      4      4      4
      5      4      2      5      3
      7      5      2      2      3
      5      6      5      3      4
      2      3      3      2      5

      5      5      8      8      5
      9      7      6      8      5
      7      9      5      5      8
      6     11      7      7     10
     10      6      7      4      9

      9      8     11      9     10
     11     10     11     11      8
     11      9     10     10     10
      9     12     14      9     10
     11      8      9     11     10

      9     10     12     13     10
     11     12     13     13     13
     11     13     10     12     14
     12     15     15     15     16
     13     12     14     12     13

     10     13     14     10     11
     14     12     13     14     12
     13     14     12     14     16
     13     14     15     15     13
     12     13     12     10     13

     12     11     11     13     11
     15     14     13     14     13
     15     12     13     16     14
     14     15     14     14     18
     14     13     14     13     14

      9     14     13     15     18
     13     11     11     15     13
     14     19     15     21     19
     16     18     16     19     20
     16     19     15     17     18

     10     12     16     14     15
     15     14     16     15     15
     13     15     15     15     16
     17     17     15     15     18
     12     13     14     15     13

     12     12     14     14     13
     14     12     14     15     15
     14     15     14     14     16
     15     17     17     16     16
     12     12     15     15     15

     10     12     10     12     12
     14     10     14     10     13
     11     12     15     15     14
     11     15     15     14     13
     10     11     12     12     12

      8     11     11     13     12
     12     11     13     12     11
     11     13     10     11     12
     11     15     14     16     17
     11      9     14     13     14

     10     11     13     13     13
     12     12     13     13     13
     13     11     12     14     15
     14     15     14     15     13
     11     13     14     10     12

      9      9     11     11     12
     11     11     13     14     13
     10     12     11     10     13
     11     16     15     12     15
     12     10     13     12     12

      8     10     10     10     11
     13     11     12     12     11
     10     11     12     12     14
     12     13     14     14     14
     10      9     11     10     12

     10     11     11     12     11
     13     12     12     11     12
     12     11     12     12     12
     13     13     14     13     14
     11     12     13     12     12

     10     10      9     11     12
     12      9     12     12      9
     11     12     11     10     11
     12     14     14     13     15
     11     11     13     10     12

      8      9     12     10     11
     10      9     12     12     12
     10     12     10     12     13
     11     14     13     14     13
     12     11     11     11     15

      9      7     10      9     10
     12     10     11     12     10
      8     11     11     12     11
     11     15     11     11     12
     10     11     10     10     10

      9      9     11      9     10
     11     10     11     11     10
      9     12     11     11     10
     11     13     12     12     11
     11      9      9     11     12

      7      9     11      9      9
     10      9     10     12      9
     10     10     10     11     10
     11     12     12     13     12
      8     10      9     10     10

      8      7      9     10      9
     10      9     11     11     10
     11     10     11     11     11
     11     13     13     12     12
      8     11     10     10     10

      6      8      9      7      8
     10      9      9      9      9
      8     11      8     12      9
      9     12     12     10     13
      9      9     12     10     10

      7      7     11      9      9
     10      8     10      9      9
      9      8      9      8      9
     11     11      9     11      8
      9     11      9      7      9

      5      5      7      9      7
      8      8      8      8      8
      6      8      7      8      9
      8     10      9      9      9
      9      9      9      7      7

      7      7     10      8      8
      9      7      7      7      7
      7     10      8      7      9
      8     11      8      7      8
      6      7      8      8      7

      3      6      7      6      6
      8      8      6      8      6
      5      7      7      7      7
      6     10      9      9      7
      6      6      6      7      7

      4      6      8      6      6
     11      6      8      9      8
      6      6      6      6      9
      9     11      8      9     11
      6      7      6      4      8

      3      4      6      7      6
      7      5      6      4      6
      7      5      7      7      7
      6      9      7      8      6
      6      6      7      4      6

      5      3      5      6      4
      5      7      5      6      4
      6      5      6      5      5
      5      7      6      6      6
      7      6      5      5      6

      2      3      4      5      5
      4      3      5      5      4
      3      4      5      4      4
      3      6      6      4      5
      1      3      6      5      3

      1      2      4      4      4
      4      3      2      2      3
      2      1      2      2      3
      3      6      4      3      4
      3      4      4      2      3

      0      1      1      2      1
      3      1      1      3      0
      2      2      1      1      0
      1      3      2      4      1
      4      0      1      2      2

      0      0      1      2      0
      2      0      0      0      1
      0      3      0      0      2
      0      1      1      1      2
      0      0      1      0      1

     -1     -2      0      2     -1
      1      0      0      0      0
      0      0     -1      0     -1
      0      0      1      0      0
      0      0      0      0      0

     -1      0      0      0     -1
      2      0      0      0      0
      0      0      0      0      1
      0      1      0      0      1
      0      0      0      0     -1

      0      0      0      2      1
      0      2      0      0      0
      0      1      0     -1     -1
      0      1      1      0      0
      0      0      0      0      1

     -2     -2      1      0      0
      2      0      0      0      0
      0      0     -1      0     -2
      1      1      0     -1      1
      0     -1      1     -1      1

      0     -1      0      0      0
      1      0      2      0      1
     -2      0     -2      0     -1
      0      0      0      0      2
     -1     -1      0      0     -1

     -1     -3      0      0      1
      0      0      0      1      0
      0     -2      0     -1      0
      1      2      0     -1      1
      0      0      1     -1      1

     -3      0      1      1      0
      0      1      0      0      0
      0      0      0      1      1
      0      1      0      0      1
      0     -1     -1     -1      0

     -1      0      0      0      0
      2      0     -1      0      0
     -1     -3     -1      0      0
      2      2      1      0      0
      0      0      2      0      0

      0      0      0      0      0
      0      0      1      0      0
      0      1      0      0      0
      0      0      0      0      0
      0      1      2      0     -1

      0      0      0      0      1
      0      0      0     -2      0
      0      1     -1      0      0
      0      1      0      1      0
      0      1      0      0     -1

      1      1      0      0      0
      0      0      0      0      0
      0      1      0      0      0
      0      0      0      0      0
      0      1      0      0      0

      1      0      0      0      1
      1      0      0      0      0
      0      0      0      0      1
      2     -1      0      0      0
     -1      0      2      0      0

      0     -1     -1      0      1
      0      0      1     -1      0
      0      0      0      1     -1
      0      0      0      0      0
      0      1      0     -1      0

      1      0      0      0      0
      1      0      0      0      0
      0      0      0     -1      0
      0      0      0      1      0
      0      1      1      0      0

      0      0      0      0      1
      0      0      0      0     -1
     -1      1      0      1      0
      0      0      0      1      0
      0      0      0      0      0

      0      0      0     -1      0
      1      0      0      0      0
      1      2      0      0      0
      0     -2      0      0      0
      0      1      0      0      0

      1      0      0      0      1
     -1      0      0      0      0
      0      0      1      1      0
      0      0      1      0      0
     -1      2      0      1      0

      1      0      0      0      0
      0      0      0      0      1
      0      1      0      0      0
      0     -1      0      0      0
      1      2      0      0      0

      2      1      0      0      1
      0      0      1      1      1
      1      3      2      0      0
      2      1      1      0      1
      1      2      3      3      1

      4      2      1      2      3
      2      1      2      3      1
      3      3      4      3      2
      0      1      2      2      1
      3      5      3      3      3

      2      2      2      4      4
      2      1      2      2      2
      3      4      3      3      3
      4      2      4      5      3
      4      4      3      2      4

      2      1      1      1      1
      1      1      2      2      1
      1      3      2      2      1
      1      3      1      2      3
      2      5      1      2      3

      1      0      1      0      1
      2      0      0      0      0
      0      3      0      1      0
      0      0      0      1      1
      0      2      1      0      1

      1      0      0      0      2
      1      0      2      3      0
      2      2      2      2      2
      0      1      1      2      2
      0      0      1      1      2

      4      4      3      1      4
      4      2      2      4      2
      3      5      3      3      4
      3      3      4      5      5
      3      4      2      4      2

      3      3      4      4      6
      4      3      5      4      4
      4      7      6      6      6
      5      6      5      4      5
      5      5      4      6      5

      5      4      4      4      4
      4      3      5      3      4
      5      4      5      4      4
      4      5      4      5      4
      4      4      3      6      3

      2      4      2      1      3
      3      2      2      2      2
      3      4      4      5      3
      3      5      3      4      3
      3      4      2      4      3

      1      3      1      2      4
      3      3      3      3      2
      3      4      4      4      3
      3      4      3      3      3
      3      5      3      3      4

      4      4      3      3      3
      4      4      4      3      3
      6      6      6      5      5
      5      4      4      5      4
      5      5      6      5      4

      4      5      6      5      5
      4      5      3      6      5
      4      4      6      5      5
      5      5      7      7      4
      5      4      6      4      4

      6      5      4      3      6
      5      3      6      4      5
      6      6      5      5      5
      7      5      6      5      4
      4      6      4      5      5

      6      4      5      3      5
      4      6      6      4      5
      6      6      4      4      4
      6      6      5      6      5
      5      6      5      6      5

      6      4      4      5      3
      6      4      6      5      4
      5      8      6      4      4
      6      5      6      5      5
      4      5      6      5      5

      5      4      5      3      6
      5      5      5      5      4
      5      6      5      5      4
      5      5      5      5      6
      6      5      5      6      5

      4      5      5      4      6
      4      4      6      6      5
      4      6      5      5      5
      6      5      5      5      5
      5      6      4      4      5

      5      4      6      5      6
      4      5      5      4      3
      5      5      5      4      5
      5      5      5      6      5
      6      6      6      6      5

      5      4      5      2      4
      5      5      5      4      5
      5      4      5      3      5
      6      6      5      6      6
      3      4      3      4      5

      6      3      3      3      4
      3      5      6      3      3
      4      6      5      5      4
      5      4      5      5      5
      4      5      4      6      4

      4      3      5      3      4
      4      3      3      4      3
      3      5      4      4      4
      4      3      6      5      6
      5      5      5      3      5

      5      3      4      2      5
      4      4      5      3      3
      5      7      5      5      5
      4      5      5      5      4
      3      5      5      4      4

      4      4      5      4      5
      3      2      5      3      3
      4      6      5      5      4
      4      4      4      6      5
      5      4      4      4      5

      5      3      2      3      3
      4      4      4      4      4
      4      5      5      5      3
      4      5      4      6      4
      3      6      5      5      3

      5      4      3      3      4
      3      2      5      3      5
      5      4      5      4      3
      3      4      5      7      4
      4      4      4      4      4

      5      3      6      3      5
      5      5      6      3      4
      3      6      6      4      5
      5      4      7      5      4
      3      5      5      5      5

      5      3      4      3      2
      5      2      5      4      4
      4      4      6      3      5
      4      3      6      6      5
      2      4      5      5      5

      4      4      4      3      2
      4      3      4      5      3
      2      7      4      4      4
      4      4      4      4      4
      3      4      6      4      4

      2      4      5      4      3
      5      2      3      5      3
      4      5      4      5      6
      4      3      4      5      4
      4      4      6      4      5

      5      3      4      2      4
      3      3      2      5      3
      4      5      4      4      3
      5      3      4      4      6
      2      3      4      6      4

      4      4      3      3      1
      2      3      4      4      3
      3      5      4      4      4
      3      4      5      3      4
      1      4      3      4      5

      3      3      5      4      2
      2      2      5      4      3
      3      4      3      4      1
      4      3      5      5      5
      3      2      2      4      4

      2      1      5      1      4
      1      2      2      3      2
      4      6      3      5      2
      5      4      5      5      4
      4      4      4      5      3

      1      1      3      1      3
      1      3      4      5      4
      3      5      3      3      3
      3      5      5      4      6
      4      4      2      2      4

      0      3      3      0      1
      2      2      3      3      3
      2      4      4      4      3
      2      3      4      1      3
      4      2      2      4      4

      1      1      2      1      3
      3      4      4      3      1
      1      3      3      4      4
      1      3      3      3      4
      1      1      2      3      4

      3      2      3      1      2
      2      1      3      0      2
      2      4      3      4      1
      1      4      3      3      3
      3      4      4      2      2

      4      1      1      4      0
      3      0      3      2      1
      3      4      5      1      4
      1      4      3      6      3
      2      0      4      1      4

      2      1      3      0      4
      1      1      2      2      3
      3      4      4      2      1
      4      4      3      2      1
      2      3      1      4      2

      1      5      1      0      2
      1      0      1      1      2
      2      3      4      1      4
      4      1      2      3      1
      2      2      2      2      3

      2      2      3      0      2
      0      2      1      2      1
      0      4      2      2      3
      1      1      2      1      2
      1      0      3      2      1

      1      1      0      0      4
      0      2      3      0      0
      1      0      2      1      1
      4      0      1      3      0
      2      3      0      2      1

      2      1      2      0      3
      1      2      3      1      1
      0      2      3      2      1
     -1      1      0      3      1
      2      1      4      1      1

      1      2      0      0      2
      0     -1      0      1      0
      1      0      0      2      1
      1      1      0      1      3
      0      2      2      1      2

      0      0      2     -2      0
      0     -3      1      0      0
      0      2      0      2      3
      2      1      1      3      1
      0      0      2     -1      0

      0      1      2      0      1
      0      0      3      0      1
      0      0      2      2      2
      0      2      0      2      1
      0      3      3      2      1

      1      0      0     -1      1
      0      2      2      0      0
      0      1      1      1      3
      3     -1      0     -3      3
      0      0      2      0      1

      0      0      1      1      2
     -1      1      0      0     -1
     -1      0      3      0      0
      1      2      0      0      0
     -1      1      0      1      0

     -1     -1     -1     -1      2
     -2     -1      3      1     -2
     -1      1      0      2      2
      2      0      0      1      1
     -1      0      3      0      1

     -1      0      1     -1      0
      0     -2      0     -2      0
      0      0      0     -1      0
      1      0      0      0     -1
      0      0      4      0      2

      0      0      0     -2      0
     -1      0      0      0     -1
      0      3      1      0      0
     -1      0      0      0      0
     -1      2      2     -2      2

      1      0      1      0      0
     -3      0     -1      0      0
     -1      1     -2      0      0
      0      1      1      4      0
     -2     -1      1      0      0

      0      0      2      0      1
     -2      0      0     -1      0
     -1      0      2      1      0
      2      0     -2      3     -2
     -3      2     -2      2      1

