;
; ENVI ASCII Output of file: E:\Imaging\ROI_AVIRIS_TestSet\5_3_1.img [Wed Dec 06 10:34:49 2017]
; File Dimensions: 5 samples x 5 lines x 224 bands
; Line Format    : (5i7)
;
    478    482    475    487    485
    480    465    479    474    480
    480    460    470    460    458
    482    482    474    480    461
    487    473    485    480    486

    544    558    569    574    550
    559    563    549    557    546
    565    526    562    552    557
    559    558    572    557    562
    567    571    563    566    562

    583    594    589    581    595
    601    608    589    595    595
    588    568    595    588    582
    603    600    592    595    591
    594    605    590    588    599

    758    751    749    742    721
    743    727    729    736    744
    724    724    732    734    736
    742    752    746    764    740
    750    744    743    759    758

   1094   1100   1080   1095   1077
   1091   1074   1069   1083   1076
   1088   1068   1071   1076   1077
   1092   1089   1095   1103   1092
   1102   1102   1104   1105   1100

   1157   1155   1143   1139   1140
   1154   1125   1125   1132   1143
   1146   1121   1117   1138   1132
   1146   1147   1163   1167   1140
   1170   1152   1160   1164   1156

   1092   1077   1085   1078   1081
   1080   1076   1058   1071   1080
   1076   1067   1058   1067   1075
   1086   1085   1085   1088   1089
   1102   1094   1094   1108   1090

   1003   1011    993    999   1001
   1004    990    982    986    992
   1006    990    996    986    992
   1004    999    999   1012   1010
   1017   1011   1016   1019   1027

   1105   1094   1088   1088   1085
   1088   1076   1071   1066   1084
   1094   1074   1068   1070   1081
   1094   1094   1088   1098   1093
   1101   1099   1107   1118   1109

   1114   1118   1117   1119   1108
   1116   1107   1102   1102   1116
   1113   1099   1092   1109   1106
   1128   1113   1116   1123   1112
   1124   1120   1124   1135   1137

   1098   1091   1086   1080   1091
   1091   1076   1060   1068   1082
   1091   1071   1068   1077   1087
   1088   1085   1080   1094   1084
   1096   1092   1092   1103   1103

   1034   1026   1022   1023   1025
   1021   1013   1002   1009   1024
   1028   1012   1006   1002   1016
   1022   1024   1016   1025   1020
   1025   1026   1025   1034   1037

    968    977    966    968    972
    970    962    958    956    970
    970    958    953    956    961
    965    962    962    963    975
    978    969    975    985    983

    879    888    878    876    881
    879    870    863    866    879
    882    870    862    870    869
    875    873    879    879    881
    883    877    876    892    886

    807    799    797    811    814
    802    795    793    797    806
    805    792    796    796    802
    797    806    804    812    806
    803    809    812    810    810

    712    725    717    719    717
    714    718    715    717    724
    717    718    710    713    709
    718    710    716    719    722
    726    714    721    726    724

    639    633    634    637    647
    631    637    633    634    641
    642    634    632    632    640
    630    635    634    636    634
    637    636    643    642    641

    608    602    603    608    612
    605    605    604    605    612
    610    603    605    603    608
    601    605    602    605    603
    607    603    608    611    611

    576    570    570    578    576
    578    573    574    576    583
    576    572    577    574    576
    570    574    570    574    571
    577    570    573    580    580

    529    537    533    540    540
    540    532    540    539    544
    541    536    542    537    540
    534    535    535    538    538
    537    533    536    539    535

    487    493    489    487    496
    489    490    493    492    501
    492    490    497    495    493
    487    489    490    496    493
    491    489    486    496    493

    448    450    451    455    453
    450    454    454    457    460
    453    457    461    455    459
    449    454    449    454    455
    450    445    455    457    455

    417    423    422    419    427
    419    425    424    426    430
    418    423    429    427    427
    413    421    420    423    421
    420    413    419    420    426

    372    372    374    378    378
    372    380    378    379    383
    377    378    384    373    379
    372    373    371    374    374
    370    374    375    377    370

    348    349    358    352    355
    348    355    352    353    357
    351    350    358    353    352
    348    348    349    351    350
    348    344    352    349    351

    331    335    337    342    347
    338    340    342    342    343
    339    337    347    339    344
    334    334    336    335    341
    336    334    335    335    336

    309    312    319    319    318
    313    314    316    316    321
    315    318    325    320    318
    309    311    311    313    316
    313    310    309    314    315

    285    292    291    295    295
    292    290    290    294    297
    292    292    302    298    297
    285    289    285    293    293
    290    285    288    290    290

    275    279    280    279    279
    280    282    283    283    285
    280    281    291    281    285
    278    277    278    280    282
    273    278    275    276    276

    254    260    261    261    260
    259    259    259    261    262
    256    263    270    260    264
    255    255    258    261    260
    250    255    254    256    252

    239    244    243    246    247
    247    248    250    245    252
    243    247    254    249    247
    238    240    243    243    246
    243    240    242    242    249

    236    236    239    240    243
    244    239    241    244    246
    241    240    249    243    247
    236    238    238    240    238
    236    235    235    238    243

    236    232    235    241    244
    241    240    238    246    241
    243    238    248    240    246
    239    241    236    235    236
    236    233    237    238    242

    236    236    240    240    242
    243    238    240    244    245
    241    239    250    243    246
    235    238    238    241    238
    237    234    236    238    242

    220    218    224    222    229
    226    220    224    228    226
    223    219    231    225    227
    218    220    223    220    221
    222    220    218    223    228

    195    193    198    197    202
    201    193    200    201    199
    200    194    206    200    201
    192    195    194    195    197
    195    194    194    197    197

    171    169    175    172    179
    173    168    173    179    174
    176    170    181    177    175
    171    172    172    175    171
    174    171    171    176    178

    165    160    168    166    171
    166    165    168    171    169
    165    164    175    165    169
    161    165    166    169    166
    166    162    166    168    169

    149    145    153    151    153
    149    145    153    160    152
    152    148    162    153    155
    147    151    152    155    154
    149    146    152    152    153

    117    113    121    117    119
    115    114    117    123    119
    118    113    124    119    119
    114    116    119    119    118
    119    113    121    119    119

    125    121    128    124    129
    123    120    124    130    124
    126    120    136    127    129
    121    121    125    127    128
    126    121    126    129    126

    133    132    137    136    137
    137    127    137    143    135
    136    131    145    137    138
    129    133    137    138    140
    136    133    135    138    135

    136    130    139    135    138
    133    127    136    143    138
    138    131    148    141    138
    132    135    136    139    138
    138    130    138    141    138

     83     81     84     82     82
     81     77     81     84     80
     83     81     90     83     82
     80     79     82     83     84
     83     78     84     85     83

    105     99    109    108    107
    104     97    105    110    106
    107    100    117    109    108
    100    102    105    107    108
    109    103    109    108    107

    112    107    113    113    112
    109    102    111    117    108
    112    106    122    114    113
    104    109    112    115    110
    114    104    113    113    111

    100     98    105    102    102
    100     95    101    106     99
    103     96    112    105    105
     99     99    102    104    103
    106     95    104    105    102

     94     89     97     93     96
     90     86     95     99     91
     96     89    105     95     97
     91     91     95     99     94
     96     89     97     98     96

     87     82     89     86     86
     83     77     86     91     83
     86     84     97     90     86
     83     83     87     91     88
     90     82     89     88     86

     69     65     74     71     69
     66     62     68     72     67
     67     65     77     72     69
     66     67     72     73     72
     73     66     74     72     70

     71     67     74     72     70
     68     63     70     72     68
     70     67     79     70     70
     67     67     72     72     71
     73     65     73     73     71

     73     69     77     73     72
     70     65     71     76     70
     73     70     82     76     73
     69     71     75     78     75
     76     68     76     75     71

     78     72     81     77     77
     74     70     76     81     78
     78     73     85     80     77
     73     75     80     82     79
     80     73     82     80     78

     74     68     79     75     70
     70     63     72     79     70
     72     69     83     76     75
     68     71     76     77     74
     74     69     77     76     73

     69     66     75     69     72
     65     63     69     75     68
     72     67     81     76     71
     66     69     73     76     74
     73     66     74     74     70

     67     62     70     64     68
     63     57     66     71     63
     67     62     77     69     67
     62     63     68     68     69
     69     62     71     68     66

     64     60     68     64     60
     58     55     61     67     59
     62     59     74     67     63
     59     60     65     67     65
     67     58     68     67     64

     49     46     52     49     48
     47     43     48     54     48
     49     47     57     53     50
     47     48     52     54     53
     51     46     53     52     49

     42     40     43     42     41
     38     35     41     46     41
     45     41     48     46     42
     39     40     45     47     46
     44     40     45     45     42

     40     35     40     40     38
     36     32     37     40     36
     39     38     45     40     40
     34     37     40     43     42
     40     34     41     40     40

     35     31     39     35     33
     32     29     33     36     30
     33     32     39     37     34
     33     34     37     40     36
     36     32     37     36     33

     25     20     26     24     21
     20     20     21     24     24
     25     22     27     28     26
     21     20     26     27     24
     23     20     28     24     23

     17     14     18     18     16
     15     14     15     16     14
     16     15     18     15     15
     15     15     18     19     17
     16     15     21     17     17

     17     15     22     19     17
     15     15     16     18     15
     17     17     21     18     17
     16     17     19     21     18
     18     17     20     18     18

     27     26     31     30     28
     24     23     28     30     27
     29     28     35     29     29
     26     27     30     32     31
     31     27     32     32     28

     33     29     36     34     33
     30     28     31     34     30
     33     31     39     34     32
     30     32     33     34     35
     35     30     34     36     31

     37     34     41     39     37
     35     32     37     41     34
     39     34     46     40     38
     34     35     40     40     40
     41     34     42     40     37

     41     35     43     40     39
     34     31     39     44     36
     39     38     49     43     38
     34     38     42     44     42
     43     36     45     41     41

     40     36     43     39     37
     34     30     38     41     36
     39     35     48     41     39
     34     36     42     43     41
     42     35     42     42     39

     38     34     43     39     37
     35     30     37     41     35
     39     35     49     43     37
     34     36     41     44     41
     41     34     42     42     36

     38     34     42     37     37
     33     31     38     40     34
     37     34     47     40     38
     33     35     40     43     40
     40     33     42     39     36

     34     31     37     34     34
     32     27     34     37     30
     33     32     44     37     33
     30     32     35     38     37
     37     30     39     38     33

     35     31     37     33     33
     30     27     33     37     31
     33     32     43     38     33
     30     32     37     37     36
     37     30     38     36     32

     32     29     36     32     32
     27     24     30     34     29
     32     30     41     35     31
     27     31     33     35     33
     34     28     37     34     31

     31     28     35     32     31
     27     24     31     33     28
     30     28     41     35     32
     27     29     33     35     34
     33     26     36     34     31

     28     25     32     28     26
     24     21     27     30     24
     29     26     34     30     28
     24     26     32     31     30
     30     26     31     29     27

     26     23     30     26     25
     22     19     25     28     23
     26     24     32     28     26
     22     24     29     29     28
     28     23     29     27     26

     24     21     28     24     23
     20     18     23     26     21
     23     21     29     26     23
     20     22     26     27     25
     25     20     27     25     24

     20     16     21     18     18
     15     14     18     20     15
     19     17     25     20     18
     17     18     21     21     20
     20     16     22     20     17

     11     10     12     11     11
      9      8     10     12     11
     11     10     14     12     12
     10     10     12     13     12
     13     10     14     13     10

      5      3      6      5      5
      4      3      4      5      4
      5      3      6      6      5
      5      3      5      6      7
      5      4      6      5      4

      4      2      4      4      4
      3      3      3      4      3
      4      4      4      4      3
      4      4      4      6      6
      5      4      6      6      3

      6      4      6      5      5
      4      4      5      6      5
      5      4      6      5      5
      7      4      6      7      7
      6      5      6      5      5

      6      3      6      5      5
      3      3      3      5      5
      5      3      5      7      5
      4      4      6      6      6
      6      4      6      6      4

      9      7      9      8      6
      6      5      7      7      6
      7      7     10      7      7
      7      6      8      9      9
      9      6      9      7      7

     12     11     13     12     12
     10      8     10     13     10
     13     10     16     14     12
      9     10     14     15     14
     14     10     15     12     12

     15     13     16     15     14
     11     10     13     14     12
     13     13     19     15     14
     13     13     15     17     16
     17     11     17     16     15

     13     11     15     13     11
     10      8     12     13     11
     12     11     17     13     12
     11     13     15     15     14
     15     11     15     13     12

     14     11     16     13     13
     11      9     13     15     12
     13     12     18     15     14
     12     12     14     16     16
     15     11     16     14     13

     11     10     15     12     11
      9      7     11     11      9
     11     10     15     14     11
     10     10     14     14     13
     13      9     13     12     11

     13     11     14     13     12
     11      9     13     14     11
     12     11     18     16     14
     10     11     14     16     15
     16     11     16     15     12

     15     12     16     14     12
     11     10     11     15     12
     14     13     18     16     13
     11     13     15     17     16
     16     12     16     15     13

     16     13     18     14     14
     12     10     13     15     12
     15     13     21     17     14
     13     13     16     17     16
     16     12     16     17     15

     15     12     18     14     14
     11      9     13     17     12
     15     13     21     16     15
     12     14     16     18     16
     17     12     17     16     13

     14     11     17     14     14
     11      9     13     15     11
     14     11     20     15     14
     11     11     15     16     14
     15     11     17     14     13

     12     10     16     13     11
     10      8     12     13     11
     12     11     16     15     12
     10     11     13     15     13
     14     11     16     14     12

     14     11     17     14     14
     11      9     13     15     11
     14     11     20     15     14
     11     11     15     16     14
     15     11     17     14     12

     11     13     14     15     13
     10     11     12     12     14
     13     14     17     11     11
     14     10     13     15     15
     12     11     12     14     11

     14     13     14     12      9
     11     12     10     12     13
     16     15     16     19     16
     14     12     15     13     14
     12     14     12     14     13

     13     10     16     15     15
     11     10     13     12     13
     12     14     14     16     16
     19     10     15     14     11
     14     12     14     12     13

     12     12     14     17     13
     16     12     14     14     14
     13     17     16     11     12
      9     13     15     15     12
     11     16     14     13     13

     11      9     11     13     11
     12     11      9     12      9
      7     13     13     12     12
     12      8     11     11     12
     10      7     10      9     10

      9      7      8     10      6
      9      8     11      7      7
      8     10     11     10     11
      9     10     10      9      8
      8      7      8      8      8

     35     25     58     34     10
     78     89     75     76     30
     45     43     65     72     40
     74     78     47     23     11
    -31    -27    -25    -33    -31

      5      3      5      5      3
      5      4      5      4      1
      5      4      5      5      4
      5      5      5      5      3
      4      5      3      4      4

      3      2      4      3      2
      3      2      1      4      5
      2      3      5      2      4
      4      2      4      4      5
      4      2      0      1      2

     -1      0      0      0     -1
      1      0      0      1      1
     -1      0      1      0      0
      2      1      0      0      0
      0      0      0      0      2

      0     -1      0      1      1
      0      0     -1      1      0
     -1      1      2     -1      0
      1      1      0      0      1
      0     -1      0      0      1

     -1      0      2      1     -1
      0      1      0     -1      0
      1      0      1      2      3
      0      1     -1      1     -1
      2      0     -1      0      0

      0      1      1      0      0
      1      0      1      1      1
     -1      1      1      1      0
      0      0      0      1      0
      0      0      1      0      1

      2      2      4      5      0
      0     -4     -4      3      0
      0     -1      3     -1      6
     -3      0     -2     -3     -2
      4      0     -3     -1      2

      1      0      0      2     -3
      0      0      0      1      0
      0      0      3      0      0
      1      0      4      1      1
      0      1      0     -2      1

      0      0      0      2      0
      0      0      0      2      0
      0      1      1      0      1
      2      1      1      0      2
      0      3     -1      0      2

      1      0      3     -1      0
      4     -1     -1      1      1
      0      2      2      0      0
      3      1      2      1      1
      2      1      0      0      4

      0     -1      1      0      0
      1      1      1      1      3
      0      3      1      0      1
      0      2      0      1      0
      0      1      0      0      2

      1      0      0      3      0
      2      2      1      3      4
      1      1      2      0      1
      3      3      1      1      0
      1      2      2      0      1

      4      0      3      3      0
      3      2      1      1      4
      0      4      1      4      2
      3      2      2      5      4
      1      1      0      1      3

      4      1      5      3      5
      4      2      2      3      4
      3      2      7      3      1
      5      4      3      3      2
      2      5      4      1      4

      0      3      1      3      3
      2      0      1      1      2
      2      1      1      4      0
      2      2      4      4      3
      5      0      1      1      1

      3      3      4      3      4
      3      4      3      3      6
      3      4      6      1      5
      3      4      4      3      2
      3      5      5      2      4

      7      6      8      8      7
      9      4      5      7      7
      7     10      7      6      8
      6      4      4      8      6
      7      6      4      5      9

     10      8      8      9      8
     10      8     10      9     10
      8     10     10     10      9
     10     10      8      9      8
     10      8      5      9      9

      9     10     11     12      9
     10      7      8     11     12
     12     12     13     10     11
     13     12     11     12     10
     11     11     10      9     10

      9     10     12     12     10
     11     10     11     13     12
     10     11     13     10     10
      9     10     12     11     11
     11     10     11     11     11

     12     10     11     14     11
     12     10     11     13     12
     11     13     14     13     12
     13     13     13     12     11
     12     11     11     11     10

     14     14     14     12     12
     10     11     11     13     13
     11     16     17     13     13
     13     12     14     16     15
     12     11     12      9     12

     14     12     11     14     12
     12     11     10     12     14
     13     14     15     12     12
     14     11     12     15     12
     12     12     12     12     11

     11     11     11     10     12
     13     12     12     13     13
     11     13     13     13     14
     13     10      9     13     12
     10      9     13     10     13

     11      8      9     13     11
     11     10     10     11     12
     10     12     13     13     13
     11     10      8      9     12
     10      8     10      9     10

     11     10     11     11      9
      9      9     10     10     10
     11     11     13      8     12
     12     11     10     10     10
     11      9     10      9     11

     11      9     11     11     10
     11      8     11     11     11
     10     12     12     12     12
     11      9     12     10     12
     11     10     12      9     12

     11      9     10     11     12
      9     11      9     10     10
     11     11     10     10     12
     10      9     10     10      9
      9      9      9     10     11

      9      8      9     10     11
     10      8     10      9     10
      8     10     11     10      9
      8      9     10      9     10
      8      8     10      7     11

     11      9     10      9      9
     10      7     11     11     11
     10     12     12     10     13
     10      9     12     10     10
     10     10      9      9     11

     10      9     10      9      7
      9      9      9     10     10
      9     11     10     10     10
      9      9     10      9      9
      8      9      8      9     11

      9      8     10      9      9
      8      9      6     10      9
      8     10     10      7     10
      9     10     10      8      7
      7      8      8      8      9

      9      7     10     10      8
      8      9      8     10     11
      9     10     11      8      9
      9      9      9      8      9
      7      8      8      8      9

      8      7      6      7     10
      9      8      7      8      9
      9     11      8     10      9
      9     10      8     10      8
      7      8      9      7     10

     10      6      9      8      9
     10      9      7      9      9
      9     11     10      8      9
      7      7      9      7      9
      9      8      8      7      9

      8      9      7      9      8
      8      8      9      8      7
      9      9     11      9     10
      9      7      9     10      7
      8      7      9      7     11

      9      8      8      8      7
      8      8      8      8      9
     10     10      9      9     10
      7      7      8      8      9
      6      6      8      8     10

      8      7      7      8      7
     10      6      8      8      7
      7      9     10      7      8
      5      3      6      8      8
      6      6      7      7      7

      7      6      7      8      7
      6      6      6      8      9
      6      8      9      7      7
      7      7      6      7      8
      6      5      7      3      7

      7      4      7      6      6
      8      6      7      8     10
      6      8      7      7      8
      6      5      7      6      6
      5      5      5      5      5

      7      5      6      8      7
      7      6      5      5      5
      7      7      6      4      7
      5      5      6      7      5
      4      4      6      6      6

      8      6      8      8      6
      7      7      6      8      9
      4      6      6      6      5
      7      5      4      6      4
      6      3      4      3      3

      4      4      5      6      4
      6      4      5      5      5
      5      5      6      6      4
      5      5      4      5      6
      3      4      4      5      3

      5      3      5      5      3
      5      4      5      4      4
      6      5      4      4      5
      6      3      4      5      3
      7      4      4      3      5

      5      3      4      4      4
      4      2      2      4      4
      4      3      4      4      3
      2      2      6      3      2
      3      4      1      3      2

      5      2      5      3      1
      2      0      1      3      3
      2      3      3      3      2
      3      3      4      3      4
      2      5      3      1      2

      0      0      1      1      1
      3      4      1      2      1
      2      1      2      1      2
      1      2      0      3      2
      0      1      1      1      2

      0      0      2      2      0
      1      0      0      0      2
      0      0      3      0      0
      2      0      0      1      0
      1      1      1      0      0

      0     -1      0      0      0
      1      1     -1      0      1
      0      0      2      1      1
      0      1      0      0      0
      0      0      0      0      0

      0     -3      0      0     -1
      0      0      0      0      0
      0      1      0     -1     -1
     -1     -1      1      1      0
     -1     -1      0      0      1

      1      0      0      0      0
      0      0      0      1      0
      0      0      1      0      0
      1      0      1      2      0
      0      0      0      0      1

      0     -1      1      1     -2
      1      0      0      0      1
     -1      0      1     -1      0
      0      0     -1      0      1
      0      0      0     -1      1

      0      0      0      2     -1
     -1      0     -1      0      2
     -1      0      1      0      0
      2      0      0      0      0
      0      3     -1      0      0

      1      0      1      1      0
      2     -1     -2      2      1
      0     -1      0      0      0
      0      0      0      0      1
      0      1      0     -2      0

     -1      0      1      1     -1
      1      0     -2      1      0
     -2     -1     -1     -1      0
      0     -2      0      2      1
      2      0     -1      0      0

      2     -2      1      4     -3
      0     -1     -1      2      0
      0      0      1     -2      1
      1      0      1      0      1
      0      0      0     -1      0

     -1      1     -1     -2     -1
      1     -1      0      0      0
      0      0      0      0      0
      0      0      0      1      0
      2      0     -1      0      0

      1      1      0      1      0
      0      0      0      0      0
      0     -1      0      1      0
     -2      1     -1      0      0
      2      0      0      0      0

     -1      2     -1      0      0
      1     -1     -1      0      0
      0     -2      1      0      1
      0      1     -1      0     -1
      2      0     -1      0      2

     -2      2      0     -1      0
      2     -1     -1      0      0
     -1      0      1      0      0
      0      1      0      0     -1
      1     -1      0      0      0

      0      2     -1     -3      0
      0      0      0      0      0
      0      0      0      1      0
      0      1      0      0      0
      1      0      0      0      0

      0      0      0      0      0
      1      0      0      0     -1
     -1      1      0      0      0
     -1      1     -2      0      1
      1      0     -1      0      2

      0      1     -1      0      0
      1      0      0      0      0
      0     -1      0      0      0
      1      1      1      1     -1
      1      0      0      0      1

      0      2      0      0      0
      1      0      0      0      0
      0     -1      1      0      1
     -1      0      0      0      0
      1      0      0      0      0

      0      0      0      1      0
      1      0      0      0      0
      0      0      0      0      1
      0      0      0      0      0
      2      0      0      0      1

      0      2      0      1      0
      1      0      1      0      0
      0      0      0      0      1
      1      1      1      2      0
      1      0      0      0      2

      0      4      0      1      0
      2      0      1      2      1
      4      0      3      0      2
      1      2      1      0      1
      3      0      1      1      1

      3      3      2      3      3
      4      3      1      3      1
      3      2      3      2      3
      2      3      3      4      2
      5      2      1      3      4

      3      4      5      4      4
      3      3      5      4      2
      4      4      3      4      4
      3      4      4      3      2
      4      4      4      4      4

      1      2      1      3      3
      4      1      2      3      2
      2      3      3      2      1
      2      1      1      3      0
      3      2      2      3      4

      0      0      2      1      1
      2      0      0      0      1
      0      0      2      0      2
      0      1      1      0      2
      2      0      0      0      1

      1      1      1      3      1
      3      1      2      1      0
      0      1      2      0      2
      1      2      1      0      0
      3      0      0      1      3

      1      5      5      2      3
      4      3      2      3      3
      4      3      5      5      5
      4      5      4      4      5
      4      4      3      2      4

      3      6      6      6      6
      5      4      6      6      5
      6      5      6      4      5
      5      6      6      4      4
      4      3      5      6      5

      4      5      4      5      5
      5      3      5      4      4
      5      3      6      3      7
      5      4      4      4      6
      4      3      2      5      5

      2      3      4      3      3
      3      3      3      2      2
      4      3      5      3      3
      3      4      3      3      4
      4      2      3      4      4

      3      4      2      3      2
      5      2      2      3      3
      3      2      4      3      3
      3      4      3      2      3
      4      1      4      3      5

      3      4      3      4      6
      6      4      4      5      3
      5      5      5      5      4
      4      4      3      4      5
      5      4      3      4      5

      5      4      3      5      5
      5      5      3      5      4
      4      4      7      5      6
      3      5      5      4      5
      4      2      2      5      6

      4      4      4      5      6
      5      5      5      7      5
      6      5      7      5      5
      3      5      4      5      5
      4      5      4      5      5

      5      4      5      5      5
      5      3      4      6      5
      6      4      7      5      5
      4      4      4      4      4
      5      4      4      4      6

      3      4      5      5      5
      5      4      5      5      4
      4      4      5      5      5
      5      4      3      5      4
      3      4      3      5      7

      4      4      5      6      5
      5      4      4      5      7
      6      5      6      3      5
      5      5      4      6      5
      5      4      4      5      5

      2      5      6      5      5
      5      3      4      4      4
      5      6      6      5      6
      4      5      4      5      4
      8      5      3      4      5

      4      4      4      4      4
      6      4      5      4      4
      6      5      5      5      6
      3      4      4      3      4
      5      3      4      4      6

      4      4      4      5      5
      4      3      4      5      5
      5      4      5      4      4
      4      3      3      3      4
      5      3      4      4      4

      4      3      4      5      6
      4      4      4      5      3
      5      6      5      2      6
      2      5      2      5      4
      4      4      4      6      6

      2      4      4      3      3
      4      4      3      5      3
      5      5      4      4      5
      4      4      3      3      4
      3      1      2      4      2

      3      4      5      3      4
      3      3      3      5      3
      5      5      4      4      4
      2      4      1      4      3
      3      1      3      3      4

      2      3      3      4      3
      5      4      5      4      4
      4      3      4      1      3
      3      3      2      5      2
      4      0      4      3      5

      2      4      3      3      2
      5      3      3      4      3
      3      4      4      4      4
      3      4      3      3      3
      5      2      1      4      4

      2      3      2      4      3
      5      3      4      3      4
      4      2      6      6      5
      2      4      4      4      2
      3      2      2      3      4

      2      3      3      4      0
      5      3      4      3      4
      4      5      4      4      4
      3      4      2      3      3
      6      3      4      5      4

      2      4      4      4      3
      4      3      2      5      3
      2      4      4      3      3
      3      3      3      3      4
      4      1      1      3      4

      2      5      1      3      3
      3      2      2      2      3
      4      4      4      4      1
      3      1      2      4      3
      4      2      3      3      4

      1      3      2      4      2
      4      3      3      4      3
      4      3      4      3      2
      4      3      4      4      2
      3      1      0      3      4

      2      4      1      5      3
      4      3      5      4      3
      6      5      5      2      3
      2      4      3      4      2
      5      2      2      4      3

      1      1      2      4      3
      3      2      5      3      3
      4      2      4      4      3
      3      0      1      3      2
      4      0      0      2      4

      1      2      1      4      3
      3      5      4      2      3
      3      3      4      4      2
      3      1      2      2      2
      2      0      2      3      5

      1      1      0      2      2
      3      2      3      3      1
      4      3      6      2      3
      2      2      1      3      0
      3      2      1      1      3

      1      2      2      3      4
      4      1      0      1      2
      2      2      4      2      1
      0      3      3      2      1
      4      3      0      2      3

      1      1      1      2      1
      3      2      0      2      2
      2      3      4      3      2
      1      3      0      2      2
      3      1      2      3      3

      0      1      1      2      1
      2      1      1      2      1
      4      2      3      1      3
      1      1      0      2      0
      4      0      1      2      3

      1      0      1      2      1
      3      0      0      2      1
      2      2      3      0      3
      1      0      0      2      0
      4      0      0      5      1

      0      0      1      2      2
      2      1      1      1      2
      2      3      1      3      2
      2      1      2      1      0
      4      2      0      2      1

      1      1      1      2      0
      2      0      0      1      2
      1      0      4      2      0
      1      2      0      3      3
      2      0      0      3      1

      1      1      0      2      0
      0      1      2      1      1
      2      0      0      3      0
      1      0      0      0      1
      2      0      1      4      2

      0      0      0      3     -1
      3     -1     -1      1      0
      1      1      3      0      2
      1      1      1      0      0
      0      1      0      0      0

     -1      3      1      2      0
      1      1      0      1      0
      1      0      0      1      2
      2      1      2      1      0
      0      0      0      2      1

      0      1      1      1      3
      2      1      0      1     -1
      0      1      0      0      2
      0      1      1      1      2
      1      1      0      0      2

      2      0      0      2      0
      0      1      1      1      1
      1      0      3      0     -1
      0      1      1      3      0
      1     -1      0      3      1

      0      3      0      2      0
      3     -1     -1      2      1
      1      0      1      0      2
      1      0      0     -1      1
      2      1      2      0      2

      1     -1      0      1     -1
      1      0      1      0      0
      1      0     -2      0      3
      0      0      0      1      0
      1      2      0      0      0

     -1     -1      1      0      1
      0      0     -2      2      5
      1      0      0      0      0
     -2      0      0      0      2
      4      1      0      1     -1

     -3      0      0      0      1
     -1      0      2      0      1
      0      0      3      1      2
      2      3      0     -2      0
      1      0      0      1      1

      0      0      0      0      0
      2      0      3      1      2
      1      5      0      0     -1
      0      4      1      0      0
      1      1     -1      0      3

     -1      0     -1     -1      2
      3      0      2      1     -2
      2      1      2      1      1
      0     -1     -1      0      0
      2     -2      0      1     -1

      0      0      1      1     -2
      0      0     -2      1      5
      0      0      3      1      0
     -1      1      1     -2      0
      1     -1     -1      1      2

     -1     -2      0      4     -4
      0     -1      0     -1      0
      2     -3      0      0      2
      0      1      1      0      0
     -1     -1      0     -2     -1

     -5     -1      0     -1     -3
      1     -3      0      1      0
      0      0      1     -2      2
      3      1     -1      2     -2
      0      0      0      1     -1

