;
; ENVI ASCII Output of file: E:\Imaging\ROI_AVIRIS\5_3_18.img [Fri Nov 17 12:05:42 2017]
; File Dimensions: 5 samples x 5 lines x 224 bands
; Line Format    : (5i7)
;
    500    516    516    502    523
    489    495    494    499    487
    494    486    497    494    495
    480    502    490    464    489
    512    489    473    483    482

    561    571    571    576    566
    578    578    559    586    559
    564    580    584    576    571
    573    558    579    565    567
    583    573    558    560    558

    602    597    597    612    611
    603    608    597    604    612
    599    593    603    602    613
    596    613    604    589    612
    613    607    600    615    601

    752    752    752    750    769
    771    753    755    752    747
    757    747    745    741    752
    752    747    746    756    724
    754    744    743    753    735

   1087   1102   1102   1101   1100
   1096   1100   1099   1100   1100
   1115   1097   1106   1110   1106
   1111   1094   1109   1090   1098
   1085   1096   1095   1098   1099

   1141   1133   1133   1156   1167
   1154   1164   1152   1165   1164
   1141   1170   1151   1159   1154
   1155   1157   1158   1159   1143
   1154   1152   1153   1152   1159

   1077   1067   1067   1084   1088
   1093   1086   1082   1091   1086
   1094   1101   1096   1093   1091
   1097   1093   1086   1091   1089
   1097   1092   1089   1101   1091

   1008   1000   1000   1008   1005
   1008   1004   1003   1014   1020
   1011   1011   1019   1003   1005
   1017   1018   1021    999   1011
   1022   1006   1009   1023   1018

   1087   1083   1083   1095   1103
   1102   1102   1092   1099   1093
   1101   1107   1105   1101   1098
   1114   1104   1112   1102   1100
   1107   1102   1093   1107   1101

   1113   1121   1121   1123   1122
   1122   1129   1121   1130   1127
   1126   1138   1128   1119   1127
   1144   1123   1131   1119   1126
   1145   1130   1130   1132   1132

   1080   1081   1081   1088   1089
   1091   1092   1092   1085   1091
   1093   1100   1097   1089   1099
   1114   1098   1095   1102   1096
   1098   1090   1096   1100   1098

   1020   1018   1018   1027   1034
   1038   1034   1025   1034   1035
   1031   1040   1032   1031   1032
   1043   1030   1040   1033   1027
   1042   1030   1022   1040   1036

    961    961    961    970    980
    976    979    976    976    978
    984    976    990    978    984
    996    987    980    976    978
    984    987    981    979    987

    878    883    883    887    894
    887    897    892    888    900
    889    896    889    887    894
    897    894    901    887    890
    904    889    896    898    899

    807    811    811    818    824
    830    822    822    815    819
    820    827    820    823    822
    826    825    822    822    817
    826    831    817    824    831

    730    733    733    736    734
    741    743    741    740    737
    740    748    742    737    744
    740    741    741    735    740
    742    736    741    740    742

    654    655    655    662    661
    661    665    662    663    659
    663    668    663    659    666
    661    660    658    662    659
    663    658    663    659    664

    628    625    625    630    631
    633    634    633    633    630
    633    639    631    632    634
    632    630    633    629    632
    629    629    630    631    633

    601    594    594    598    599
    605    602    604    602    600
    601    610    598    604    601
    602    599    607    596    603
    594    600    596    602    600

    560    565    565    562    563
    566    567    563    562    565
    563    572    566    564    564
    563    562    567    561    561
    559    565    559    561    566

    518    522    522    520    521
    522    524    521    523    521
    524    523    524    519    525
    519    518    515    517    518
    516    512    515    515    516

    483    483    483    477    482
    482    484    481    481    483
    477    484    478    482    484
    476    477    482    476    481
    475    469    473    482    481

    450    448    448    447    442
    452    452    451    450    448
    449    455    450    455    453
    450    444    450    446    449
    440    447    441    449    448

    402    402    402    400    404
    398    405    402    404    400
    398    406    401    401    396
    398    399    397    400    404
    392    393    396    396    394

    381    378    378    377    376
    379    376    378    377    374
    373    378    381    378    375
    375    369    376    374    374
    368    369    367    374    373

    367    368    368    360    361
    367    368    368    367    362
    364    365    366    368    366
    360    360    360    361    370
    353    357    360    366    361

    340    341    341    335    337
    342    346    345    340    346
    339    343    340    342    341
    339    338    335    339    340
    333    334    333    338    338

    323    320    320    310    316
    320    316    316    315    316
    317    317    318    320    312
    310    312    311    314    316
    309    312    310    314    313

    304    304    304    304    302
    302    306    304    304    305
    300    309    309    309    306
    298    298    303    302    303
    295    295    300    302    300

    279    281    281    278    278
    285    284    284    282    277
    280    288    286    282    284
    276    277    279    279    281
    272    275    275    280    277

    268    268    268    265    263
    267    268    264    267    266
    264    268    268    268    267
    262    263    263    263    267
    260    257    262    266    262

    266    264    264    259    259
    266    263    265    262    261
    259    266    264    261    262
    257    258    257    256    265
    253    256    258    258    260

    269    264    264    252    258
    262    265    266    257    257
    253    259    257    263    269
    251    256    255    257    262
    252    255    258    257    255

    266    264    264    260    258
    265    263    265    263    262
    259    264    264    262    262
    257    257    258    255    265
    253    255    257    259    260

    253    246    246    243    242
    244    242    247    248    239
    237    247    247    249    249
    235    240    241    242    248
    238    234    240    244    243

    224    219    219    214    215
    219    220    217    218    218
    212    212    216    222    222
    209    213    214    213    216
    213    208    211    214    211

    197    196    196    188    188
    191    193    192    191    198
    182    188    192    199    194
    184    183    188    185    191
    184    182    184    187    186

    192    185    185    184    181
    185    186    187    187    185
    179    176    182    191    186
    178    176    184    180    186
    175    177    178    182    179

    172    172    172    168    166
    170    169    168    170    171
    164    161    168    175    171
    161    162    169    161    169
    157    157    159    166    163

    135    134    134    130    129
    130    131    131    132    133
    126    124    133    136    131
    124    126    130    123    130
    125    122    122    129    126

    144    144    144    140    137
    139    141    139    142    143
    136    133    142    147    143
    135    134    139    134    137
    131    131    131    139    136

    159    156    156    153    150
    152    153    153    157    156
    146    145    154    162    154
    145    147    156    145    151
    142    142    142    149    149

    158    156    156    153    151
    153    153    153    159    160
    148    144    153    161    153
    145    145    158    145    153
    142    144    145    151    148

     96     93     93     92     89
     91     93     93     94     96
     87     86     92     99     94
     85     88     97     86     93
     87     86     86     93     91

    127    124    124    124    117
    119    120    121    126    124
    115    111    123    126    121
    113    112    123    112    119
    110    114    112    119    114

    133    132    132    128    125
    124    126    128    132    130
    124    117    129    136    129
    118    119    132    118    128
    115    115    117    127    122

    123    119    119    116    113
    113    118    115    121    121
    114    108    119    124    117
    107    109    123    108    117
    105    106    107    114    114

    115    110    110    108    105
    107    108    105    112    113
    102     98    110    116    110
    100    102    115    100    107
    100     97     97    107    103

    104    100    100     99     94
     97     99     98    105    104
     95     87    102    105    101
     91     91    104     91    100
     89     89     90     96     92

     83     80     80     80     77
     77     79     79     83     85
     75     70     82     85     78
     73     74     83     71     80
     71     72     71     81     77

     85     82     82     80     77
     79     81     76     82     84
     77     70     82     86     82
     73     73     85     71     78
     73     73     71     81     77

     89     85     85     85     80
     83     83     82     87     90
     79     73     87     93     84
     76     77     91     76     83
     74     75     75     83     80

     97     92     92     92     86
     87     89     88     93     94
     86     76     92     99     89
     82     81     98     80     90
     79     81     80     89     86

     89     85     85     86     81
     82     82     83     89     88
     77     72     87     93     84
     78     76     89     75     82
     73     75     76     85     77

     90     85     85     85     80
     81     85     80     87     87
     76     71     87     90     83
     74     75     89     77     82
     73     73     73     80     79

     84     80     80     80     74
     76     79     74     81     83
     73     67     80     86     78
     69     71     84     71     77
     68     68     67     77     73

     81     77     77     74     73
     72     75     72     80     81
     71     61     77     84     75
     66     66     82     67     73
     65     66     66     73     71

     63     59     59     59     54
     56     59     56     62     64
     54     47     60     65     56
     50     52     64     53     59
     51     52     51     58     55

     52     52     52     49     46
     50     49     47     50     52
     44     40     51     55     50
     45     44     53     43     50
     42     44     43     49     48

     48     46     46     46     42
     43     44     41     44     48
     43     36     43     49     46
     40     39     48     38     45
     38     39     37     44     42

     39     39     39     41     38
     40     39     38     45     42
     37     32     40     44     41
     35     37     46     33     39
     34     35     35     42     40

     28     26     26     26     26
     27     24     27     27     31
     25     20     25     34     28
     23     25     29     24     25
     21     23     23     28     28

     17     16     16     18     17
     17     15     16     19     20
     16     13     16     20     18
     17     16     19     15     17
     16     15     16     18     19

     21     18     18     20     19
     19     19     18     21     22
     19     16     20     23     22
     18     19     23     19     20
     15     18     18     20     20

     36     32     32     36     32
     33     33     31     36     37
     31     27     33     38     34
     30     30     38     29     36
     29     31     28     36     33

     42     38     38     40     37
     40     38     38     42     43
     37     31     41     44     40
     34     35     45     35     40
     33     34     33     39     38

     48     46     46     49     43
     47     45     43     48     49
     42     35     47     51     47
     39     40     52     41     47
     37     38     37     47     44

     54     49     49     50     45
     48     48     44     52     55
     46     36     52     55     49
     43     42     56     42     50
     39     40     41     50     47

     51     47     47     49     44
     47     48     42     50     53
     45     36     48     55     47
     41     41     54     41     47
     38     40     39     46     45

     52     46     46     49     42
     46     47     43     50     51
     44     35     49     53     49
     40     42     55     39     48
     39     40     38     48     43

     50     47     47     47     42
     45     46     42     48     52
     44     35     47     53     46
     39     40     53     39     48
     37     38     36     48     44

     46     42     42     45     39
     43     43     39     45     46
     40     32     44     50     43
     35     36     48     36     42
     33     35     34     43     39

     47     42     42     44     37
     42     42     39     45     47
     39     30     43     49     42
     36     36     49     36     42
     34     35     34     42     39

     43     40     40     41     35
     39     39     36     43     44
     37     29     42     47     40
     33     33     46     33     41
     31     32     32     40     37

     43     39     39     40     35
     39     39     35     42     44
     36     28     42     46     40
     33     33     45     33     39
     30     30     31     39     35

     40     36     36     37     31
     34     35     31     40     39
     32     25     36     41     36
     30     29     42     30     37
     27     28     28     36     33

     36     33     33     34     29
     31     32     29     37     36
     30     22     33     39     33
     28     27     39     27     34
     25     26     26     33     31

     33     29     29     31     26
     28     29     27     33     33
     28     20     31     36     30
     25     25     35     25     31
     24     24     23     30     29

     25     22     22     23     20
     23     23     20     23     26
     21     15     24     27     24
     19     19     27     19     24
     17     19     17     25     22

     15     13     13     15     12
     13     14     11     16     16
     13      9     16     18     14
     11     11     16     12     14
     11     11     10     15     14

      4      5      5      6      4
      5      4      4      6      7
      3      3      5      7      5
      4      5      5      4      5
      3      4      5      6      4

      4      4      4      4      4
      5      4      4      4      7
      4      2      4      5      5
      4      3      4      3      4
      2      3      3      4      5

      5      6      6      5      4
      4      4      5      6      8
      5      3      6      8      6
      5      5      7      5      5
      5      5      4      6      5

      6      5      5      6      4
      5      6      5      4      7
      5      3      6      5      6
      5      5      7      5      4
      5      4      5      5      6

      8      8      8      9      7
      8      8      7     10     11
      8      5      9     11     10
      8      7     12      6      9
      6      7      7      9      8

     16     13     13     16     13
     14     13     13     16     17
     13      9     16     18     15
     13     13     18     12     15
     10     12     12     15     15

     19     17     17     18     16
     17     16     16     20     20
     16     11     20     23     17
     15     15     23     14     19
     13     15     13     21     17

     17     15     15     17     14
     16     15     13     17     19
     14     10     17     19     16
     13     14     20     13     15
     12     13     13     17     16

     19     16     16     19     15
     18     16     15     19     20
     15     10     18     21     17
     14     14     21     13     17
     12     14     12     20     17

     16     14     14     16     14
     15     14     13     17     18
     13      8     15     19     15
     13     12     19     11     15
     10     12     11     16     14

     19     16     16     19     14
     17     16     15     18     20
     17     10     17     20     17
     13     14     20     14     17
     12     13     12     19     16

     20     17     17     18     15
     17     17     15     19     20
     16     10     18     20     16
     15     14     21     14     17
     13     13     12     18     16

     20     18     18     20     17
     19     19     17     20     23
     17     12     21     25     20
     15     14     25     15     20
     14     14     14     21     19

     19     19     19     19     16
     19     19     16     20     20
     18     11     21     23     20
     15     15     24     15     19
     14     16     13     21     19

     20     17     17     19     14
     17     16     15     19     20
     16     10     19     22     17
     14     14     23     14     20
     11     13     13     19     17

     17     15     15     17     12
     14     15     14     17     19
     15      9     17     21     17
     12     13     21     13     17
     12     13     11     17     16

     20     17     17     19     14
     17     16     15     19     20
     16     10     19     22     17
     14     14     23     14     20
     11     13     13     19     17

     17     18     18     14     17
     23     21     15     16     16
     14     18     16     20     13
     15     14     16     17     18
     12     12     11     11     17

     19     16     16     16     12
     17     16     15     17     16
     16     12     14     19     17
     14     13     16     14     13
     11     14     15     19     16

     16     17     17     16     13
     21     15     15     12     17
     15     16     15     15     17
     15     16     14     14     14
     15     17     14     16     17

     17     18     18     18     11
     12     17     16     11     16
     14     15     16     14     16
     13     13     16     16     14
      9     16     14     16     15

     13      9      9     12     12
     16     15     14     10     12
     10     11     12     16     13
     12     12     14     13     12
     12     12      8     12     14

     11     11     11     11     10
     10      9     14     13     13
      7     10     10     13     12
     11     12     12     13      9
     10     12     12     12     10

      7     29     29     41     31
    -38    -28     -5     -3    -15
    -22     -4    -13     -3     -1
      3      0      7     -2    -17
     -6     -8     -4    -17      4

      5      5      5      6      4
      6      5      6      5      6
      3      5      6      5      5
      5      6      6      4      4
      5      6      6      5      7

      4      3      3      5      0
      4      2      4      2      5
      2      3      2      3      1
      4      3      3      3      1
      3      3      3      4      5

      2      1      1      1      0
      1      0      0      1      2
      1      0      0      0      0
      1      0      0      0      0
      0      1     -2      0      0

      0      0      0      3     -1
      0      0      0      0      1
     -2      0      0      0      0
      0      0      0      0     -1
     -1      0      0      0      3

      1      1      1      1     -4
      0      0      2      0      1
      0      0     -1      0      0
      3      0      2      0      0
      0      0      1     -1      2

      0      0      0      0     -1
      0      0      0      0      1
      0      0      0      1      0
      0      0      2     -1      0
     -1      0      0      0      1

      2      1      1      1     -4
      2      7      0      3      3
      1      0      0      1      5
      5      6      9      5     -3
      0     -2      0      0      0

      3      2      2      3     -1
      0      1      1      2      0
     -2     -1      1      0     -1
      3     -1      3      0      0
      0      0      0      0      2

      0      0      0      0     -2
      0      2      0      0      0
     -1      0      1      4      0
      2      0      0     -1      0
     -1      0      0      0      1

      1      0      0      1      0
      0      0      2      3      2
      0      0      0      4      0
      3      3      3      0      1
      1      0      0      1      1

      1      0      0      1      2
      1      1      3      2      2
      0      0     -1      2      1
      0      0      0      1      3
      1      1      0      0      0

      3     -1     -1      0      0
      0      0      1      0      1
      2      0      0      3      0
      2      0      2      1      0
      1      0      0      2      0

      2      2      2      3      1
      2      3      2      2      2
      0      4      0      3      3
      1      2      6      1      1
      4      3      1      3      4

      4      2      2      4      4
      5      4      4      3      3
      4      2      5      6      3
      4     -1      5      4      2
      4      3      3      3      5

      2      1      1      6      1
      2      2      2      3      3
      1      1      2      2      3
      3      3      5      2      0
      3      2      2      3      3

      5      3      3      2      3
      4      3      3      2      5
      3      2      5      7      7
      3      3      4      3      4
      1      3      3      4      4

     10      5      5      7      7
      8      7      7      7      8
      7      7      7      7      5
      7      7     10      4      6
      6      6      4      7      8

     12     10     10      6      8
      9     11     10     10     10
     11     11     10     12      9
     11     10     10      9     12
      7     10      8     10     10

     13     12     12     14     11
     12     13     12     11     13
     13     11     14     12     11
     12     11     14     11     14
     12     10     12     11     16

     14     12     12     12     11
     13     14     14     14     14
     12     14     13     14     12
     12     11     11     14     12
      9     11     12     14     15

     16     14     14     14     11
     14     15     14     11     15
     13     14     13     15     14
     14     11     16     14     15
     12     13     12     13     14

     19     18     18     20     16
     10     15     18     15     15
     15     14     16     16     20
     17     17     18     16     14
     12     14     11     12     10

     16     14     14     14     14
     16     17     13     14     16
     14     15     17     14     16
     13     15     16     16     16
     13     13     14     16     15

     17     16     16     14     12
     14     13     15     14     15
     11     13     15     15     15
     12     14     15     12     14
     11     14     11     14     16

     15     15     15     13     10
     13     14     13     12     14
     11     11     13     14     14
     11     11     13     12     14
     11     10     13     12     12

     14     13     13     15     10
     14     14     12     12     14
     10     12     13     14     13
     10     12     12     13     14
     10     10     12     13     13

     13     15     15     14     11
     15     15     13     12     13
     11     13     13     14     13
     10     12     14     13     13
     13     11     12     13     11

     15     13     13     12     10
     11     12     12     12     14
     11     12     13     15     11
     11     12     11     12     12
      9      9     11     12     12

     15     11     11     13     10
     12     13     11     11     13
     10     13     10     11     13
     10     10     13     12     10
      9      8     12     10     11

     12     13     13     12     11
     15     15     14     12     13
     11     12     14     13     13
     12     11     11     11     13
     10      9     13     12     12

     15     11     11     11     11
     12      9     13     12     11
     10     12     12     13     12
     11     11     11     12     13
      9     11     13     11     12

     14     12     12     12     10
     11     12      8     11     13
     11     11     12     13     10
     11     11      9     10     10
     10      7     11     11     11

     13     11     11     10      8
     13     11     11     13     12
     10     10     12      9     11
     11      9     10     12     10
      9     11      9     10     10

     12     12     12     10      8
      9     13     12     13     11
     10     11     10     11     11
     10      9      9     11     11
      8     10      9     10     11

     12     12     12      9      7
     12     12     12     10      9
      8     10     11     11      9
     12      9     11     11     10
      8     10     10     10     11

     12     13     13      8     10
     10     11     12     11      9
     11     10     10     11     10
      9      9     11      8     11
      9     10     10     11     11

     11     11     11      9      8
      8     10     10     11     11
      7      6      8     11     11
      9      9     11      6      9
      8      8      8      9     11

     10     10     10      8      9
      9     10     11      8      9
      9      8     10      9      7
      9      7      7      8      8
      8      9      7      9     10

     10      8      8      7      6
      9      9      8     10      8
      8      7      8     10     10
      9     10      8      6      8
      7      8      8      9      8

      9      9      9      7      6
      7      9      7      8      9
      6      8      9      7      7
      7      8      7      7      5
      7      8      7      8      8

     10      8      8      5      5
      7      8      9      7      8
      8      7      6      7      6
      8      6      8      9      5
      6      7      5      7      6

      8      5      5      7      6
      7      7     12      8      7
      4      4      8      5      3
      5      3      5      3      5
      6      6      5      5      6

      9      8      8      6      4
      7      6      6      5      7
      6      5      7      8      6
      6      6      7      6      5
      3      7      4      5      7

      5      6      6      5      5
      6      5      6      5      7
      5      5      6      6      6
      6      8      6      6      5
      5      4      6      6      6

      5      4      4      3      3
      4      2      3      3      4
      4      5      4      5      4
      4      4      4      4      4
      4      5      4      5      5

      5      2      2      2      1
      4      2      4      5      3
      4      2      3      5      2
      3      3      3      3      3
      3      3      2      4      3

      3      1      1      1      1
      1      1      1      1      2
      1      3      0      5      3
      1      2      3      0      0
      2      2      1      2      2

      1      1      1      1      0
      1      0      1      0      1
      1      1      0      2      1
      2      1      1      0      1
      0      0      0      1      2

      2      0      0      0      0
      0      0      0      2      0
      0      0     -1      0      0
      0      0      1      0      0
      0     -1     -1      0      0

      1      1      1      1      0
      0     -2      2      0      2
      1      0     -1      1      0
      1      0      1      0      0
     -1      0      0      0      0

      1      0      0      0      1
      0      0      0      0      2
      0      0      0      0      0
      0      0      2      0      0
      0     -1      0      0      1

      0     -1     -1      1      0
      0     -1      1      0      0
     -1      0     -2      0      2
      0     -1      0      0     -1
     -1      0     -2      0      0

      0      0      0      0      0
     -1      0      0      1      1
     -1     -1     -1      0      0
      0     -1      0      0      0
      0     -1     -2      0      1

      0     -1     -1      0     -1
      0      0      1      0      0
      0      1     -1      0      1
      0      0      0      0     -1
      1      0     -1     -1      3

     -1      0      0      1      0
      0      0      0     -2      2
     -1     -1     -2      1      0
      0      0      1      1      0
      0      0      0     -1      0

      2      0      0      0     -1
      0      0      0      1      2
      0      0     -2      1      0
      0     -1      0      0      1
      0      0      0      0      1

      0      0      0     -2      2
      0      0      0     -1     -1
      0      0      0      1      0
     -1     -1      0      0      0
      1      0     -1      0      1

      0      0      0      0      0
      0      1      0     -1      0
      0      0      0     -1      0
      0      0      0      0      0
      0      0      1      0      0

      1      0      0      0      0
     -1      0      0     -1      0
      0      1     -1      0      0
     -2      0      0      0      0
      1     -1      0      0      0

      0     -1     -1     -1      2
     -1      1      1     -2      0
      1      1      0     -1     -1
     -1      0      0      0      0
      0      0      2      0     -1

      0     -1     -1      0     -2
     -1      0      2      0      0
     -1      1     -1      0      0
     -1      0      0      0      1
      1      0      1      0      0

     -1      0      0      0      0
      0      0      0     -1      0
      0      0      0      0     -2
     -1      0      0      1      0
      1      1      0      1      1

      0     -1     -1     -1      0
     -1      0      1      0      0
      0      0      0      0      0
     -1      0      1      0      0
      0      0      0      0      0

      0      1      1      0      0
     -2      0      0     -1      0
     -1      0      0      0      0
     -1      0      0      1      0
      0      0      0     -1      1

      0      1      1      0      0
      0      2      0     -1      0
      0      0      0      0     -1
     -2      0      0      2      0
      0      0      0     -1      0

      0      0      0      0      2
      0      2      1      0      0
      0      0      0      0     -1
     -1      0      0      1     -1
      1      0      0      0      1

      0      2      2      1      1
      0      1      2      1      1
      2      2      1      1      2
      0      1      2      2      2
      2      2      0      1      3

      2      3      3      2      4
      1      2      2      1      2
      2      2      1      1      2
      3      1      3      3      2
      3      1      1      2      2

      2      4      4      4      4
      1      3      4      2      3
      3      2      2      3      2
      1      3      5      4      3
      3      4      2      4      4

      1      2      2      2      2
      0      3      2      2      1
      1      2      1      2      2
      0      1      2      3      2
      3      1      1      1      3

      0      1      1      0      1
      2      1      1      0      0
      0      0      0      0      2
      0      0      1      1      1
      2      0      2      2      0

      1      0      0      1      1
      0      1      2      0      2
      0      1      2      1      1
      0      0      1      2      1
      2      2      2      2      1

      3      5      5      2      4
      2      2      4      2      3
      3      4      3      3      4
      4      3      3      4      3
      3      3      3      3      4

      5      5      5      5      5
      3      5      4      3      5
      5      5      4      6      4
      4      4      4      6      7
      5      6      6      7      6

      4      6      6      3      3
      3      4      3      4      3
      4      5      3      4      5
      3      6      6      6      5
      4      5      5      3      5

      3      2      2      1      4
      1      4      3      3      4
      4      4      2      3      2
      1      3      3      3      4
      3      3      3      3      3

      2      3      3      4      2
      3      4      3      2      4
      3      2      3      2      3
      1      2      5      4      4
      5      3      2      4      3

      3      4      4      2      3
      4      4      5      3      5
      5      3      4      5      3
      2      3      5      6      4
      4      3      5      5      3

      5      4      4      6      4
      5      4      5      4      5
      5      5      5      5      6
      4      4      4      6      4
      6      5      5      4      5

      5      5      5      4      5
      5      5      5      4      4
      5      6      4      6      5
      4      3      6      7      7
      6      6      5      5      6

      4      5      5      4      4
      3      6      5      4      4
      4      4      6      6      5
      4      5      6      6      6
      4      5      6      6      6

      5      5      5      5      5
      4      6      6      3      4
      4      7      5      5      6
      3      4      4      5      5
      4      5      4      5      6

      5      5      5      3      4
      5      6      6      4      3
      5      5      5      6      3
      4      5      5      7      6
      3      4      6      4      6

      6      6      6      6      4
      5      6      5      4      6
      4      6      6      4      4
      5      6      5      7      4
      5      6      4      5      5

      5      6      6      5      5
      5      7      5      2      4
      5      6      4      5      6
      4      5      4      6      5
      5      3      4      5      6

      3      5      5      5      4
      3      6      5      4      4
      2      5      4      5      3
      3      3      5      5      5
      5      4      4      5      7

      4      5      5      2      3
      4      4      4      3      4
      4      4      5      6      5
      4      2      6      6      6
      3      4      5      4      4

      4      4      4      4      2
      2      3      6      2      2
      4      7      5      5      4
      4      3      4      7      3
      4      4      3      5      7

      4      5      5      3      4
      3      5      4      3      5
      4      2      4      4      4
      3      3      4      5      5
      3      5      4      4      5

      4      3      3      2      3
      2      3      5      3      4
      4      5      3      4      3
      4      3      4      5      4
      3      3      3      4      6

      4      5      5      4      3
      3      5      4      3      4
      3      4      3      3      3
      2      3      2      6      4
      3      3      4      4      4

      4      5      5      3      4
      3      5      4      4      5
      4      4      6      6      5
      3      2      4      3      4
      3      4      4      4      5

      2      4      4      5      4
      4      5      6      3      4
      5      6      4      5      3
      1      4      5      6      5
      4      4      5      4      4

      3      3      3      4      4
      3      4      6      2      5
      3      6      4      4      4
      2      1      4      4      5
      3      2      4      4      4

      5      3      3      3      3
      2      3      4      1      4
      2      3      4      4      4
      2      2      5      5      4
      3      3      3      4      4

      6      4      4      2      2
      3      4      5      3      3
      4      4      4      2      3
      2      2      4      4      4
      3      4      3      3      4

      4      3      3      1      5
      3      6      4      3      3
      4      5      3      3      3
      3      1      4      4      3
      4      3      4      1      4

      4      5      5      1      4
      2      4      2      2      3
      3      3      1      4      4
      0      0      4      4      2
      2      3      2      3      4

      4      4      4      2      4
      4      3      4      1      3
      3      2      4      2      3
      2      2      3      2      4
      3      2      3      4      5

      3      3      3      1      2
      2      3      3      1      2
      2      2      3      4      2
      2      2      2      4      3
      2      2      0      2      3

      2      4      4      1      1
      1      3      2      0      4
      2      2      2      3      2
      1      4      4      3      1
      1      4      3      5      5

      1      4      4      1      3
      2      2      3      2      0
      4      3      1      1      1
      2      3      2      2      1
      0      3      3      0      2

      2      3      3      2      3
      0      4      3      2      3
      1      2      1      0      3
      1      3      3      4      1
      2      2      2      2      2

      0      2      2      0      1
      1      3      2      2      1
      2      1      1      2      1
      2      2      1      4      2
      2      1      2      2      3

      0      2      2      1      3
      0      4      3      0      1
      1      0      0      3      1
      0      0      3      0      0
      2      3      1      1      1

      2      2      2      1      1
      1      1      1      0      2
      1      3      0      1      0
      3      1      1      2      0
      2      3      5      0      1

      1      2      2      1      2
      0      1      2      3      2
      1      1      0      3      2
      1      0      3      1      2
      1      0     -1      1      2

      1      3      3      1      0
      1      2     -1      0      3
      0      1      0      1      2
      2      1      1      4      1
      0      0      2      0      1

     -1      1      1      0      2
      0      1      0      0      3
      0      0      0      0      0
      1      0      1     -1      0
      0      2      1      1      0

      2      2      2      1      3
      1      2      0     -3      1
      0      3      0      1     -1
      0      2      2      0      0
      0      1      0      1      1

      3      1      1      2      3
      0      0      0      0      1
      0      0      0      0      0
      0     -1      0      0      0
      0      1      2      2      0

      0      1      1      0      1
      1      1      0      0      0
      0      0      1      2      0
      0      0      0      2      0
      1      1      0     -1      0

      2      1      1      1      0
      0      5      2      1      0
      0      2      0      0      2
      0      0      2      2      0
     -2      1      0      0      3

      0     -2     -2      0      1
      0      0     -1     -3      0
      2      0      1     -2     -2
     -1      0      0      0      3
      0      1      0     -1      2

      0      0      0      0      4
      0     -1      1      0      0
      0     -1      0      1     -1
     -1      0      0      0     -1
      2      1      0      1      1

      1      0      0      0      0
      0      1      0      0      1
      1      0      0     -1      0
      0      1      3      0     -2
      0      0      0      0      0

      0     -1     -1     -1      0
     -1      0      1      1      0
      0      0      0     -2      0
     -1      1      2      0      0
      0      0     -1      0      0

      1      0      0     -1      0
      2      0      0      0      0
      1      0     -1      0      0
     -1      0      0      0      0
      0      0      0     -1      0

     -1      2      2     -2      0
     -1      0     -2     -1     -1
      0     -1      3      1     -1
      2      0     -1      2      1
     -2      0     -2      0      0

     -1      0      0      0     -1
     -1      0     -2      0      3
      0     -1      0      0      0
     -4     -1     -1      3      0
      0      0     -3      0     -2

