;
; ENVI ASCII Output of file: E:\Imaging\ROI_AVIRIS_TestSet\5_3_5.img [Wed Dec 06 10:47:11 2017]
; File Dimensions: 5 samples x 5 lines x 224 bands
; Line Format    : (5i7)
;
    479    467    466    466    466
    489    467    456    484    466
    471    476    480    472    476
    471    476    452    452    491
    495    453    453    452    491

    558    552    574    564    563
    552    554    554    564    559
    562    568    562    542    559
    562    568    540    540    582
    574    560    560    540    582

    608    606    590    610    602
    607    601    591    605    610
    605    593    601    612    612
    605    593    611    611    602
    625    596    596    611    602

    772    754    775    762    766
    780    768    777    779    767
    794    783    779    757    777
    794    783    756    756    753
    773    766    766    756    753

   1132   1128   1120   1116   1128
   1150   1132   1128   1127   1142
   1159   1132   1122   1120   1136
   1159   1132   1123   1123   1119
   1155   1135   1135   1123   1119

   1212   1201   1180   1181   1187
   1211   1188   1176   1190   1191
   1204   1186   1186   1185   1195
   1204   1186   1183   1183   1183
   1237   1190   1190   1183   1183

   1155   1131   1119   1125   1130
   1147   1140   1120   1135   1137
   1149   1129   1123   1130   1134
   1149   1129   1127   1127   1112
   1159   1142   1142   1127   1112

   1062   1054   1037   1041   1046
   1071   1050   1040   1058   1058
   1068   1055   1048   1051   1061
   1068   1055   1034   1034   1042
   1075   1048   1048   1034   1042

   1172   1154   1147   1140   1150
   1165   1139   1136   1154   1148
   1166   1145   1153   1148   1162
   1166   1145   1134   1134   1140
   1184   1157   1157   1134   1140

   1201   1178   1173   1162   1176
   1191   1172   1173   1182   1189
   1200   1187   1175   1172   1179
   1200   1187   1165   1165   1165
   1204   1190   1190   1165   1165

   1164   1150   1134   1142   1148
   1154   1150   1132   1147   1150
   1165   1157   1143   1151   1160
   1165   1157   1143   1143   1137
   1164   1158   1158   1143   1137

   1096   1076   1073   1077   1078
   1086   1080   1073   1078   1089
   1093   1085   1076   1078   1090
   1093   1085   1076   1076   1068
   1102   1088   1088   1076   1068

   1032   1020   1010   1010   1019
   1034   1020   1017   1026   1027
   1035   1027   1023   1027   1029
   1035   1027   1018   1018   1014
   1049   1029   1029   1018   1014

    939    925    924    924    929
    927    931    921    927    937
    936    932    933    931    933
    936    932    924    924    922
    948    926    926    924    922

    854    849    844    838    853
    849    846    842    855    858
    853    857    853    853    863
    853    857    845    845    844
    862    853    853    845    844

    761    754    751    751    759
    752    757    756    758    762
    765    758    764    761    766
    765    758    757    757    753
    773    764    764    757    753

    675    668    670    670    671
    676    670    672    674    675
    674    669    673    679    679
    674    669    672    672    666
    682    677    677    672    666

    642    638    639    636    639
    641    638    642    643    644
    641    641    645    647    649
    641    641    640    640    640
    650    643    643    640    640

    607    607    606    600    606
    605    605    611    610    611
    607    612    616    614    618
    607    612    607    607    613
    618    609    609    607    613

    568    562    559    567    561
    569    572    567    571    577
    576    575    573    577    576
    576    575    569    569    572
    573    564    564    569    572

    522    523    522    522    519
    519    524    523    526    526
    523    527    530    531    531
    523    527    522    522    526
    526    524    524    522    526

    483    481    482    481    485
    483    479    484    482    487
    481    490    487    488    494
    481    490    484    484    483
    485    479    479    484    483

    449    446    448    446    448
    446    447    449    452    452
    447    455    453    453    465
    447    455    450    450    455
    453    448    448    450    455

    401    395    394    400    398
    401    402    401    406    409
    399    405    405    406    410
    399    405    402    402    403
    399    402    402    402    403

    373    374    373    373    374
    368    373    371    381    379
    376    379    376    381    384
    376    379    374    374    378
    378    374    374    374    378

    361    356    363    359    354
    357    363    361    360    366
    360    363    369    371    372
    360    363    366    366    366
    365    359    359    366    366

    333    336    335    331    335
    331    335    335    338    338
    332    341    345    341    350
    332    341    335    335    338
    345    335    335    335    338

    306    308    308    307    311
    307    313    309    315    312
    313    316    317    316    319
    313    316    313    313    317
    316    310    310    313    317

    298    298    299    294    296
    293    295    299    300    298
    302    306    303    304    308
    302    306    299    299    304
    302    298    298    299    304

    271    275    275    273    272
    274    276    275    277    279
    280    279    280    279    284
    280    279    276    276    280
    276    276    276    276    280

    261    259    259    257    255
    257    264    260    264    266
    263    266    268    263    266
    263    266    258    258    265
    262    261    261    258    265

    253    253    257    256    255
    253    258    257    260    259
    258    256    262    262    263
    258    256    257    257    259
    254    253    253    257    259

    252    252    256    248    253
    252    256    254    259    257
    256    257    262    260    261
    256    257    261    261    255
    256    251    251    261    255

    253    254    258    255    254
    254    260    256    259    259
    257    257    263    262    262
    257    257    257    257    259
    254    254    254    257    259

    236    236    239    235    237
    237    236    242    245    238
    239    242    244    249    243
    239    242    243    243    237
    239    234    234    243    237

    210    209    215    206    206
    206    219    211    217    213
    212    219    221    222    218
    212    219    215    215    212
    207    211    211    215    212

    184    190    191    181    184
    183    190    185    189    187
    185    188    193    192    187
    185    188    191    191    186
    186    185    185    191    186

    177    180    181    176    176
    173    185    177    177    180
    179    184    189    186    182
    179    184    181    181    180
    177    175    175    181    180

    158    163    168    160    162
    159    169    160    159    166
    160    168    170    169    162
    160    168    165    165    160
    159    164    164    165    160

    124    128    129    120    123
    123    133    125    123    128
    125    130    131    134    125
    125    130    128    128    128
    125    125    125    128    128

    136    134    137    127    132
    135    143    133    133    135
    133    139    143    141    135
    133    139    136    136    133
    134    134    134    136    133

    147    146    152    141    145
    147    157    142    144    146
    145    152    153    155    145
    145    152    149    149    147
    144    148    148    149    147

    149    149    151    141    145
    149    158    145    145    148
    146    155    156    155    147
    146    155    146    146    148
    144    150    150    146    148

     90     89     93     88     87
     89     97     87     89     87
     87     93     96     93     86
     87     93     90     90     88
     89     90     90     90     88

    117    117    119    111    113
    116    128    111    113    116
    113    121    125    119    115
    113    121    117    117    116
    114    117    117    117    116

    123    124    125    117    118
    127    135    117    118    124
    119    130    129    127    119
    119    130    121    121    123
    119    123    123    121    123

    113    113    115    107    107
    113    122    107    107    110
    107    119    119    119    110
    107    119    113    113    111
    110    115    115    113    111

    106    106    109     99     99
    105    117    102    101    101
    102    110    113    107    101
    102    110    103    103    104
    103    107    107    103    104

     94     97    100     88     90
     96    104     94     92     93
     91    102    104    102     91
     91    102     93     93     94
     93     98     98     93     94

     76     78     78     72     71
     80     87     73     73     77
     73     79     82     80     74
     73     79     74     74     76
     73     77     77     74     76

     75     78     80     71     72
     79     89     75     72     74
     74     83     79     80     75
     74     83     74     74     74
     74     77     77     74     74

     80     83     86     74     76
     82     91     75     76     81
     77     86     88     84     77
     77     86     80     80     78
     79     83     83     80     78

     85     87     90     79     81
     89     98     83     82     85
     81     91     95     91     81
     81     91     85     85     85
     80     90     90     85     85

     80     83     85     77     75
     82     91     75     74     79
     76     85     88     87     76
     76     85     77     77     78
     77     83     83     77     78

     80     81     82     72     73
     82     91     75     74     79
     76     85     87     83     76
     76     85     76     76     76
     74     82     82     76     76

     73     75     80     67     69
     77     86     70     67     73
     69     80     82     80     67
     69     80     72     72     72
     71     77     77     72     72

     70     71     73     65     66
     72     84     66     64     71
     66     76     76     74     65
     66     76     68     68     68
     67     75     75     68     68

     56     56     56     51     51
     56     65     52     51     54
     52     58     60     56     49
     52     58     52     52     56
     50     58     58     52     56

     49     46     49     41     44
     49     55     42     43     45
     44     51     52     50     44
     44     51     45     45     45
     42     49     49     45     45

     43     42     44     38     39
     43     51     40     37     41
     39     48     47     45     38
     39     48     40     40     40
     40     46     46     40     40

     39     39     39     35     32
     39     46     36     35     36
     37     42     42     40     33
     37     42     35     35     37
     36     41     41     35     37

     27     25     22     24     22
     25     31     24     22     24
     25     28     28     28     23
     25     28     26     26     21
     23     29     29     26     21

     18     17     16     15     14
     18     20     16     15     15
     16     19     18     17     15
     16     19     17     17     15
     16     19     19     17     15

     19     19     20     17     16
     20     24     16     18     17
     18     24     21     20     16
     18     24     18     18     18
     19     21     21     18     18

     31     32     33     29     30
     33     39     31     28     31
     30     35     35     34     29
     30     35     31     31     30
     29     34     34     31     30

     37     36     39     32     33
     38     45     33     33     36
     36     41     41     41     33
     36     41     35     35     35
     34     39     39     35     35

     44     43     46     37     38
     44     53     39     38     43
     40     46     49     45     37
     40     46     40     40     41
     40     45     45     40     41

     46     46     49     41     39
     47     56     41     39     45
     42     52     51     47     39
     42     52     42     42     43
     41     49     49     42     43

     44     47     47     39     39
     49     56     40     37     42
     41     50     50     46     38
     41     50     41     41     43
     42     47     47     41     43

     43     45     47     38     39
     48     55     40     39     42
     40     49     49     47     37
     40     49     40     40     42
     40     47     47     40     42

     43     42     45     36     38
     46     53     37     36     41
     39     47     48     46     37
     39     47     39     39     41
     39     45     45     39     41

     38     40     43     34     35
     42     50     34     34     38
     36     44     45     42     33
     36     44     36     36     38
     35     43     43     36     38

     38     41     44     33     33
     43     49     34     34     37
     35     44     45     41     34
     35     44     36     36     39
     36     42     42     36     39

     37     37     40     32     32
     39     47     32     31     34
     32     41     41     39     29
     32     41     33     33     35
     33     40     40     33     35

     35     37     39     31     32
     38     46     31     31     35
     33     42     42     38     30
     33     42     33     33     35
     31     38     38     33     35

     33     34     36     29     29
     36     42     28     26     32
     29     35     37     35     28
     29     35     29     29     31
     30     34     34     29     31

     30     31     33     26     26
     33     39     26     25     29
     27     33     34     32     25
     27     33     27     27     29
     27     32     32     27     29

     27     27     29     23     24
     30     37     25     23     26
     25     30     30     29     23
     25     30     25     25     26
     25     30     30     25     26

     21     23     24     17     18
     22     28     19     17     19
     19     25     25     23     19
     19     25     19     19     21
     19     22     22     19     21

     12     13     14     11     11
     15     17     11     10     12
     11     14     15     14     11
     11     14     12     12     10
     12     12     12     12     10

      6      6      5      5      3
      5      7      4      4      4
      5      4      6      5      4
      5      4      5      5      4
      5      6      6      5      4

      4      4      3      3      4
      5      4      3      4      4
      4      5      3      5      4
      4      5      4      4      3
      4      5      5      4      3

      6      7      6      6      4
      5      7      5      5      5
      5      7      6      7      5
      5      7      6      6      4
      4      8      8      6      4

      6      5      5      5      5
      6      7      6      5      5
      5      7      6      5      5
      5      7      5      5      5
      4      7      7      5      5

      9      9      9      7      6
      8     11      6      7      7
      8      9      9      7      8
      8      9      7      7      6
      7      9      9      7      6

     14     14     15     11     11
     14     20     13     12     14
     12     16     17     15     11
     12     16     12     12     13
     13     16     16     12     13

     17     18     19     14     13
     18     24     14     12     16
     14     18     19     18     13
     14     18     14     14     16
     14     18     18     14     16

     15     15     16     12     14
     16     21     13     12     13
     12     17     19     16     13
     12     17     14     14     15
     14     17     17     14     15

     16     17     17     13     13
     18     23     14     13     14
     13     19     19     17     12
     13     19     13     13     15
     14     18     18     13     15

     12     14     14     11     12
     16     18     12     11     11
     11     15     16     15     10
     11     15     11     11     13
     12     16     16     11     13

     16     17     17     12     12
     16     23     14     12     14
     14     19     18     16     12
     14     19     13     13     15
     13     17     17     13     15

     16     17     18     12     13
     17     23     13     13     14
     14     20     19     18     12
     14     20     14     14     14
     13     18     18     14     14

     18     18     21     13     14
     19     23     15     13     17
     14     22     20     19     13
     14     22     16     16     16
     15     20     20     16     16

     18     19     21     13     14
     21     25     14     13     15
     14     19     20     19     13
     14     19     13     13     15
     15     19     19     13     15

     16     17     18     13     13
     17     21     13     11     14
     14     18     18     17     13
     14     18     13     13     16
     14     19     19     13     16

     15     16     17     12     12
     16     23     12     11     14
     12     17     17     16     12
     12     17     12     12     14
     12     17     17     12     14

     16     17     18     13     13
     17     22     13     11     14
     14     18     18     17     13
     14     18     13     13     16
     14     19     19     13     16

     13     17     13     13     15
     10     13     14     19     12
     15     13     14     13     11
     15     13     15     15     13
     18     16     16     15     13

     18     13     16     13     17
     16     17     12     11     13
     11     15     18     11     13
     11     15     18     18     14
     17     18     18     18     14

     15     14     15     16     15
     12     15     12     14     12
     15     13     14     16     17
     15     13     13     13     14
     18     16     16     13     14

     16     14     17     14     13
     15     17     15     14     11
     15     14     15     12     15
     15     14     12     12     13
     18     17     17     12     13

     13      9     11     13     11
     12     12     11     12     14
      9     10     13     10     11
      9     10     10     10     11
     11     11     11     10     11

      7     10     10     10     11
      9     11     10     11      7
     10      9      8      8     11
     10      9      7      7     10
      9     10     10      7     10

     10      9     12     11      7
      6     15     19     12      2
     57     62     66     62     55
     57     62      1      1      9
      3      7      7      1      9

      6      5      3      5      7
      6      6      3      7      5
      4      6      4      5      4
      4      6      4      4      4
      5      5      5      4      4

      1      1      3      2      5
      3      4      1      3      3
      1      0      2      3      3
      1      0      3      3      1
      4      5      5      3      1

      0      0      1      2      1
      0      0      0      2     -1
      0      0      1      2      0
      0      0      0      0      0
      0      0      0      0      0

      0      0      1      1      0
     -1      1      0      0     -1
      0     -1      0      1     -1
      0     -1      0      0      0
      0      1      1      0      0

      2     -2      0      1      0
     -1     -1     -1      1     -1
      1     -1     -3      0      0
      1     -1     -2     -2      0
     -2      0      0     -2      0

      0      0     -2      0      0
      1      0      1      1      0
      0      2      1      0     -1
      0      2      1      1      0
      0      1      1      1      0

      0      3      3      6      3
      0      7      1      5      3
      1      4     -1     -1      0
      1      4      1      1      1
      0      0      0      1      1

      1     -1     -1     -4      2
     -2      0      0      1     -2
      1      1      1      0      0
      1      1      1      1      4
      1      3      3      1      4

      2      1      1      0     -1
     -3      3     -1      3      0
      1      0      0      2      0
      1      0     -2     -2      0
     -1      0      0     -2      0

      1      2      3      1      0
      1      3      0      3      0
     -1      0      0      1      2
     -1      0     -1     -1      3
      1      0      0     -1      3

      0      1      3      1      0
      0      2      1      2      2
      0      1      0      0     -1
      0      1      2      2      0
      0      0      0      2      0

      1      3      3      1      0
     -1      1      1      4     -1
      1      1      0      0      0
      1      1      1      1      1
      2      2      2      1      1

      4      5      2      4      2
      2      3      3      4      3
      2      4      5      3      5
      2      4      1      1      2
      3      5      5      1      2

      4      4      5      4      3
      1      5      2      4      1
      4      2      3      3      1
      4      2      0      0      6
      5      2      2      0      6

      3      4      3      2      3
      1      2      0      3      3
      2      2      3      3      2
      2      2      2      2      3
      2      3      3      2      3

      4      2      2      5      3
      5      5      2      4      1
      4      2      1      2      2
      4      2      5      5      4
      5      1      1      5      4

      7      6      6      7      7
      7      9      5      5      8
      5      6      8      6      6
      5      6      6      6      5
      6      8      8      6      5

     10      8     11     10      9
      9     10      7     11      8
      8      9      8      7      7
      8      9     10     10      9
      9     11     11     10      9

     11     10     12     12      8
     11     14     11     13     13
     11     11     11     11     11
     11     11     10     10     11
     10     11     11     10     11

     14     12     13     12     13
     11     13     10     13     11
     12     13     12     15     14
     12     13     12     12     13
     12     12     12     12     13

     12     13     12     13     11
     10     13     10     13     12
     13     11     11     14     14
     13     11     16     16     11
     11     14     14     16     11

     14     12     15     14     14
     14     14     11     15     14
     14     12     17     13     12
     14     12     13     13     12
     13     16     16     13     12

     13     13     11     13     12
     13     16     11     13     13
     13     13     13     12     15
     13     13     13     13     13
     13     14     14     13     13

     13     12     13     12     15
     12     11     12     13     10
     13     13     12     14     13
     13     13     12     12     12
     14     13     13     12     12

     11     12     11     11     12
      8     13     13     12     10
     11     12     10     13     12
     11     12     10     10     10
     11     12     12     10     10

     11     10      9     10     11
      9     10     11     11      9
      9     13     13     12     11
      9     13     10     10     12
     11     11     11     10     12

     13     13     10     12     12
     11     11     11     11      9
     11     11     11     11     12
     11     11     11     11     12
     12     11     11     11     12

     12     10     10      9      9
     11     12     10     12     10
     10     10      9      8     11
     10     10      8      8      9
     11     11     11      8      9

     12     11      9     11     10
      9     11     11     12     11
     11     10     11     12     11
     11     10      8      8      9
     11      9      9      8      9

     12     12     10     12     10
     11     11     10     11      9
      9     11     11     10     12
      9     11     10     10     11
     10     12     12     10     11

     11     10      9      9     10
     11     12     11     11      8
     10     12     10     11     10
     10     12      9      9     10
      9     11     11      9     10

      9      8     10     11      8
      8     10      8     10     10
      8     11      8     10      8
      8     11      7      7      9
     10     10     10      7      9

      9      9      9     10      8
      9     10      8     11      8
      8      9     10     10      9
      8      9      9      9      8
      9     10     10      9      8

      8      9      8      9     11
      9     10      8     12      9
      9      9      8      9      9
      9      9      8      8      8
      9      9      9      8      8

      8      9      9     10      9
      8      8      8      9      9
      8     10      5      8      8
      8     10     10     10      9
      8      9      9     10      9

     10      8     10      8      9
      9      9      9     10      9
      9      8      8      9     10
      9      8      9      9      8
      8      9      9      9      8

     10     10      8      8      8
      9     10      8      9      8
      8      6      8      8     10
      8      6      6      6      9
      8      9      9      6      9

      7      9      8      9      8
      8      8      9      8     10
      7      8      8      8      9
      7      8      8      8      7
      8      8      8      8      7

      7      7      8      8      7
      7      6      7      6      6
      6      9      6      7      7
      6      9      6      6      7
     11      9      9      6      7

      7      8      6      7      6
      6      8      7      8      5
      5      6      7      8      6
      5      6      5      5      8
      6      8      8      5      8

      6      6      4      7      6
      6      7      6      6      5
      6      7      4      8      5
      6      7      6      6      5
      5      7      7      6      5

      4      6      7      5      5
      4      6      4      4      4
      4      4      5      5      5
      4      4      6      6      6
      5      7      7      6      6

      5      6      4      6      4
      3      5      6      6      5
      5      6      6      5      5
      5      6      5      5      5
      6      6      6      5      5

      4      4      4      2      5
      5      5      4      4      5
      6      5      3      5      5
      6      5      5      5      3
      5      6      6      5      3

      4      5      4      4      3
      3      2      1      2      3
      4      3      4      4      5
      4      3      1      1      4
      4      4      4      1      4

      2      2      4      2      2
      2      2      3      2      3
      1      2      3      2      4
      1      2      2      2      1
      5      4      4      2      1

      2      0      3      2      4
      1      2      0      3      0
      3      2      1      2      1
      3      2      0      0      1
      1      2      2      0      1

      2      1      1      0      1
      0      1      1      0      0
      2      3      1      0      0
      2      3      0      0      1
      1      3      3      0      1

      0      0      0      0      1
      1      0     -1      0      0
      0      0      0      0      0
      0      0      0      0      0
      0      0      0      0      0

      0      0      2      0      0
      0      1     -1      1      0
      0      0      1      0      2
      0      0      0      0      0
      1      2      2      0      0

      0      0     -1      0      0
      0      0      0      1      0
     -2      0      1      3      0
     -2      0      1      1      0
      1      1      1      1      0

      0      0      1      0      1
     -1      2      0      0      0
      0     -1      1      0     -1
      0     -1      1      1      0
      0      1      1      1      0

     -1      1      0      0      0
      0      0     -1      0      1
      1      1      0      1      0
      1      1     -1     -1      0
     -1      1      1     -1      0

      0      2      1      0      0
     -1      3     -1      1      0
      0     -1      0      2      0
      0     -1      0      0      0
      0      0      0      0      0

      0      0      1     -2      0
      0      0     -2      0      0
     -1      1      0      1      0
     -1      1     -3     -3      0
      2      1      1     -3      0

      2      2      0      0      1
      0      3     -2      0     -2
      0      1      0      0      0
      0      1      0      0      1
      0      2      2      0      1

      0     -1     -1      0     -1
     -1      0      0     -1      0
      1     -1     -1      0     -1
      1     -1      0      0      0
      2      0      0      0      0

      0      0      0      0     -1
     -1      0     -1     -1      1
      1      0      0      0      0
      1      0      0      0      0
      0      0      0      0      0

      0      0      0     -1     -2
      0     -1      0     -1      0
      0      0      0      0     -1
      0      0      0      0      0
      1      0      0      0      0

      0      0     -1      0     -2
     -1      1      1      0      0
      2     -1      0      0     -1
      2     -1      0      0      0
      0     -1     -1      0      0

     -1      2     -1      0      0
     -1     -1      0     -1      1
      1      0      0      0     -1
      1      0      0      0     -1
      0     -1     -1      0     -1

     -1      0      0      0      0
     -1      0      0      0      0
      0      0      0      0     -2
      0      0      1      1      0
      0      1      1      1      0

      0      0      0      1      0
      1      0     -1      0      0
      0     -1      0      0     -1
      0     -1      0      0      0
      1      0      0      0      0

     -1      0     -3      0      0
      0      0      0     -2     -1
      0     -1      0      0      0
      0     -1      0      0      0
      0      0      0      0      0

      0      0      0      0      0
      0      1      0      0      0
      0      0     -1      0      0
      0      0      0      0      0
      0      0      0      0      0

      0      0      0     -1      0
      1      1      0     -1      0
      0      0     -1     -1      0
      0      0      0      0      0
      1      0      0      0      0

      0      1      2      1      1
      1      3      1      1      0
      1      0      0      1      0
      1      0      1      1      2
      2      0      0      1      2

      2      3      2      2      1
      2      3      1      1      2
      3      2      1      3      2
      3      2      3      3      3
      4      2      2      3      3

      2      2      1      3      4
      4      4      3      3      4
      3      2      3      3      3
      3      2      2      2      1
      5      3      3      2      1

      1      1      2      0      2
      2      2      1      2      2
      3      0      1      3      1
      3      0      2      2      1
      1      1      1      2      1

      0      1      0      0      0
      2      0      0      0      1
      1      0      0      1      0
      1      0      0      0      0
      0     -1     -1      0      0

      2      0      1      1      0
      1      1      2      0      1
      1      2      1      2      0
      1      2      1      1      1
      2      1      1      1      1

      2      3      3      2      2
      3      3      4      2      4
      4      3      3      3      1
      4      3      4      4      3
      5      2      2      4      3

      5      4      4      3      2
      4      3      4      5      4
      4      4      3      5      3
      4      4      5      5      3
      5      5      5      5      3

      4      4      3      3      2
      3      4      4      4      4
      2      2      4      5      3
      2      2      1      1      2
      4      3      3      1      2

      2      4      1      2      1
      3      1      2      2      3
      3      1      2      3      2
      3      1      2      2      2
      3      2      2      2      2

      3      4      3      1      3
      2      3      3      3      3
      3      3      1      3      1
      3      3      3      3      3
      3      3      3      3      3

      3      4      4      3      5
      4      4      3      4      3
      5      2      3      5      3
      5      2      3      3      3
      4      4      4      3      3

      4      5      4      4      3
      4      2      5      3      4
      4      2      2      2      3
      4      2      3      3      3
      4      3      3      3      3

      4      4      4      5      4
      4      4      6      5      5
      7      4      4      5      4
      7      4      7      7      2
      3      4      4      7      2

      4      5      4      4      2
      4      5      3      4      4
      4      3      3      5      4
      4      3      4      4      4
      5      4      4      4      4

      5      4      3      3      3
      4      3      5      4      4
      4      2      3      6      3
      4      2      5      5      5
      4      4      4      5      5

      3      4      5      3      3
      3      4      3      4      4
      4      4      3      6      3
      4      4      5      5      4
      4      4      4      5      4

      3      3      3      5      3
      4      3      3      5      4
      5      4      3      6      4
      5      4      5      5      3
      5      3      3      5      3

      3      4      3      2      3
      4      3      6      4      4
      3      2      4      4      2
      3      2      4      4      2
      5      3      3      4      2

      3      2      2      2      2
      4      3      4      3      3
      4      4      3      4      4
      4      4      3      3      3
      4      3      3      3      3

      4      3      3      2      3
      3      4      4      4      3
      5      2      3      3      1
      5      2      5      5      0
      4      4      4      5      0

      2      4      3      3      2
      3      3      3      3      3
      4      3      3      4      2
      4      3      6      6      3
      3      2      2      6      3

      1      2      1      3      3
      4      2      3      3      4
      4      2      2      4      2
      4      2      3      3      2
      4      3      3      3      2

      4      2      1      3      2
      3      4      3      2      2
      4      4      2      4      3
      4      4      2      2      4
      3      2      2      2      4

      2      2      1      3      4
      4      2      3      2      4
      3      3      3      3      1
      3      3      2      2      2
      3      2      2      2      2

      5      4      4      2      4
      3      2      1      3      2
      4      3      3      4      3
      4      3      4      4      2
      3      3      3      4      2

      3      2      3      3      2
      4      4      3      3      4
      4      2      3      4      1
      4      2      1      1      4
      5      2      2      1      4

      2      1      2      3      2
      3      2      3      2      2
      4      5      3      4      3
      4      5      3      3      2
      4      2      2      3      2

      3      3      5      5      3
      3      4      3      2      3
      5      3      3      3      2
      5      3      1      1      2
      2      2      2      1      2

      1      2      3      1      2
      3      3      2      2      3
      2      4      3      4      1
      2      4      2      2      2
      3      4      4      2      2

      3      4      3      3      3
      3      4      3      2      3
      4      2      1      2      2
      4      2      3      3      3
      3      2      2      3      3

      0      3      2      3      2
      2      3      3      2      3
      3      4      2      2      1
      3      4      4      4      2
      3      2      2      4      2

      0      2      2      3      1
      4      1      2      1      0
      4      3      1      1      1
      4      3      3      3      1
      3      1      1      3      1

      0      1      2      2      1
      3      2      2      0      2
      4      1      2      3      1
      4      1      0      0      0
      2      2      2      0      0

      3      4      1      5      0
      4      2      3      1      1
      3      2      2      2      1
      3      2      0      0      2
      4      2      2      0      2

      1      3      0      1      2
      2      1      3      1      1
      1      1      3      4     -1
      1      1      3      3      2
      1      3      3      3      2

      0      1      1      0      0
      1      1      3      1      2
      2      1      2      2      1
      2      1      2      2      3
      2      1      1      2      3

      0      4      2      1      1
      3      1      3      1      3
      1      1      2      0      0
      1      1      2      2      1
      2      1      1      2      1

      2      0      0      2      2
      1      3      2      0      1
      1      4      0     -1      0
      1      4      1      1      0
      1      1      1      1      0

      0      2      1      0      0
      0      0      0      0      2
      4      3      1      2      1
      4      3      1      1      0
      1      1      1      1      0

      1      0      0      0      2
      1      3      4      0      0
      1      0      1      2      1
      1      0      0      0      0
      2      0      0      0      0

     -1      0      1      0      0
      1      0      2      0      2
      1      0     -1      2      0
      1      0      1      1      0
      4      0      0      1      0

      1      0      2      0      0
      2      0      0      0      0
      2      0      0      3      0
      2      0      0      0      0
      0      1      1      0      0

      4      0      1      0      1
      3      2      1      0      3
      3      1      0      2     -1
      3      1      3      3      2
      2      1      1      3      2

      1      0      1     -1      0
      3      1      3      3      0
      0      0     -1      1     -1
      0      0      0      0      0
      0      0      0      0      0

      2      2      0      0      0
     -1      0      0     -1      0
      0      0      2      1      0
      0      0      2      2      1
      1      1      1      2      1

      3     -3      2      1     -1
      0      1      1     -1      1
      0      0      0     -1      0
      0      0      0      0      0
      1      0      0      0      0

     -2      2      0      0     -1
      3      1      3      0     -2
      3      0      0      0     -1
      3      0      3      3     -2
     -1     -1     -1      3     -2

     -3      1      1      1      0
      0     -1      0     -1      0
      1      0      0      0      0
      1      0      0      0      0
      0      0      0      0      0

     -2      0      0      0      0
      0      1      0     -1      0
      1      0     -2      2      0
      1      0      2      2      1
      2      0      0      2      1

      1     -1     -1      1     -1
      3      3      0     -2      1
      2      0     -1      0      0
      2      0      0      0      0
      2     -1     -1      0      0

     -1     -3      0      0      2
      2      0      2     -1      0
      1     -1      0      5      0
      1     -1      0      0      0
      1      0      0      0      0

      0      1     -1      0      0
     -1     -1      0     -1      1
      1     -1     -4     -2     -1
      1     -1      0      0      0
      1     -3     -3      0      0

     -1     -3      0      2     -1
      0      0      1      0     -1
      0     -1     -1      0     -3
      0     -1      0      0      0
      2      0      0      0      0

