;
; ENVI ASCII Output of file: E:\Imaging\ROI_AVIRIS\5_3_7.img [Fri Nov 17 12:03:30 2017]
; File Dimensions: 5 samples x 5 lines x 224 bands
; Line Format    : (5i7)
;
    487    487    493    473    488
    468    488    481    471    476
    468    475    500    488    470
    484    475    500    488    461
    463    461    486    472    461

    566    566    558    577    570
    556    565    570    545    567
    556    566    586    589    578
    563    566    586    589    555
    558    562    577    572    555

    624    624    619    624    631
    585    605    617    619    627
    585    607    614    620    614
    619    607    614    620    614
    602    595    619    619    614

    794    794    776    768    791
    777    769    789    776    791
    777    758    781    775    786
    758    758    781    775    766
    774    768    768    785    766

   1170   1170   1162   1163   1173
   1140   1135   1154   1157   1152
   1140   1126   1134   1151   1154
   1132   1126   1134   1151   1145
   1144   1139   1148   1123   1145

   1232   1232   1221   1212   1226
   1208   1202   1215   1225   1227
   1208   1196   1184   1210   1216
   1199   1196   1184   1210   1207
   1198   1207   1206   1209   1207

   1165   1165   1149   1159   1162
   1144   1132   1149   1147   1157
   1144   1118   1124   1142   1139
   1132   1118   1124   1142   1138
   1141   1144   1138   1138   1138

   1080   1080   1069   1062   1072
   1063   1054   1064   1071   1070
   1063   1034   1052   1055   1064
   1055   1034   1052   1055   1051
   1053   1070   1065   1058   1051

   1172   1172   1169   1157   1164
   1154   1151   1154   1164   1166
   1154   1138   1146   1153   1161
   1141   1138   1146   1153   1149
   1151   1153   1156   1142   1149

   1192   1192   1196   1179   1183
   1175   1163   1188   1185   1191
   1175   1154   1159   1175   1174
   1171   1154   1159   1175   1178
   1174   1182   1178   1171   1178

   1159   1159   1158   1151   1153
   1146   1149   1154   1162   1153
   1146   1136   1140   1148   1157
   1143   1136   1140   1148   1147
   1151   1145   1145   1146   1147

   1094   1094   1095   1084   1088
   1080   1074   1080   1086   1089
   1080   1067   1073   1072   1090
   1079   1067   1073   1072   1079
   1081   1080   1086   1074   1079

   1037   1037   1030   1033   1029
   1031   1029   1028   1025   1030
   1031   1021   1013   1022   1032
   1021   1021   1013   1022   1030
   1025   1028   1024   1025   1030

    937    937    933    933    924
    937    940    930    932    922
    937    918    924    927    927
    932    918    924    927    932
    933    932    933    935    932

    852    852    860    843    842
    851    853    857    849    846
    851    850    856    847    848
    852    850    856    847    851
    851    851    855    854    851

    757    757    756    755    750
    759    762    755    753    750
    759    760    768    754    751
    767    760    768    754    766
    753    759    763    764    766

    674    674    679    669    662
    679    685    671    666    663
    679    684    680    673    667
    678    684    680    673    678
    672    673    682    682    678

    643    643    647    636    629
    645    651    642    636    630
    645    654    650    642    636
    649    654    650    642    649
    640    642    650    650    649

    611    611    615    602    595
    610    617    612    606    596
    610    622    619    610    604
    619    622    619    610    619
    607    611    617    618    619

    571    571    572    561    555
    574    580    567    556    558
    574    586    586    569    563
    585    586    586    569    577
    575    575    580    580    577

    520    520    529    518    511
    526    534    526    516    512
    526    542    542    524    521
    537    542    542    524    539
    532    531    535    535    539

    483    483    483    475    470
    488    495    486    475    470
    488    505    498    486    478
    500    505    498    486    492
    486    490    496    495    492

    447    447    449    442    435
    456    462    452    442    442
    456    471    465    449    447
    471    471    465    449    460
    453    460    466    460    460

    400    400    399    391    392
    408    415    404    391    389
    408    422    419    405    398
    420    422    419    405    409
    408    410    412    414    409

    374    374    379    369    362
    386    385    375    364    364
    386    399    392    378    372
    390    399    392    378    387
    376    383    385    386    387

    362    362    362    357    349
    372    377    363    353    349
    372    385    379    366    357
    378    385    379    366    373
    371    374    377    374    373

    336    336    337    330    323
    347    351    337    329    325
    347    361    356    339    334
    356    361    356    339    347
    346    349    353    353    347

    312    312    309    306    303
    328    321    316    305    303
    328    337    331    310    312
    330    337    331    310    323
    322    322    330    326    323

    299    299    298    295    284
    311    311    300    290    288
    311    323    314    301    297
    323    323    314    301    313
    306    308    313    315    313

    280    280    277    271    267
    289    288    278    274    268
    289    299    293    279    272
    296    299    293    279    285
    289    284    290    293    285

    264    264    264    256    252
    272    273    264    254    255
    272    286    276    266    259
    285    286    276    266    274
    272    271    275    274    274

    256    256    258    252    252
    266    269    260    249    252
    266    281    274    259    257
    277    281    274    259    270
    268    269    271    272    270

    252    252    259    253    250
    266    266    258    251    249
    266    276    273    259    252
    276    276    273    259    268
    262    266    269    273    268

    256    256    256    252    252
    266    269    260    249    251
    266    282    274    259    256
    277    282    274    259    270
    267    267    271    272    270

    242    242    237    239    239
    247    253    243    232    236
    247    268    260    246    239
    265    268    260    246    254
    249    252    250    257    254

    213    213    210    211    209
    221    227    215    209    205
    221    236    229    217    210
    234    236    229    217    225
    221    218    223    230    225

    187    187    184    186    182
    195    198    187    184    180
    195    212    205    189    182
    208    212    205    189    198
    195    192    196    202    198

    179    179    176    177    175
    190    196    184    173    176
    190    205    196    184    176
    200    205    196    184    193
    187    187    190    198    193

    167    167    158    162    163
    172    176    167    158    161
    172    186    181    169    161
    181    186    181    169    176
    169    169    173    178    176

    131    131    122    125    129
    137    137    130    123    124
    137    149    140    129    124
    138    149    140    129    138
    130    130    134    137    138

    138    138    129    134    135
    144    148    139    132    135
    144    160    150    140    131
    154    160    150    140    145
    141    138    144    148    145

    151    151    142    150    146
    158    160    148    143    142
    158    173    166    155    143
    166    173    166    155    158
    159    150    158    163    158

    152    152    140    148    148
    160    160    152    143    145
    160    180    167    157    144
    169    180    167    157    161
    156    153    158    161    161

     91     91     83     87     89
     96     96     91     87     87
     96    109     99     92     88
    102    109     99     92     96
     94     92     96     98     96

    119    119    108    116    115
    129    129    119    111    114
    129    139    132    122    111
    130    139    132    122    124
    122    117    124    129    124

    127    127    112    120    120
    133    136    123    117    120
    133    151    141    130    117
    139    151    141    130    130
    128    122    131    136    130

    116    116    102    113    113
    121    124    114    108    106
    121    135    126    119    108
    128    135    126    119    121
    116    113    118    125    121

    109    109     95    104    105
    114    114    106     99    100
    114    128    117    110     98
    120    128    117    110    110
    109    104    113    116    110

    101    101     85     95     94
    104    106     93     90     94
    104    119    106    102     91
    107    119    106    102    102
    100     96    102    105    102

     81     81     67     74     73
     84     83     75     73     73
     84     93     84     80     72
     85     93     84     80     79
     79     75     81     84     79

     82     82     66     74     76
     87     85     76     74     73
     87     97     87     81     72
     89     97     87     81     82
     81     77     82     84     82

     85     85     72     78     82
     90     91     81     77     76
     90    103     93     86     75
     93    103     93     86     86
     86     81     87     90     86

     89     89     74     86     87
     96     96     86     80     84
     96    109     96     92     81
    100    109     96     92     92
     89     85     93     95     92

     86     86     70     79     83
     89     91     80     76     78
     89    102     92     86     75
     92    102     92     86     86
     84     80     85     89     86

     85     85     68     79     79
     89     90     79     75     76
     89    101     89     82     72
     93    101     89     82     85
     84     76     82     90     85

     80     80     63     74     74
     85     83     72     72     69
     85     95     85     79     71
     86     95     85     79     77
     78     74     77     84     77

     75     75     59     71     70
     82     81     70     67     66
     82     93     80     75     66
     83     93     80     75     75
     74     69     76     82     75

     59     59     46     53     56
     63     61     52     52     51
     63     73     61     58     51
     64     73     61     58     58
     57     53     58     60     58

     50     50     38     45     48
     52     53     46     44     44
     52     60     51     50     43
     54     60     51     50     49
     49     44     49     53     49

     46     46     34     41     43
     51     44     42     39     39
     51     52     45     44     38
     49     52     45     44     44
     43     41     45     46     44

     41     41     30     36     39
     44     40     34     35     37
     44     49     40     38     33
     40     49     40     38     37
     39     34     42     41     37

     27     27     19     24     26
     29     27     22     23     22
     29     32     24     23     24
     27     32     24     23     25
     26     25     30     27     25

     19     19     12     17     16
     19     16     15     15     13
     19     19     15     16     15
     18     19     15     16     15
     15     14     16     18     15

     20     20     15     18     19
     22     21     17     17     17
     22     25     19     19     17
     22     25     19     19     17
     19     17     20     20     17

     34     34     24     30     33
     37     35     27     30     30
     37     42     33     32     29
     37     42     33     32     31
     34     30     37     36     31

     43     43     28     35     40
     44     43     36     35     35
     44     50     40     39     33
     45     50     40     39     38
     40     35     42     41     38

     47     47     33     42     44
     52     49     41     38     39
     52     61     44     46     40
     53     61     44     46     46
     46     42     49     49     46

     52     52     35     44     46
     56     52     43     42     43
     56     65     51     49     42
     56     65     51     49     48
     49     44     51     54     48

     49     49     34     42     45
     54     49     42     40     40
     54     63     50     47     39
     55     63     50     47     47
     48     43     50     51     47

     49     49     34     42     44
     53     50     41     39     41
     53     62     50     47     38
     55     62     50     47     47
     46     42     48     50     47

     49     49     32     43     44
     53     48     41     38     40
     53     60     46     46     39
     53     60     46     46     43
     45     42     47     49     43

     45     45     29     38     41
     47     46     36     36     36
     47     57     44     43     34
     50     57     44     43     41
     44     38     44     46     41

     44     44     29     37     40
     49     45     37     35     37
     49     58     44     42     35
     51     58     44     42     41
     43     37     43     45     41

     40     40     26     35     38
     44     42     33     32     33
     44     55     40     40     33
     47     55     40     40     39
     39     35     40     43     39

     43     43     25     35     37
     44     42     34     32     33
     44     54     41     39     32
     45     54     41     39     37
     38     33     40     42     37

     38     38     22     32     32
     40     38     31     29     29
     40     47     34     35     28
     43     47     34     35     34
     35     31     35     38     34

     34     34     21     29     30
     37     35     28     26     28
     37     44     32     32     26
     39     44     32     32     31
     32     29     33     34     31

     31     31     19     26     28
     35     31     26     24     26
     35     42     30     30     24
     35     42     30     30     29
     28     26     31     30     29

     24     24     14     19     23
     26     24     19     18     18
     26     31     21     22     18
     27     31     21     22     21
     23     19     24     24     21

     14     14      9     12     13
     17     14     12     11     12
     17     17     13     13     11
     15     17     13     13     12
     14     12     14     14     12

      5      5      2      4      5
      6      5      4      5      3
      6      6      4      5      5
      4      6      4      5      5
      4      4      4      4      5

      4      4      3      4      3
      4      3      3      4      4
      4      5      2      3      3
      4      5      2      3      5
      4      3      5      3      5

      7      7      3      6      5
      7      5      4      4      5
      7      6      4      5      5
      5      6      4      5      5
      5      5      5      5      5

      6      6      3      4      6
      7      5      4      5      4
      7      6      4      5      4
      4      6      4      5      5
      4      4      6      5      5

      8      8      4      7      7
     10     10      7      7      6
     10     12      8      9      7
      9     12      8      9      7
      8      6      8      9      7

     17     17      8     13     14
     19     16     11     11     12
     19     21     14     13     12
     16     21     14     13     14
     13     13     15     15     14

     20     20     10     14     16
     21     18     13     14     15
     21     25     17     17     14
     21     25     17     17     17
     16     14     18     18     17

     17     17      8     14     14
     19     17     12     14     13
     19     24     15     15     13
     18     24     15     15     16
     16     13     17     16     16

     17     17      9     14     17
     20     18     14     13     14
     20     26     16     17     13
     20     26     16     17     16
     17     14     18     18     16

     15     15      8     12     14
     17     15     11     12     13
     17     20     13     16     12
     19     20     13     16     14
     14     12     16     16     14

     17     17      9     16     16
     20     17     15     13     13
     20     23     16     17     12
     19     23     16     17     16
     16     14     19     18     16

     21     21      9     15     17
     22     18     13     14     14
     22     25     17     17     13
     21     25     17     17     16
     17     14     18     18     16

     21     21      9     16     19
     23     21     16     16     17
     23     29     19     21     15
     22     29     19     21     18
     19     15     20     21     18

     21     21     10     16     18
     22     21     16     15     15
     22     27     17     19     15
     22     27     17     19     18
     19     16     20     20     18

     19     19      9     15     15
     20     19     14     14     15
     20     25     17     19     13
     20     25     17     19     16
     16     15     19     20     16

     18     18      8     14     16
     20     17     13     11     13
     20     21     15     16     11
     19     21     15     16     14
     15     13     16     16     14

     19     19      9     15     15
     20     19     14     14     15
     20     25     17     19     13
     20     25     17     19     16
     16     15     19     20     16

     15     15     17     16     11
     21     16      9     12     13
     21     18     22     10     16
     14     18     22     10     16
     19     15     17     15     16

     16     16     14     14     16
     15     16     16     16     19
     15     20     16     12     12
     18     20     16     12     19
     18     16     17     20     19

     14     14     11     14     11
     20     18     15     13     15
     20     17     20     15     18
     17     17     20     15     18
     18     17     16     16     18

     17     17     15     17     15
     16     15     20     13     18
     16     17     17     15     16
     17     17     17     15     16
     16     17     19     16     16

     14     14     12     13     11
     13     13     15     12     13
     13     15     16     11     14
     17     15     16     11     15
     15     12     15     16     15

     12     12      9     10      9
     12     11     11      8     11
     12     11     12      9     10
     12     11     12      9     13
     12     14     11     10     13

      6      6     17      0      5
      9     15      8     17     28
      9     -6      6    -20    -25
    -24     -6      6    -20    -19
      0     -6    -24    -20    -19

      6      6      5      5      5
      6      6      2      3      5
      6      6      6      4      6
      5      6      6      4      5
      5      5      7      5      5

      3      3      4      4      3
      4      2      2      2      1
      4      3      4      2      3
      4      3      4      2      6
      4      2      4      5      6

     -1     -1      0      2      0
      2      1      0      0      0
      2      0      0      0      1
      0      0      0      0      2
      0      1      0      0      2

      0      0     -1      0     -2
      0      0     -2      0      2
      0      0      0      0     -1
     -3      0      0      0      0
      0      0      2      0      0

      0      0      0      0      1
      0      1     -1     -1      0
      0      1      0      1      0
     -1      1      0      1      3
      0      2      0      1      3

      1      1      0      0      1
      0      0      0     -1      0
      0      1      0      1      0
      0      1      0      1      0
      1      0      0      0      0

     -1     -1     -2      1     -2
      3     -1      3      0      1
      3      3      9      3      3
      1      3      9      3      0
      0     -1     -2      2      0

     -2     -2      0      0     -2
      1      4      0     -1      1
      1      3      2      0      1
      0      3      2      0      3
     -1      0      0      0      3

      2      2      0      2     -1
      0     -2      0      0      1
      0      0      1      0     -1
      0      0      1      0     -2
      2      1      0     -1     -2

      2      2     -1      4      0
      2      2      2      2      0
      2      2      0      1      0
      3      2      0      1      1
      1      1      2     -3      1

      0      0      1      1     -1
      0      1     -3      0      1
      0      1      2      2      0
     -1      1      2      2      0
      3      1      1      2      0

      2      2      0      0      1
      0      0      1     -1      2
      0      2      3      1      0
      1      2      3      1      3
      2      0      0      2      3

      0      0      2      5      0
      1      2      0      0      1
      1      4      4      0      3
     -1      4      4      0      2
      1      0      5      4      2

      5      5      4      5      1
      3      4      1      0      3
      3      3      3      3      4
      3      3      3      3      2
      5      5      3      4      2

      2      2      3      0      2
      3      2      2      1      5
      3      4      3      1      2
      1      4      3      1      3
      4      1      2      5      3

      3      3      1      3      3
      3      3      3      2      4
      3      4      3      4      3
      4      4      3      4      2
      4      4      3      2      2

      6      6      8      9      8
      7      7     11      5      8
      7      8      7      7      8
      9      8      7      7      8
      9      7      9      8      8

     11     11     11      9     10
     12     13      9     10     12
     12     14     14     10     11
     12     14     14     10     13
     12     10     13     13     13

     14     14     12     13     10
     16     14     12      8     14
     16     15     16     12     12
     13     15     16     12     15
     16     14     15     15     15

     15     15     14     15     13
     14     16     14     12     15
     14     18     19     15     15
     17     18     19     15     18
     15     13     15     16     18

     15     15     13     15     14
     16     16     13     11     15
     16     19     19     17     14
     16     19     19     17     15
     16     17     17     17     15

     12     12     15     15     15
     18     18     21     15     17
     18     21     22     15     16
     17     21     22     15     18
     14     16     18     19     18

     15     15     16     15     14
     17     17     15     14     13
     17     21     19     16     16
     17     21     19     16     17
     15     15     18     18     17

     15     15     13     16     15
     17     15     16     13     14
     17     17     16     15     15
     18     17     16     15     17
     16     18     17     17     17

     14     14     13     14     14
     14     13     12     12     14
     14     17     15     13     13
     16     17     15     13     16
     15     14     15     15     16

     13     13     12     16     14
     16     14     14     12     12
     16     17     17     14     13
     17     17     17     14     16
     14     17     16     16     16

     14     14     14     15     13
     15     13     16     14     14
     15     18     17     15     17
     14     18     17     15     16
     16     16     14     15     16

     13     13     12     14     12
     14     16     13     11     11
     14     18     13     11     13
     17     18     13     11     15
     16     12     16     14     15

     13     13     11     12     10
     13     10     12     11     12
     13     18     15     13     14
     14     18     15     13     14
     15     15     14     15     14

     15     15     12     14     13
     15     13     15     11     12
     15     16     17     12     14
     15     16     17     12     16
     17     13     15     15     16

     13     13     11     11     10
     13     14     14     11     12
     13     16     15     14     12
     13     16     15     14     15
     14     14     14     14     15

     11     11     11     12     10
     13     13     12     10     13
     13     14     13     13     12
     13     14     13     13     14
     12     12     13     15     14

     13     13     12     10     10
     12     13     12     11     11
     12     13     14     13     12
     12     13     14     13     13
     13     13     11     13     13

     12     12     10     11     10
     13     12     11      9     10
     13     14     13     11     10
     11     14     13     11     14
     12     10     11     11     14

     12     12     10     11     11
     11     12     12      9     11
     11     14     12     11     10
     13     14     12     11     12
     14     13     12     14     12

     12     12      9      9     10
     12     13     10      8     11
     12     12     12     12     11
     13     12     12     12     14
     11     12     10     13     14

     10     10      8     10      9
     10     11     11      9     11
     10     13     13     12      9
     10     13     13     12     13
     14     11     11     12     13

     10     10     10      8      8
     10     10      9      7      8
     10     14     12      8      9
     10     14     12      8     11
     10     10     13     13     11

      7      7      7      9      9
     10      9      9      9      7
     10     11     13      9     10
      9     11     13      9     10
     10      7     10      9     10

      9      9     10      8      8
     10      9      7      6      8
     10     11      8      8      8
      8     11      8      8      9
      9      9      9      9      9

      7      7      6      8      6
      8      9      7      6      8
      8      9     10      7      9
      8      9     10      7      9
      8      7      9      7      9

      6      6      6      5      6
     10     10      9      7     11
     10      9     10      8      7
      8      9     10      8      8
      9      8      7      7      8

      5      5      5      5      5
      7      6      5      4      6
      7      8      8      7      5
      6      8      8      7      7
      7      7      6      6      7

      5      5      4      4      5
      7      7      5      5      7
      7      7      7      6      4
      7      7      7      6      6
      7      6      6      8      6

      5      5      3      2      3
      4      4      4      3      5
      4      6      5      5      4
      4      6      5      5      6
      4      2      4      5      6

      3      3      2      3      4
      3      5      2      1      3
      3      6      5      1      3
      3      6      5      1      3
      3      2      4      4      3

      2      2      1      3      2
      1      3      3      0      1
      1      2      2      1      1
      3      2      2      1      2
      2      2      1      2      2

      1      1      0      0      0
      0      1      0      0      1
      0      0      2      1      0
      0      0      2      1      1
      2      0      1      0      1

      0      0      0      0      0
      0      0      0      1      0
      0      0      1      0      0
     -1      0      1      0      0
      0     -1      0      0      0

      0      0     -3      0      1
      0      2      0      0      0
      0      0      0      0      0
      0      0      0      0      0
      0     -2      1      0      0

      0      0      0      1      0
      0     -1      0     -1      0
      0      0      2      0     -1
      1      0      2      0      0
      1      0      0      0      0

      1      1      0      0      1
      0      0      0     -1      0
      0      0      1      0     -1
      0      0      1      0      0
     -1      0      0      0      0

      0      0      0      0      1
      0      0     -2     -1      0
      0      2      1      0      1
     -2      2      1      0      0
      1     -1      0      0      0

      0      0      0      0      0
      0      0      0     -2      0
      0      0      1     -1      2
      0      0      1     -1      0
      1     -1      0      0      0

     -1     -1      1      0      0
      0      0     -1      0      0
      0      0      0      0      0
      0      0      0      0      0
     -1      0     -1      0      0

      0      0     -1      0      0
      1      0      0      0      2
      1      1      0     -1      0
      0      1      0     -1      0
      0      1      0     -1      0

      0      0      0      1      0
      1      0      0      0      0
      1      0      0      0      0
      0      0      0      0     -1
     -1     -1     -1      0     -1

     -1     -1      1      0      0
      0      0      0      0      0
      0      1      0      0      0
      0      1      0      0      0
      1      0      0      0      0

      0      0      1      0      0
      0      0      0      0      0
      0      1      0      1      0
      0      1      0      1     -1
      0      0      0     -1     -1

      0      0      0      0      1
      0      0      0      1     -1
      0      1     -1      0     -1
     -1      1     -1      0     -1
      0      0      1     -1     -1

      0      0      0      0      0
      0      0      0      0      0
      0      1      0      0      0
      0      1      0      0      0
      0     -1      0      0      0

     -1     -1      0      0     -1
      0      0      0      0      0
      0      3      0      0      0
     -1      3      0      0      0
      0      0      0      0      0

      1      1      0      1      0
     -1      0      0      1      0
     -1      1      0     -1     -1
     -1      1      0     -1      0
      0      1      0      0      0

      2      2      0      0      0
      0      0      0     -1      0
      0      1      1      1      0
      0      1      1      1      0
      1      1      0      0      0

      0      0      0      1     -1
      0      0      0      0      0
      0      0      0      0      0
      0      0      0      0      0
      0      0      0      0      0

      0      0      1      2      0
      0      0      0      1      0
      0      1      1      0      1
     -1      1      1      0      0
      0      0      1      0      0

      0      0      1      2      2
      0      0      1      1      1
      0      2      1      1      0
      1      2      1      1      2
      0      3      3      2      2

      2      2      2      4      4
      3      3      3      4      4
      3      3      2      3      4
      3      3      2      3      2
      3      2      4      3      2

      4      4      4      4      4
      5      3      5      3      3
      5      6      2      5      3
      4      6      2      5      5
      4      4      3      5      5

      2      2      2      3      2
      2      2      3      2      3
      2      3      1      2      2
      2      3      1      2      2
      0      3      5      2      2

      0      0      2      0      2
      1      1      2      0      0
      1      2      1      1      1
      0      2      1      1      1
      0      0      0      0      1

      1      1      2      2      2
      1      1      0      1      1
      1      2      0      0      1
      1      2      0      0      2
      2      2      1      0      2

      4      4      4      4      3
      4      4      4      4      5
      4      6      4      4      3
      4      6      4      4      4
      5      5      3      3      4

      5      5      7      7      4
      6      6      6      4      5
      6      6      7      7      5
      7      6      7      7      5
      6      6      5      5      5

      5      5      3      5      4
      6      5      4      5      5
      6      7      4      5      5
      4      7      4      5      5
      4      5      7      4      5

      4      4      4      4      3
      3      4      4      4      4
      3      4      2      3      4
      4      4      2      3      3
      4      4      4      3      3

      5      5      4      4      4
      4      4      4      4      3
      4      5      3      3      4
      4      5      3      3      3
      4      4      4      3      3

      4      4      5      6      5
      6      6      5      5      6
      6      7      6      5      4
      6      7      6      5      5
      6      6      5      5      5

      6      6      7      5      6
      7      6      6      6      4
      7      8      7      5      5
      7      8      7      5      6
      6      7      6      6      6

      6      6      5      6      6
      7      6      7      6      5
      7      9      7      7      6
      7      9      7      7      7
      7      7      7      4      7

      7      7      7      6      5
      8      6      6      6      6
      8      8      6      6      7
      5      8      6      6      7
      5      8      6      7      7

      6      6      6      6      5
      7      6      6      4      6
      7      8      4      7      5
      6      8      4      7      6
      7      7      6      5      6

      5      5      6      4      5
      7      7      8      6      5
      7      8      6      6      6
      5      8      6      6      6
      6      6      6      6      6

      5      5      6      5      5
      6      8      7      5      5
      6      8      6      6      6
      6      8      6      6      7
      7      7      7      6      7

      7      7      7      6      5
      6      6      6      4      5
      6      8      6      4      5
      7      8      6      4      6
      6      8      6      5      6

      6      6      6      4      5
      6      5      6      5      5
      6      6      6      5      7
      5      6      6      5      6
      5      6      6      6      6

      5      5      5      6      4
      5      6      5      4      5
      5      8      4      4      4
      7      8      4      4      5
      6      7      4      6      5

      5      5      5      5      5
      4      5      6      5      4
      4      7      6      5      6
      5      7      6      5      6
      4      8      6      5      6

      6      6      6      5      2
      5      5      7      6      4
      5      5      5      4      6
      6      5      5      4      5
      6      5      5      5      5

      3      3      3      5      4
      7      5      6      4      4
      7      6      5      5      4
      5      6      5      5      6
      5      6      6      7      6

      5      5      4      6      4
      6      5      6      5      6
      6      6      5      5      6
      5      6      5      5      5
      5      6      5      6      5

      6      6      4      6      4
      6      4      5      4      4
      6      5      6      5      6
      6      5      6      5      5
      5      5      7      6      5

      3      3      5      4      3
      7      6      6      5      6
      7      6      6      6      6
      7      6      6      6      5
      5      4      5      6      5

      4      4      4      6      4
      6      6      5      6      4
      6      8      5      5      5
      6      8      5      5      4
      6      8      6      5      4

      4      4      5      3      4
      6      6      7      4      5
      6      6      7      5      5
      6      6      7      5      4
      5      6      4      5      4

      5      5      6      6      6
      5      6      6      4      5
      5      8      4      6      4
      4      8      4      6      6
      4      6      6      5      6

      4      4      3      6      5
      6      5      6      4      5
      6      6      6      5      4
      5      6      6      5      5
      4      5      6      3      5

      3      3      4      5      4
      4      4      5      6      3
      4      6      3      4      4
      4      6      3      4      4
      5      4      5      5      4

      3      3      5      3      5
      4      4      5      2      4
      4      6      3      5      3
      3      6      3      5      4
      4      5      4      5      4

      3      3      3      4      2
      5      5      5      3      4
      5      5      4      4      4
      3      5      4      4      3
      4      2      5      3      3

      2      2      4      3      4
      4      2      5      5      5
      4      4      3      4      3
      6      4      3      4      4
      2      4      4      3      4

      3      3      4      3      4
      2      3      2      3      4
      2      5      3      4      1
      3      5      3      4      3
      3      5      4      3      3

      4      4      4      3      3
      3      5      2      2      2
      3      6      3      3      3
      2      6      3      3      5
      4      2      2      3      5

      0      0      4      5      3
      2      1      2      1      2
      2      6      3      1      4
      1      6      3      1      1
      2      5      5      2      1

     -1     -1      1      4      2
      3      3      4      5      4
      3      2      1      2      0
      0      2      1      2      4
      2      2      2      1      4

      2      2      3      1      1
      4      3      5      3      3
      4      2      1      3      1
      0      2      1      3      2
      2      1      2      2      2

      1      1      3      1      1
      2      0      5      0      2
      2      2      2      1      2
      1      2      2      1      3
      3      1      2      4      3

      2      2      3      3      1
      0      2      0      1      2
      0      4      0      2      1
      3      4      0      2      0
      1      1      2      2      0

      1      1      1      2      1
      4      2      0      0      0
      4      2      0      0      1
      0      2      0      0      0
      0     -1      1      1      0

      1      1      1      0      0
      0      1      0      3      1
      0      1      1      2      0
      0      1      1      2      1
      0      2      1      2      1

      2      2      0      0      2
      3      1      0      2      0
      3      1      2      2      2
      3      1      2      2      1
      1      0      0      1      1

      0      0      0      2      0
      1      1      2      0      1
      1      2      0      0      1
      0      2      0      0      0
      0      0      1      1      0

      0      0      0      3      1
      1     -2      1      2      1
      1      0     -1      1      1
      0      0     -1      1      2
      2      0      0      5      2

      1      1      1      1      1
      0     -1      3      2      0
      0      2     -2      1      1
      0      2     -2      1     -2
      0      2      1     -1     -2

      0      0      0      1      2
      3      0      0      0      0
      3      2      1     -1      0
      1      2      1     -1      1
      0      1      1      0      1

     -1     -1      3      1      0
      0      2      1      2     -1
      0      1      0      1     -1
      0      1      0      1      0
      0      0      0      0      0

      0      0      1      1      2
      0      1      1      1     -1
      0      1      1     -2      0
      0      1      1     -2      0
      1      2      0      1      0

      0      0      1      4      0
      0      0      1      2      0
      0     -2      0      0      0
      0     -2      0      0      0
      0     -4      1      0      0

     -2     -2     -2      2      1
      0     -2      0      1     -2
      0      2      1     -1     -1
      2      2      1     -1     -3
      0      0      0      0     -3

     -3     -3     -2      1     -2
     -1     -2      0      0      0
     -1      1      0      0      0
     -3      1      0      0     -2
      0     -2      1     -2     -2

