;
; ENVI ASCII Output of file: E:\Imaging\ROI_AVIRIS\5_3_15.img [Fri Nov 17 12:05:19 2017]
; File Dimensions: 5 samples x 5 lines x 224 bands
; Line Format    : (5i7)
;
    480    471    488    466    473
    470    481    486    482    471
    470    481    486    482    471
    472    481    501    458    475
    472    481    466    489    486

    557    552    588    559    570
    567    554    542    561    560
    567    554    542    561    560
    559    556    566    569    532
    559    556    556    573    570

    600    592    617    606    602
    596    597    609    587    600
    596    597    609    587    600
    603    605    605    606    604
    603    605    617    612    612

    760    763    776    751    773
    750    778    758    748    761
    750    778    758    748    761
    769    747    766    760    762
    769    747    767    763    763

   1121   1105   1128   1120   1124
   1138   1127   1116   1123   1119
   1138   1127   1116   1123   1119
   1144   1131   1146   1120   1132
   1144   1131   1127   1148   1135

   1191   1176   1187   1184   1184
   1199   1186   1179   1183   1183
   1199   1186   1179   1183   1183
   1211   1190   1195   1193   1186
   1211   1190   1195   1207   1207

   1130   1113   1126   1120   1104
   1141   1128   1133   1123   1112
   1141   1128   1133   1123   1112
   1145   1131   1128   1144   1129
   1145   1131   1130   1138   1148

   1048   1039   1047   1036   1039
   1057   1038   1041   1042   1032
   1057   1038   1041   1042   1032
   1061   1042   1044   1045   1046
   1061   1042   1057   1061   1067

   1146   1134   1138   1131   1137
   1150   1147   1131   1133   1125
   1150   1147   1131   1133   1125
   1164   1147   1146   1141   1142
   1164   1147   1153   1153   1158

   1168   1161   1164   1170   1161
   1178   1166   1158   1158   1165
   1178   1166   1158   1158   1165
   1184   1176   1166   1167   1170
   1184   1176   1179   1189   1181

   1138   1130   1128   1129   1144
   1158   1145   1132   1131   1128
   1158   1145   1132   1131   1128
   1151   1145   1142   1133   1138
   1151   1145   1151   1152   1141

   1065   1063   1067   1057   1067
   1086   1086   1069   1069   1056
   1086   1086   1069   1069   1056
   1087   1074   1071   1068   1064
   1087   1074   1078   1091   1068

   1014   1012   1016   1016   1013
   1020   1016   1017   1007   1009
   1020   1016   1017   1007   1009
   1032   1016   1023   1009   1019
   1032   1016   1021   1028   1023

    923    918    924    914    922
    932    929    919    922    914
    932    929    919    922    914
    942    931    926    915    912
    942    931    931    932    930

    848    847    853    840    846
    859    848    852    845    842
    859    848    852    845    842
    856    851    848    843    837
    856    851    854    857    854

    754    764    768    758    758
    771    759    766    764    751
    771    759    766    764    751
    767    759    757    756    749
    767    759    767    762    764

    674    678    681    677    681
    683    678    679    674    672
    683    678    679    674    672
    681    677    675    677    668
    681    677    684    677    679

    643    644    653    647    649
    652    648    645    644    646
    652    648    645    644    646
    649    644    643    644    637
    649    644    653    648    647

    612    609    625    616    616
    619    617    611    613    619
    619    617    611    613    619
    615    611    610    610    606
    615    611    622    618    614

    575    577    583    583    574
    582    581    576    567    585
    582    581    576    567    585
    582    574    573    567    569
    582    574    578    582    574

    526    533    542    536    527
    534    532    528    531    534
    534    532    528    531    534
    529    533    524    530    528
    529    533    527    530    528

    489    492    501    496    491
    488    497    490    491    500
    488    497    490    491    500
    491    484    485    484    484
    491    484    494    493    484

    455    462    470    461    457
    456    459    459    463    465
    456    459    459    463    465
    457    454    453    449    457
    457    454    453    461    459

    407    411    421    410    406
    408    411    411    411    417
    408    411    411    411    417
    408    404    401    407    408
    408    404    405    408    408

    383    386    394    388    375
    380    383    381    387    389
    380    383    381    387    389
    381    377    378    381    385
    381    377    378    381    378

    362    373    383    380    371
    370    369    370    375    378
    370    369    370    375    378
    367    369    364    366    372
    367    369    367    369    366

    346    354    354    350    345
    346    344    347    349    348
    346    344    347    349    348
    342    341    340    341    344
    342    341    343    344    341

    319    323    330    323    321
    318    320    319    327    328
    318    320    319    327    328
    316    316    313    313    322
    316    316    316    323    319

    306    315    318    314    302
    307    309    307    307    314
    307    309    307    307    314
    304    302    303    303    309
    304    302    302    307    303

    286    293    296    289    283
    283    285    287    290    295
    283    285    287    290    295
    278    277    280    280    288
    278    277    279    280    283

    270    276    280    277    270
    272    271    275    277    279
    272    271    275    277    279
    264    266    266    269    273
    264    266    266    265    270

    267    271    272    272    266
    267    265    273    274    277
    267    265    273    274    277
    264    262    263    260    272
    264    262    262    264    263

    263    273    268    272    260
    267    264    270    273    272
    267    264    270    273    272
    260    257    259    261    275
    260    257    263    267    266

    267    270    271    272    266
    266    264    271    273    277
    266    264    271    273    277
    264    262    263    259    272
    264    262    262    263    263

    248    253    256    256    251
    247    245    249    256    257
    247    245    249    256    257
    248    244    245    241    256
    248    244    247    242    250

    220    222    227    226    220
    220    214    221    227    233
    220    214    221    227    233
    215    218    216    214    224
    215    218    214    214    217

    195    199    196    203    193
    190    189    195    196    203
    190    189    195    196    203
    188    191    193    184    199
    188    191    192    189    194

    186    193    190    194    187
    184    185    187    188    197
    184    185    187    188    197
    185    184    188    180    196
    185    184    186    181    187

    173    177    174    180    174
    168    167    172    174    179
    168    167    172    174    179
    166    165    168    163    175
    166    165    171    162    169

    131    133    135    138    135
    125    130    130    134    139
    125    130    130    134    139
    126    128    129    123    132
    126    128    131    125    132

    140    144    144    148    144
    137    138    141    143    149
    137    138    141    143    149
    136    139    141    133    143
    136    139    137    134    141

    154    154    158    164    155
    150    153    153    155    167
    150    153    153    155    167
    149    153    156    144    157
    149    153    154    146    153

    157    160    157    164    160
    148    150    150    154    167
    148    150    150    154    167
    150    153    155    145    161
    150    153    156    148    155

     95     95     96    101     95
     89     92     94     93    102
     89     92     94     93    102
     87     93     95     87     94
     87     93     93     88     94

    121    126    125    131    127
    115    118    119    121    133
    115    118    119    121    133
    116    119    122    113    127
    116    119    124    112    122

    128    132    132    139    135
    123    125    126    128    145
    123    125    126    128    145
    121    127    130    117    131
    121    127    127    116    128

    121    119    119    128    122
    112    115    110    116    132
    112    115    110    116    132
    111    115    119    106    119
    111    115    117    108    117

    111    115    111    118    113
    101    106    103    108    123
    101    106    103    108    123
    103    106    109     98    112
    103    106    109     99    110

    102    103    103    107    104
     91     95     96     99    111
     91     95     96     99    111
     92     99     99     91    103
     92     99    100     90     98

     82     79     79     86     81
     74     74     76     78     89
     74     74     76     78     89
     74     77     80     71     82
     74     77     80     72     80

     81     83     83     88     84
     73     77     76     80     90
     73     77     76     80     90
     74     78     78     72     84
     74     78     82     71     80

     87     87     84     93     88
     80     79     80     84     96
     80     79     80     84     96
     77     83     86     76     87
     77     83     85     75     86

     91     92     92    101     95
     83     86     87     87    104
     83     86     87     87    104
     82     89     90     80     95
     82     89     91     78     91

     87     87     86     95     90
     76     82     80     84     99
     76     82     80     84     99
     76     80     87     74     89
     76     80     86     75     85

     85     85     86     92     88
     76     77     76     82     98
     76     77     76     82     98
     75     83     85     73     86
     75     83     85     73     80

     79     80     80     88     81
     71     72     73     76     90
     71     72     73     76     90
     72     76     79     68     81
     72     76     79     67     77

     77     77     73     84     79
     66     69     69     72     87
     66     69     69     72     87
     68     74     76     64     78
     68     74     76     64     74

     61     59     57     63     59
     52     55     52     55     69
     52     55     52     55     69
     52     57     56     49     63
     52     57     59     49     56

     52     50     48     53     49
     42     44     45     49     58
     42     44     45     49     58
     45     48     49     43     56
     45     48     49     42     50

     47     44     44     47     46
     39     40     40     44     52
     39     40     40     44     52
     42     45     43     39     51
     42     45     45     37     43

     41     41     39     44     39
     35     35     37     40     47
     35     35     37     40     47
     37     41     39     35     46
     37     41     40     31     39

     27     26     26     25     27
     24     26     26     28     29
     24     26     26     28     29
     24     27     28     24     30
     24     27     29     23     30

     17     17     15     17     15
     14     16     14     17     18
     14     16     14     17     18
     15     17     18     14     20
     15     17     18     13     17

     20     21     18     21     21
     19     18     18     20     24
     19     18     18     20     24
     18     19     21     18     24
     18     19     22     16     21

     37     38     33     36     34
     29     31     31     34     43
     29     31     31     34     43
     31     33     36     31     42
     31     33     37     27     35

     43     41     38     42     40
     35     36     35     41     51
     35     36     35     41     51
     35     39     41     36     49
     35     39     40     32     38

     50     49     46     51     47
     40     42     42     47     62
     40     42     42     47     62
     39     44     46     40     57
     39     44     47     36     45

     52     52     50     56     53
     42     45     44     49     65
     42     45     44     49     65
     42     46     51     42     60
     42     46     50     39     49

     50     50     47     55     49
     41     44     44     48     63
     41     44     44     48     63
     42     45     49     40     59
     42     45     47     38     47

     51     50     46     54     49
     40     42     41     47     63
     40     42     41     47     63
     41     45     47     41     58
     41     45     48     37     45

     49     48     46     53     49
     39     41     41     46     63
     39     41     41     46     63
     41     44     47     38     58
     41     44     47     36     46

     46     44     43     48     43
     35     37     38     43     58
     35     37     38     43     58
     37     40     44     36     54
     37     40     43     34     43

     47     44     41     49     46
     36     39     37     42     57
     36     39     37     42     57
     37     41     43     37     53
     37     41     42     32     41

     44     43     38     45     41
     32     35     35     39     53
     32     35     35     39     53
     34     37     41     34     51
     34     37     39     31     39

     42     39     38     44     42
     32     33     34     39     53
     32     33     34     39     53
     33     38     40     33     50
     33     38     40     29     37

     38     37     35     39     37
     28     31     31     35     48
     28     31     31     35     48
     30     33     37     30     44
     30     33     36     26     35

     35     34     32     37     33
     25     29     28     32     45
     25     29     28     32     45
     28     31     34     28     41
     28     31     33     24     32

     32     31     29     34     30
     23     27     24     30     42
     23     27     24     30     42
     26     29     32     26     38
     26     29     30     22     29

     25     24     22     24     24
     19     21     21     23     31
     19     21     21     23     31
     19     22     25     19     31
     19     22     22     16     22

     17     14     13     14     13
     11     12     11     14     17
     11     12     11     14     17
     11     13     15     11     18
     11     13     14     10     14

      5      5      3      5      4
      4      4      4      5      5
      4      4      4      5      5
      3      5      5      3      5
      3      5      5      4      6

      3      4      3      3      4
      4      3      3      4      5
      4      3      3      4      5
      2      3      5      2      5
      2      3      5      3      5

      7      6      4      4      6
      4      5      5      5      5
      4      5      5      5      5
      4      5      6      4      5
      4      5      6      4      6

      6      6      5      6      5
      3      4      4      5      5
      3      4      4      5      5
      4      6      7      4      6
      4      6      6      4      6

     10      9      7      8      8
      6      8      7      9     10
      6      8      7      9     10
      8      8     10      6     10
      8      8      9      6     10

     17     15     14     17     15
     12     13     13     15     20
     12     13     13     15     20
     13     16     16     12     21
     13     16     16     10     14

     20     19     17     20     18
     14     16     16     18     25
     14     16     16     18     25
     14     17     20     14     23
     14     17     20     12     17

     18     16     14     18     17
     12     14     13     15     23
     12     14     13     15     23
     15     16     18     13     21
     15     16     17     11     16

     19     18     16     19     17
     13     14     14     18     25
     13     14     14     18     25
     15     17     19     15     23
     15     17     19     11     17

     17     16     13     17     14
     11     13     12     15     23
     11     13     12     15     23
     12     14     17     12     20
     12     14     16     10     16

     17     17     15     20     18
     12     14     13     17     27
     12     14     13     17     27
     14     16     19     13     23
     14     16     18     11     17

     20     18     15     20     18
     14     15     14     18     27
     14     15     14     18     27
     15     17     20     14     24
     15     17     18     11     18

     23     20     17     21     19
     15     17     16     20     30
     15     17     16     20     30
     16     20     22     17     27
     16     20     19     12     20

     21     20     18     19     19
     15     16     15     19     28
     15     16     15     19     28
     16     18     22     17     28
     16     18     21     13     19

     21     19     16     20     17
     14     16     14     18     27
     14     16     14     18     27
     15     17     21     14     24
     15     17     20     11     17

     18     15     14     18     16
     12     13     12     16     24
     12     13     12     16     24
     13     18     18     13     22
     13     18     17     10     16

     21     19     16     20     17
     14     16     14     18     27
     14     16     14     18     27
     15     17     21     14     24
     15     17     20     11     17

     15     13     15     23     23
     15     17     15     16     19
     15     17     15     16     19
     21     16     15     16     20
     21     16     16     13     21

     18     17     19     19     17
     13     16     18     21     25
     13     16     18     21     25
     19     15     16     21     21
     19     15     15     15     16

     18     15     16     19     15
     13     18     22     18     24
     13     18     22     18     24
     15     18     17     15     20
     15     18     13     17     15

     18     13     16     21     19
     10     18     17     16     23
     10     18     17     16     23
     18     16     15     14     24
     18     16     15     19     17

     16     12     13     14     14
      8     15     15     15     18
      8     15     15     15     18
     12     14     14     13     18
     12     14     13     14     14

     11      9     10     10     11
      8     10      9     12     13
      8     10      9     12     13
     11     10     13     11     16
     11     10     10     12     10

     -8    -27     12      8    -15
    -27    -13      2     -9    -18
    -27    -13      2     -9    -18
     -8      0     13      6      1
     -8      0     10     13     26

      7      4      5      5      7
      4      7      8      7      5
      4      7      8      7      5
      7      4      7      4      6
      7      4      3      5      4

      5      4      1      3      4
      2      3      3      4      5
      2      3      3      4      5
      5      2      3      4      3
      5      2      2      5      2

      0      1      1     -1      2
      0      1      1      2      1
      0      1      1      2      1
      1     -1      1      0      0
      1     -1      2      0      1

      0      0      1      0      0
      0      0      1      0      0
      0      0      1      0      0
      0     -1      1      0      1
      0     -1     -1      0      0

     -1      0      0      0      1
     -1      1      1     -2      0
     -1      1      1     -2      0
      1      0      0     -1      0
      1      0      1      0      2

      1      0     -1      1      1
      0      0     -1      1      0
      0      0     -1      1      0
      0      0      1      0     -1
      0      0     -1      0      0

      2      1     -1     -1      5
     -5      0      0      4      0
     -5      0      0      4      0
      3      4      7      7      2
      3      4      4      4      2

      2      0      0     -1      0
      0      5      0      1      1
      0      5      0      1      1
      1     -1      0     -2      0
      1     -1     -1      2      0

      3     -1     -1      2      0
      0      1      0      1      3
      0      1      0      1      3
      2      0      0     -1      0
      2      0      0      4      2

      0     -3      0      2      1
      0      2      2      3      1
      0      2      2      3      1
      2      1      2      0      0
      2      1     -1      1      0

      0     -1      2      3      2
      1      1      0      3      0
      1      1      0      3      0
      0      0      0      0     -1
      0      0      0      3      3

      1     -2      0      0      4
      0      1      0      0      1
      0      1      0      0      1
      1      3      2      2      3
      1      3      0      0      0

      5      1      1      3      3
      0      3      3      4      3
      0      3      3      4      3
      2      2      2      2      1
      2      2      4      4      4

      4      2      2      5      5
      3      4      5      4      4
      3      4      5      4      4
      5      2      3      3     -1
      5      2      3      3      4

      5      1      2      3      5
      1      3      3      3      5
      1      3      3      3      5
      3      3      3      0      3
      3      3      3      5      3

      4      5      2      5      6
      2      5      5      6      5
      2      5      5      6      5
      3      4      4      2      3
      3      4      5      5      4

      7      7      6      9      9
      8      6     10      8      8
      8      6     10      8      8
      6      7      6      8      9
      6      7      7      8      8

     13     12     11     11     12
      9     12     11     12     14
      9     12     11     12     14
     10      9     11     12     12
     10      9      9     10     10

     15     15     14     16     13
     11     13     14     16     19
     11     13     14     16     19
     15     12     15     13     20
     15     12     13     14     12

     14     16     14     17     17
     15     15     17     20     21
     15     15     17     20     21
     16     16     14     14     18
     16     16     13     14     13

     16     16     18     18     16
     13     16     16     19     23
     13     16     16     19     23
     15     12     17     17     22
     15     12     14     14     13

     10     13     16     21     17
     16     20     17     15     21
     16     20     17     15     21
     15     15     17     16     15
     15     15     14     16     16

     18     16     17     18     16
     15     16     18     20     23
     15     16     18     20     23
     15     15     18     17     23
     15     15     12     17     16

     17     17     17     19     19
     13     17     16     21     22
     13     17     16     21     22
     17     12     14     17     21
     17     12     12     16     14

     14     15     16     15     16
     13     15     14     19     18
     13     15     14     19     18
     14     13     15     14     18
     14     13     12     14     11

     15     15     16     17     16
     11     14     13     16     20
     11     14     13     16     20
     14     14     14     15     20
     14     14     15     12     14

     15     15     18     17     16
     14     14     16     18     22
     14     14     16     18     22
     11     13     15     17     19
     11     13     13     15     11

     15     13     16     15     16
     12     14     14     17     19
     12     14     14     17     19
     12     12     14     15     20
     12     12     13     12     12

     14     14     12     15     15
     11     13     16     16     20
     11     13     16     16     20
     12     11     13     15     18
     12     11     11     13     12

     12     16     15     16     15
     13     14     14     18     21
     13     14     14     18     21
     13     12     14     14     20
     13     12     12     13     14

     14     16     14     15     15
     10     13     13     16     21
     10     13     13     16     21
     13     15     16     14     18
     13     15     12     14     13

     13     13     12     15     13
      9     11     15     16     19
      9     11     15     16     19
     12     11     11     14     18
     12     11      9     12     12

     12     12     14     13     13
     10     12     13     14     19
     10     12     13     14     19
      9     11     13     14     18
      9     11     10     11     14

     13     13     12     14     12
     10     13     12     14     16
     10     13     12     14     16
     11      9     12     13     18
     11      9     10     11     13

     12     14     13     15     13
     11     11     13     14     16
     11     11     13     14     16
     13     10     11     13     17
     13     10     10     10     12

     12     14     11     13     14
      9     12     11     15     17
      9     12     11     15     17
     11     10     11     12     15
     11     10     10     10     12

      9     11     11     13     11
     10     10     12     12     16
     10     10     12     12     16
     10      9     10     11     14
     10      9      7     10      9

     12     10     11     12     12
      9     11     10     14     13
      9     11     10     14     13
     10     10     11      9     15
     10     10      9      9      9

     11     11     10     12     10
      7     11     13     13     12
      7     11     13     13     12
      9      9      8     10     14
      9      9      6     11      8

      8      9      8     10     11
      8      8      8     12     12
      8      8      8     12     12
      9      9      9      8     10
      9      9      8      9     11

      7     10      8      9     10
      6     10      9      9     11
      6     10      9      9     11
      9      6      8      9      9
      9      6      8      6      9

      7     10      6      8     10
      9     10      6      9      8
      9     10      6      9      8
      8      8      5      7     10
      8      8      4      7      7

      5      8      6      9      7
      5      9      8     10      9
      5      9      8     10      9
      7      6      5      7      8
      7      6      5      7      7

      7      5      6      7      6
      5      8      8      8      8
      5      8      8      8      8
      3      4      6      6      6
      3      4      4      7      5

      6      5      4      4      6
      4      6      5      7      5
      4      6      5      7      5
      4      3      5      5      6
      4      3      2      6      4

      5      4      3      5      3
      4      4      4      6      5
      4      4      4      6      5
      4      2      2      3      4
      4      2      2      3      5

      1      0      1      2      4
      1      3      1      3      3
      1      3      1      3      3
      4      2      4      2      1
      4      2      0      3      2

      0      0      1      2      1
      1      1      0      1      1
      1      1      0      1      1
      0      0      1      0      0
      0      0      1      2      0

      0      0     -1      0      2
     -2      1      0      0      1
     -2      1      0      0      1
      0      0     -2      0      0
      0      0     -1      0      0

      0     -1      2      1      1
     -2      0      0      0      1
     -2      0      0      0      1
      0      0     -1      0      0
      0      0     -1      0      1

      0      0     -1      0      0
     -1      0      0      0      0
     -1      0      0      0      0
      1      0      0      0     -2
      1      0      0      0      0

      1     -2     -1      0      0
     -1     -1     -1     -1      0
     -1     -1     -1     -1      0
     -1      0      0     -1      0
     -1      0     -1      1      1

      0      0      0      0      2
      0      0      1      1      1
      0      0      1      1      1
      1      1      0      0      0
      1      1      0      0     -2

      1      0     -2      0      0
     -1      0      0      0      0
     -1      0      0      0      0
      0      0      0     -1     -1
      0      0      0      1      0

      0      0      0     -1      1
     -3      0      0      0     -2
     -3      0      0      0     -2
      0      1     -1      0      0
      0      1      0      2      0

      0     -1      0      1      0
     -3     -1      0      0      1
     -3     -1      0      0      1
      1      0      0      0      0
      1      0      0      0     -1

      0     -1      0      0      0
      0      0      0      0      0
      0      0      0      0      0
      0      1      0     -1     -2
      0      1     -1      0      0

      0      0      0      0      0
      0     -1      0      0      0
      0     -1      0      0      0
      0      0      0      0      1
      0      0      0      0      0

      0      0     -1      0      0
      0      0      0      0      0
      0      0      0      0      0
     -1      0      0      0     -2
     -1      0      0      0      0

      0      0     -2      0      0
      0     -2     -2      0      1
      0     -2     -2      0      1
      0      0     -1      1      0
      0      0     -2      0      0

      0      0      0      1      1
      1     -2      0      0      0
      1     -2      0      0      0
      0      0      1      0      0
      0      0      0      0      0

      0     -1      0      0      1
      0     -1      0      0      0
      0     -1      0      0      0
      0      0      1      0      0
      0      0      0     -1      1

      0     -1      0      0      0
      0      0      0      1      1
      0      0      0      1      1
     -1      1     -1      0      0
     -1      1      0      0      0

     -1     -1      0      0      1
      1     -1      0      1      0
      1     -1      0      1      0
     -1      0      1      1     -1
     -1      0      0      0      0

      0     -2      0      0      0
      0      0      0      1      1
      0      0      0      1      1
      0      0      0      0      0
      0      0     -1      0      0

     -1     -1      0      0      2
      0      0      0      1      0
      0      0      0      1      0
      0      1      0      0      0
      0      1      0      0      0

      1      1      1      2      2
      2      1      0      2      2
      2      1      0      2      2
      0      2      0      1      0
      0      2      0      1      0

      3      3      2      1      3
      5      2      3      4      3
      5      2      3      4      3
      2      2      2      3      1
      2      2      3      3      2

      3      2      2      4      2
      5      3      6      4      5
      5      3      6      4      5
      3      3      3      4      3
      3      3      3      2      3

      1      2      2      3      2
      4      2      3      3      3
      4      2      3      3      3
      1      1      2      3      1
      1      1      1      4      2

      0      0      0      0      0
      2      0      1      3      1
      2      0      1      3      1
      0      0      0      1      0
      0      0     -1      0      1

      2      1      1      1      1
      3      1      1      3      2
      3      1      1      3      2
      0      2      0      2      1
      0      2      0      1      2

      4      4      4      3      4
      6      3      5      5      5
      6      3      5      5      5
      4      4      4      4      3
      4      4      2      4      5

      7      6      5      5      6
      6      6      7      7      7
      6      6      7      7      7
      6      6      7      5      7
      6      6      5      5      5

      6      4      6      3      6
      6      5      6      7      7
      6      5      6      7      7
      6      6      3      5      4
      6      6      5      6      4

      4      3      3      3      4
      4      4      4      5      5
      4      4      4      5      5
      3      3      2      4      4
      3      3      3      3      4

      5      5      3      4      4
      5      4      5      5      4
      5      4      5      5      4
      4      4      4      3      3
      4      4      5      5      3

      6      5      6      5      6
      6      6      8      7      7
      6      6      8      7      7
      6      6      6      6      5
      6      6      4      7      6

      6      6      7      6      6
      7      7      7      9      7
      7      7      7      9      7
      5      6      5      7      7
      5      6      5      6      6

      6      6      6      6      7
      7      8      7      7      9
      7      8      7      7      9
      5      6      7      7      6
      5      6      5      7      6

      6      8      6      6      6
      7      8      7      9      9
      7      8      7      9      9
      5      6      6      9      7
      5      6      6      6      6

      6      7      5      6      7
      9      8      7      7      9
      9      8      7      7      9
      7      7      5      7      5
      7      7      5      7      7

      7      8      5      5      7
      8      7      9      9     10
      8      7      9      9     10
      6      7      7      8      7
      6      7      5      6      6

      4      6      6      5      8
      7      6      9      9      9
      7      6      9      9      9
      7      6      7      8      7
      7      6      5      7      7

      6      5      5      7      6
      8      7      9      8      9
      8      7      9      8      9
      6      6      7      7      8
      6      6      4      6      6

      6      5      5      5      6
      7      6      7      7      8
      7      6      7      7      8
      5      5      6      8      6
      5      5      5      4      5

      5      7      7      6      7
      8      6      6      6      7
      8      6      6      6      7
      7      5      6      6      5
      7      5      3      5      7

      5      5      6      6      6
      6      6      6      8      8
      6      6      6      8      8
      4      5      5      6      6
      4      5      5      6      5

      6      7      4      5      5
      6      5      6      7      8
      6      5      6      7      8
      4      6      6      5      5
      4      6      3      4      5

      4      5      6      5      7
      8      5      5      6      8
      8      5      5      6      8
      5      5      4      7      5
      5      5      4      4      5

      5      6      6      6      5
      4      4      5      9      8
      4      4      5      9      8
      3      5      5      6      8
      3      5      3      6      5

      6      7      8      6      6
      7      6      7      9      9
      7      6      7      9      9
      4      5      5      6      7
      4      5      2      4      5

      5      4      5      6      6
      6      5      6      9      9
      6      5      6      9      9
      4      6      5      8      7
      4      6      4      6      3

      5      5      6      6      7
      7      5      4      8      6
      7      5      4      8      6
      2      6      4      6      7
      2      6      4      6      3

      5      5      4      5      6
      6      5      4      7      8
      6      5      4      7      8
      2      4      4      5      6
      2      4      3      4      5

      5      6      7      6      6
      6      4      5      6      7
      6      4      5      6      7
      3      5      5      6      6
      3      5      3      3      5

      4      3      6      4      5
      5      2      4      4      7
      5      2      4      4      7
      4      4      2      5      6
      4      4      4      4      4

      4      5      5      3      3
      5      2      3      6      5
      5      2      3      6      5
      2      3      3      5      3
      2      3      1      3      4

      5      5      5      2      6
      7      4      5      6      7
      7      4      5      6      7
      2      3      3      4      2
      2      3      2      2      4

      3      3      4      3      4
      4      3      7      6      4
      4      3      7      6      4
      4      5      2      0      2
      4      5      4      3      4

      3      5      4      4      3
      4      4      5      5      6
      4      4      5      5      6
      2      4      3      3      2
      2      4      2      3      3

      3      4      3      3      2
      4      3      4      3      5
      4      3      4      3      5
      1      2      1      2      2
      1      2      2      1      3

      3      4      3      4      3
      3      4      4      4      6
      3      4      4      4      6
      2      4      3      5      1
      2      4      2      3      4

      3      3      3      5      3
      3      2      2      4      4
      3      2      2      4      4
      0      3      3      2      3
      0      3      2      2      3

      2      2      1      1      3
      3      2      2      6      2
      3      2      2      6      2
      1      1      2      2      2
      1      1      1      2      1

      2      2      2      2      3
      3      2      2      4      6
      3      2      2      4      6
      1      2      1      1      1
      1      2      2      1      3

      1      1      1      3      3
      5      1      0      4      4
      5      1      0      4      4
      2      0      2      2      2
      2      0      0      1      3

      4      2      3      3      1
      1      0      1      2      4
      1      0      1      2      4
      0      2      0      1      1
      0      2      0      2      1

      1      1      0      2      1
      2      1      0      2      4
      2      1      0      2      4
      0      0      0      2      0
      0      0      0      1      1

      1      1      3      1      3
      3      1      1      5      0
      3      1      1      5      0
      0      1      1      1      1
      0      1      0      1      1

     -1      0      2      1      2
     -1      0      0      1      0
     -1      0      0      1      0
      1      0     -3      0      2
      1      0      0      0      1

      0      0      2      0      0
      0      0      0      0      0
      0      0      0      0      0
      0      1      0      1     -1
      0      1      0      0      0

      0      0      3      1      3
      4      2      5      2      1
      4      2      5      2      1
      0      0      3      0      1
      0      0      0      2      0

      1      0      2      3      0
      0      0      3      0      0
      0      0      3      0      0
      1      2     -2      0      0
      1      2     -1     -1      0

      0      1      0      1      1
      0      1      0      2      0
      0      1      0      2      0
      0      1     -1      0      0
      0      1      0      1      0

      1      1     -2      4      1
      2     -1      1      1      2
      2     -1      1      1      2
     -2     -1      1      1     -2
     -2     -1      0      0      1

      1      1     -2      2      0
      0     -1     -2      2      0
      0     -1     -2      2      0
      0      0      0     -2      0
      0      0     -1      0      0

     -2      0      0      0     -1
      1     -2      0      0      0
      1     -2      0      0      0
     -1      1      2     -2     -2
     -1      1     -2      0      0

      0      0      0     -1     -1
     -2     -1     -3     -1      0
     -2     -1     -3     -1      0
      0     -1     -3     -2     -3
      0     -1      0      0      0

      1      0      0     -2     -1
     -2      1      2      0      0
     -2      1      2      0      0
      1      0      0      0     -3
      1      0     -1      0      1

