;
; ENVI ASCII Output of file: E:\Imaging\ROI_AVIRIS\5_3_12.img [Fri Nov 17 12:04:53 2017]
; File Dimensions: 5 samples x 5 lines x 224 bands
; Line Format    : (5i7)
;
    487    490    482    485    482
    487    476    485    482    490
    490    496    487    484    496
    486    496    487    493    492
    479    489    487    493    514

    581    573    575    573    572
    581    573    562    581    576
    573    564    597    570    580
    549    564    558    574    554
    564    558    558    574    562

    619    624    615    604    630
    619    588    616    596    604
    586    599    602    598    595
    588    599    601    596    600
    602    604    601    596    620

    757    748    769    768    790
    757    744    745    755    774
    762    759    754    745    745
    744    759    764    749    755
    773    771    764    749    767

   1119   1095   1115   1119   1131
   1119   1093   1106   1111   1111
   1095   1102   1115   1097   1103
   1100   1102   1131   1100   1096
   1117   1119   1131   1100   1110

   1168   1164   1174   1178   1183
   1168   1161   1164   1168   1162
   1160   1162   1172   1154   1146
   1166   1162   1172   1177   1150
   1182   1180   1172   1177   1182

   1108   1113   1118   1112   1121
   1108   1098   1100   1100   1096
   1103   1099   1096   1092   1092
   1086   1099   1123   1108   1093
   1111   1105   1123   1108   1110

   1017   1022   1032   1034   1036
   1017   1024   1017   1018   1016
   1022   1019   1017   1017   1010
   1019   1019   1026   1024   1020
   1030   1028   1026   1024   1024

   1119   1109   1113   1121   1122
   1119   1110   1097   1109   1106
   1107   1102   1105   1100   1099
   1103   1102   1114   1110   1118
   1118   1120   1114   1110   1104

   1138   1137   1150   1143   1149
   1138   1131   1136   1134   1128
   1135   1129   1139   1127   1120
   1131   1129   1142   1134   1130
   1142   1150   1142   1134   1144

   1104   1114   1108   1112   1113
   1104   1107   1091   1108   1105
   1115   1095   1102   1100   1102
   1102   1095   1116   1099   1093
   1124   1110   1116   1099   1110

   1047   1044   1041   1043   1045
   1047   1049   1045   1034   1040
   1038   1041   1045   1044   1034
   1032   1041   1049   1040   1032
   1049   1048   1049   1040   1054

    992    985    989    998    991
    992    985    982    983    986
    989    987    991    981    986
    982    987    994    979    981
    994    980    994    979    987

    907    895    898    892    896
    907    899    897    896    899
    903    885    896    895    896
    893    885    903    888    892
    898    894    903    888    897

    823    828    818    821    810
    823    826    824    823    820
    825    821    820    829    821
    812    821    824    814    818
    816    819    824    814    819

    734    735    732    724    726
    734    737    733    734    729
    741    727    730    738    745
    725    727    735    734    729
    729    733    735    734    733

    654    653    647    636    644
    654    662    655    649    651
    660    647    655    658    654
    643    647    648    649    648
    648    653    648    649    646

    624    622    615    607    615
    624    631    624    622    621
    632    619    624    627    626
    614    619    618    621    619
    618    624    618    621    616

    593    591    581    578    586
    593    599    591    594    591
    603    590    592    596    597
    583    590    587    592    589
    586    595    587    592    584

    559    550    544    539    541
    559    560    552    554    550
    570    553    556    561    563
    552    553    550    546    558
    543    554    550    546    544

    510    505    505    493    497
    510    518    514    511    511
    524    506    511    516    516
    506    506    505    508    510
    508    505    505    508    503

    471    462    461    456    453
    471    477    472    471    468
    480    471    472    476    477
    464    471    467    473    476
    464    471    467    473    462

    437    431    433    426    420
    437    442    444    438    434
    454    444    443    444    446
    436    444    439    439    443
    431    442    439    439    431

    394    384    383    377    374
    394    399    396    393    390
    403    394    398    400    398
    388    394    392    384    395
    386    389    392    384    382

    369    360    359    352    350
    369    372    371    365    368
    380    368    373    377    377
    365    368    360    363    371
    360    366    360    363    356

    361    348    342    344    341
    361    364    358    356    354
    367    358    359    365    362
    356    358    354    353    359
    347    356    354    353    348

    335    327    321    317    315
    335    342    333    336    329
    345    335    336    341    337
    330    335    330    330    336
    326    329    330    330    326

    310    301    299    295    292
    310    312    312    311    307
    322    311    314    316    315
    310    311    306    309    310
    304    305    306    309    300

    299    287    285    278    282
    299    300    304    299    293
    307    299    302    302    303
    289    299    297    299    300
    290    296    297    299    287

    272    266    263    259    256
    272    279    278    276    274
    290    278    280    283    277
    270    278    271    271    273
    269    271    271    271    270

    263    251    252    248    245
    263    267    259    261    258
    272    263    266    267    266
    259    263    260    260    263
    256    259    260    260    250

    253    248    247    243    242
    253    263    261    254    252
    267    260    262    263    261
    257    260    257    255    259
    254    258    257    255    248

    251    248    249    242    245
    251    260    256    254    252
    268    263    266    264    258
    255    263    252    252    251
    250    254    252    252    244

    253    248    245    243    242
    253    263    260    253    253
    266    259    261    262    261
    257    259    256    255    260
    254    257    256    255    248

    238    236    222    228    230
    238    247    241    235    236
    253    244    246    243    245
    241    244    235    240    240
    236    240    235    240    229

    213    209    200    202    202
    213    221    211    206    208
    224    215    219    211    218
    215    215    208    210    213
    211    212    208    210    205

    185    183    175    177    179
    185    195    187    183    187
    198    191    195    189    192
    188    191    183    189    189
    184    187    183    189    181

    182    180    168    171    174
    182    188    181    179    176
    190    182    188    183    186
    179    182    178    180    183
    179    178    178    180    176

    165    164    152    157    156
    165    173    164    163    165
    172    168    170    167    172
    167    168    163    165    167
    161    163    163    165    162

    132    128    117    121    121
    132    135    126    126    126
    136    129    133    126    132
    129    129    123    128    132
    124    127    123    128    126

    139    138    127    131    133
    139    142    137    132    135
    143    139    141    136    141
    136    139    134    139    141
    136    136    134    139    134

    155    150    135    141    141
    155    159    148    148    149
    159    150    154    149    157
    150    150    146    150    154
    147    147    146    150    147

    154    152    135    144    144
    154    156    151    148    149
    160    152    157    150    156
    153    152    144    152    157
    148    148    144    152    146

     91     90     81     86     85
     91     95     91     87     91
     97     92     95     90     96
     91     92     87     92     95
     89     88     87     92     90

    123    120    103    112    112
    123    126    115    114    116
    125    116    122    117    123
    119    116    113    120    123
    116    113    113    120    118

    128    126    109    116    119
    128    133    121    122    121
    133    124    130    120    132
    125    124    117    127    130
    123    122    117    127    123

    119    114     98    107    109
    119    121    112    111    113
    119    112    120    112    118
    114    112    108    117    121
    113    109    108    117    114

    110    108     91    100     99
    110    113    104    103    107
    113    105    111    103    112
    107    105    101    106    112
    102    100    101    106    105

    102     97     82     90     91
    102    103     96     95     98
    104     96    101     94    103
     99     96     92    100    104
     98     93     92    100     96

     79     77     64     72     75
     79     83     75     74     78
     81     77     80     76     82
     76     77     73     80     85
     75     75     73     80     78

     83     80     65     73     76
     83     84     76     75     78
     83     78     82     78     83
     79     78     74     82     86
     77     76     74     82     81

     87     84     70     76     79
     87     88     81     79     81
     88     83     87     80     88
     84     83     76     83     91
     80     81     76     83     82

     93     89     75     83     83
     93     94     86     85     89
     94     88     94     85     96
     87     88     84     91     95
     87     85     84     91     88

     87     84     69     77     78
     87     89     81     78     84
     88     81     86     80     89
     84     81     77     85     92
     81     77     77     85     85

     88     83     66     75     77
     88     84     78     79     81
     87     80     85     77     88
     82     80     75     83     92
     82     78     75     83     85

     80     79     61     68     74
     80     80     76     71     76
     80     73     81     71     84
     78     73     70     80     84
     75     72     70     80     77

     78     77     59     67     70
     78     78     71     69     73
     79     71     78     68     76
     73     71     68     75     81
     71     68     68     75     74

     59     58     43     52     54
     59     59     55     54     59
     59     55     60     54     61
     57     55     53     59     63
     55     53     53     59     58

     51     49     37     45     49
     51     52     46     46     49
     49     45     54     45     52
     50     45     46     51     57
     50     45     46     51     50

     46     46     32     41     44
     46     46     41     41     42
     46     42     46     41     45
     44     42     39     45     49
     42     41     39     45     46

     39     40     30     37     38
     39     40     37     38     40
     40     36     42     36     41
     41     36     35     41     45
     38     37     35     41     42

     29     30     18     22     25
     29     27     22     25     29
     24     25     28     25     27
     24     25     23     27     29
     29     24     23     27     28

     17     19     13     15     16
     17     16     17     17     18
     16     15     18     16     18
     17     15     15     16     18
     17     15     15     16     19

     20     19     15     17     18
     20     20     19     19     19
     21     18     21     18     20
     19     18     18     19     23
     20     19     18     19     21

     33     32     24     30     30
     33     35     31     30     33
     34     33     36     32     36
     33     33     30     36     38
     34     30     30     36     34

     41     41     27     36     37
     41     41     36     37     39
     39     37     40     35     41
     38     37     34     40     46
     39     36     34     40     40

     46     45     31     39     42
     46     48     43     42     45
     48     44     47     43     48
     46     44     39     48     52
     46     41     39     48     49

     51     49     34     44     45
     51     51     45     45     48
     50     45     52     44     51
     48     45     41     50     57
     47     44     41     50     51

     51     49     33     41     45
     51     49     44     44     47
     48     45     51     43     51
     48     45     41     51     55
     47     42     41     51     48

     50     48     32     42     45
     50     49     42     42     48
     49     45     49     43     49
     46     45     40     50     54
     47     42     40     50     49

     47     47     30     40     43
     47     48     42     41     46
     47     43     48     42     50
     46     43     40     48     55
     46     41     40     48     48

     44     43     28     37     40
     44     46     38     38     42
     43     40     44     37     47
     40     40     36     44     50
     42     37     36     44     44

     44     42     28     36     39
     44     45     39     38     42
     43     39     45     38     44
     42     39     37     44     51
     42     36     37     44     44

     41     41     26     35     38
     41     43     36     37     40
     41     37     43     36     41
     38     37     33     42     46
     39     34     33     42     41

     41     39     25     34     37
     41     40     36     35     38
     40     36     40     34     42
     38     36     33     41     47
     38     33     33     41     41

     36     36     21     31     32
     36     37     32     31     34
     36     32     38     31     39
     35     32     30     36     42
     34     30     30     36     38

     33     33     20     29     29
     33     34     29     29     32
     33     30     35     28     36
     32     30     28     33     39
     32     28     28     33     35

     30     30     19     27     27
     30     30     26     27     29
     31     27     32     26     32
     30     27     26     30     36
     30     26     26     30     32

     23     24     15     20     21
     23     25     21     21     23
     23     20     25     19     25
     23     20     20     25     28
     22     20     20     25     24

     14     15      8     13     13
     14     13     11     12     13
     13     12     15     11     14
     13     12     12     15     18
     13     12     12     15     14

      4      5      3      4      4
      4      5      4      4      4
      4      4      5      4      6
      4      4      5      5      7
      5      4      5      5      4

      4      5      3      3      4
      4      3      3      4      4
      3      3      4      4      5
      4      3      3      4      6
      3      3      3      4      4

      5      6      3      5      5
      5      6      5      5      5
      5      4      7      4      7
      5      4      6      5      7
      5      5      6      5      5

      6      6      2      4      7
      6      5      5      5      6
      4      5      5      3      6
      5      5      5      6      6
      4      4      5      6      6

      9     11      5      7      8
      9      8      7      7      8
      8      8     10      6      9
      8      8      7      8     11
      7      7      7      8      9

     15     16      8     13     15
     15     15     13     13     15
     14     13     14     13     16
     14     13     13     16     19
     16     13     13     16     15

     17     18     10     15     16
     17     18     15     16     18
     18     17     19     15     19
     17     17     15     18     21
     18     16     15     18     19

     17     15      9     15     15
     17     16     15     14     17
     15     14     17     13     17
     17     14     14     17     19
     18     14     14     17     15

     17     18     10     15     17
     17     19     16     16     17
     17     16     20     14     18
     17     16     14     18     20
     17     15     14     18     19

     15     16      8     13     13
     15     17     12     13     16
     14     14     16     12     17
     14     14     13     16     19
     15     13     13     16     15

     17     18      9     15     16
     17     18     15     14     17
     17     14     18     14     19
     17     14     14     18     21
     17     14     14     18     17

     19     19      9     15     16
     19     20     14     16     17
     18     17     21     14     18
     17     17     15     19     22
     17     15     15     19     18

     20     19      9     18     19
     20     21     17     17     20
     19     18     21     15     21
     18     18     15     22     24
     18     16     15     22     21

     20     20      9     17     19
     20     21     17     18     19
     20     16     22     16     21
     18     16     16     20     25
     20     17     16     20     20

     19     19      9     17     16
     19     20     15     15     18
     17     15     21     14     20
     17     15     15     19     21
     17     14     15     19     18

     15     17      8     13     15
     15     17     15     15     15
     16     15     17     12     16
     16     15     13     18     21
     16     14     13     18     18

     19     19      9     17     16
     19     20     15     15     18
     17     15     21     14     20
     17     15     15     19     21
     17     14     15     19     19

     16     14      9     13     15
     16     19     15     19     15
     20     19     16     15     18
     13     19     15     15     16
     18     13     15     15     14

     17     18     13     16     17
     17     15     15     14     16
     20     18     16     13     22
     21     18     17     18     19
     21     12     17     18     16

     16     14     10     16     14
     16     19     17     18     16
     16     15     20     15     19
     19     15     17     17     17
     14     15     17     17     13

     20     15     13     13     12
     20     18     15     13     15
     19     14     17     15     19
     17     14     14     16     17
     15     18     14     16     12

     13     14     11     14     14
     13     15     13     11     15
     17     15     15     13     15
     14     15     11     14     13
     11     16     11     14     12

     10      8      9     11      8
     10     13      8     11     13
     14     11     15     10     12
     13     11     12     11     13
     11     12     12     11      6

    -23     21     28     31     26
    -23      4    -17    -24    -19
      5      0      2     10     19
      1      0      7     -9     12
     15     15      7     -9    -11

      6      4      3      5      4
      6      5      5      6      4
      6      6      7      4      5
      6      6      5      6      5
      7      4      5      6      2

      3      5      1      3      3
      3      5      3      1      3
      4      4      2      1      3
      5      4      4      4      4
      3      1      4      4      3

      0      0      0      0     -1
      0      1      1      0      3
      1      0      0      0      0
      2      0      1      0      1
      2      0      1      0      0

      0      0     -2      2      0
      0      1      0      0      0
      0      0      1      0      3
      0      0      0      0      1
      0     -1      0      0      0

      1      0      0      1     -1
      1      0      0      0     -1
      0      0     -1     -1      0
     -1      0      0      0     -3
      0     -1      0      0     -3

      0      0     -1      0     -2
      0      0      2      0      0
      1      0     -1      0     -1
      1      0      0      1      2
      0     -2      0      1     -1

      7      0      0     -2      0
      7      4      1      2      1
      0      2      1      0      0
      3      2      1     -2      4
      0     -2      1     -2     -2

      1      0      2      0      1
      1      0      1      0      1
      0     -2      2     -2      0
      1     -2      0      0      2
     -1     -2      0      0      0

      1     -1      1      3      0
      1      0     -2      2      0
      0      0     -2      0      0
     -2      0     -3      0      1
      1      0     -3      0     -1

      2      1      1      1      0
      2     -3      0      2      1
      0     -1      0      0      3
      1     -1      4      0      0
      0     -1      4      0     -1

      0      1      0      0      3
      0     -1      0      1      0
      0      1      2      0      1
      0      1      2      1      2
      1      0      2      1     -1

      2      0      1      4      1
      2      1      0      3      3
      2      2     -1      0      2
      1      2      1      0      3
      0     -1      1      0     -1

      6      1      0      1      3
      6      5      4      3      4
      2      1      4      2      4
      4      1      3      2      4
      4      0      3      2      0

      5      2      2      2      2
      5      6      2      4      4
      3      2      6      0      2
      3      2      3      2      4
      3      2      3      2      2

      3      1      3      0      4
      3      4      3      5      0
      1      3      3      0      7
      4      3      3      1      2
      2      1      3      1      2

      7      4      3      2      3
      7      2      3      4      3
      4      4      6      4      4
      5      4      5      2      4
      5      1      5      2      2

      9      7      6      3      5
      9     11      5      8      8
      8      5      7      6     10
      8      5      7      8      7
      6      6      7      8      8

     13      9     12      7     10
     13     13     11     11      8
     13     12     14     10     11
     11     12     12     12      9
      9     10     12     12      8

     14     13     14     11     12
     14     16     13     14     14
     16     14     14     14     16
     14     14     15     14     15
     12     11     15     14     10

     18     14     13     13     12
     18     17     16     15     15
     16     16     17     16     18
     17     16     17     16     17
     16     14     17     16     13

     17     14     14     14     13
     17     18     16     16     16
     16     15     17     16     17
     16     15     14     16     16
     16     15     14     16     14

     20     16     11     13     13
     20     17     14     19     17
     16     15     17     13     21
     19     15     17     18     17
     14     15     17     18     14

     17     16     15     14     14
     17     19     19     18     19
     19     17     20     19     19
     17     17     16     18     21
     15     15     16     18     15

     17     15     14     14     12
     17     18     16     19     18
     18     18     17     16     19
     15     18     16     16     18
     15     15     16     16     13

     13     15     14     13     12
     13     13     14     16     14
     17     14     16     16     16
     15     14     14     16     15
     13     11     14     16     12

     15     11     11     14     12
     15     16     15     15     16
     15     14     16     14     18
     15     14     15     17     15
     14     13     15     17     13

     17     15     12     14     12
     17     16     15     18     16
     16     15     17     16     17
     15     15     15     14     15
     13     12     15     14     12

     13     12     12     10     12
     13     14     14     16     14
     15     13     18     15     17
     15     13     15     12     15
     12     12     15     12     11

     13     12     11     11     11
     13     15     15     15     14
     14     14     15     13     15
     15     14     12     14     14
     12     11     12     14      9

     14     13     13     13     11
     14     18     16     14     15
     17     14     16     15     15
     17     14     14     13     16
     13     12     14     13     13

     15     12     11     10     12
     15     16     15     13     15
     15     13     15     15     15
     14     13     14     14     13
     13     11     14     14     11

     13     11     10     11     10
     13     16     12     13     12
     14     14     13     14     15
     12     14     14     11     14
     11     12     14     11     10

     12     11      8     11     10
     12     13     13     14     13
     12     12     14     13     16
     12     12     14     13     14
     10     13     14     13     10

     12     11     10      8     10
     12     14     12     13     13
     14     12     14     12     15
     15     12     14     13     12
     11     13     14     13      8

     12     11      9     10      8
     12     12     12     12     13
     12     12     15     11     15
     13     12     11     12     14
     10     10     11     12     11

     12     10     11      8     10
     12     13     11     12     13
     13     12     14     12     15
     13     12     12     10     15
      9     11     12     10      9

     12      9     10      8      9
     12     11     11     11     11
     11     12     11     10     12
     13     12     12     11     11
     11      9     12     11      9

     10      9      8      9     10
     10     12     10     11     12
     12     10     11     11     13
     12     10     10      8     11
      9     11     10      8     10

     11     10      9      8      8
     11     12      9     11      8
     12      8      8     11     11
     10      8     10     10     12
     11      8     10     10      7

      9      7      6      9      7
      9     11      9     11     10
     11     10     10      9     13
     10     10     10      7     11
      6      7     10      7      6

      9      6      7      8      8
      9     10      7      8      9
     10     10      8      7     11
     10     10      8      7     11
      8      8      8      7      5

      9     12     13     12     12
      9      8      6      8      7
     12      7      9      7     10
      6      7      8      7      6
      5      6      8      7      5

      7      7      6      5      7
      7      7      5      8      7
      8      8      6      7      8
      9      8      9      8      6
      6      6      9      8      6

      5      6      6      7      3
      5      6      6      7      5
      7      7      8      6      7
      6      7      6      5      9
      4      3      6      5      4

      5      7      4      3      4
      5      6      6      6      4
      6      5      5      2      5
      5      5      5      4      7
      4      4      5      4      5

      4      3      3      4      3
      4      4      3      4      4
      5      3      4      1      3
      4      3      4      3      3
      1      4      4      3      0

      2      1      0     -1      2
      2      2      0      2      4
      3      2      4      1      3
      1      2      2      2      2
      1      1      2      2      2

      1      1      0      0      1
      1      0      0      0      0
      1     -1      0      0      2
      3     -1      0      0      5
      0      0      0      0      1

     -1      1      0      0     -1
     -1      0     -1      0      0
      0      0      1     -1      1
      0      0      1      0      0
     -1      0      1      0      0

      1      0     -2      0      0
      1      0      0     -1      0
      0      0      0     -2      0
      0      0      1      0      0
     -1     -1      1      0      0

      0      0      0      0      0
      0      0      0      0      0
      0      0      2     -1      0
      1      0      0      0      1
      0      1      0      0     -2

      0      0      0     -1      0
      0     -1      0     -1     -1
      0     -1      0      0      0
      0     -1      1      0      2
      0      0      1      0     -2

      0      1     -1      2      1
      0      0      0      0      2
      0      1      2      0      2
      1      1      1      0      0
      0     -1      1      0     -2

      0     -2      0      1      0
      0      1      0      0      0
      0      1      0     -2      0
      1      1      0      0      0
      0      0      0      0     -3

      0     -1      0      0      0
      0      4     -1      0     -1
      0      0      0     -1      0
     -1      0      0      0      1
     -1      0      0      0     -1

      1      0      0     -2      0
      1      1     -3      2      0
      0      0     -1     -1     -2
      0      0      0     -1      1
     -1     -1      0     -1     -1

      0      0      0      0     -2
      0      0      0     -1      0
      0      0      0     -1      0
      0      0      0      0      1
      0      1      0      0     -1

      0      0      0     -1      0
      0      0     -1     -2     -1
      0      2      0      0      0
      0      2      0      0      0
      0      0      0      0      0

      2      0      1      0     -1
      2      0      0      0      0
      0      0     -1      1      0
      1      0      0     -1     -1
      0      0      0     -1      0

      0     -1     -1      0      0
      0      0      0      0      0
      0      0     -1      0      0
      0      0     -1     -1      2
      0      0     -1     -1      0

      1      2      0      0     -1
      1      0      0      0     -1
      1     -1     -2     -1      0
      1     -1      0      0      0
      0      0      0      0      1

      0      0      1      0      0
      0      0      0      0      0
      2      0      0      0      0
      0      0      0      0      0
      0      1      0      0      0

      1      1      0      0      0
      1      0      0     -2     -1
      1      0      0      0      0
      0      0     -2      0      0
      0     -1     -2      0      0

      0      1      0      0      0
      0      0      0      0      0
      0      0      0      0      0
      0      0     -1      0      0
      0      0     -1      0     -1

      0      0      0     -1      0
      0      0      0     -1      0
      0      0      0      0      1
      0      0     -1      0      0
      0      0     -1      0      0

      2      0      1      1      0
      2      1      0      0      1
      0      0      0      0      0
      1      0      1      0      1
      0      1      1      0      0

      1      3      1      0      1
      1      0      4      0      2
      4      1      1      1      2
      3      1      2      0      0
      2      2      2      0      2

      2      3      4      3      2
      2      2      3      3      4
      2      3      2      4      0
      5      3      2      3      1
      4      3      2      3      3

      3      3      4      2      2
      3      2      5      1      4
      3      5      3      3      4
      5      5      4      3      3
      4      4      4      3      4

      4      3      2      2      3
      4      4      3      2      3
      2      4      1      2      3
      3      4      3      2      2
      3      4      3      2      2

      1      1      0      0      0
      1      1      0      0      1
      2      0      0      1      2
      0      0      0      1      0
      0      0      0      1      0

      1      2      0      0      2
      1      2      0      1      2
      1      2      1      1      1
      4      2      1      1      1
      1      2      1      1      3

      5      4      2      4      4
      5      5      6      3      5
      5      5      3      4      3
      5      5      3      4      4
      5      5      3      4      3

      7      7      4      6      6
      7      9      7      4      6
      7      6      7      6      6
      7      6      6      6      8
      6      6      6      6      7

      5      6      5      4      4
      5      6      7      4      5
      7      6      4      4      5
      6      6      4      6      4
      4      5      4      6      4

      4      3      3      3      3
      4      7      4      3      3
      5      3      5      3      5
      5      3      4      4      3
      4      3      4      4      3

      4      4      3      2      3
      4      5      5      3      3
      6      5      5      4      4
      7      5      2      3      3
      3      3      2      3      4

      6      6      4      4      5
      6      5      6      6      6
      6      6      5      5      5
      7      6      7      6      5
      6      5      7      6      5

      7      7      6      5      5
      7      7      7      5      6
      9      8      7      7      6
      7      8      7      8      6
      6      7      7      8      6

      7      6      5      7      6
      7      8      7      5      6
      8      7      7      7      6
      8      7      6      7      7
      5      7      6      7      5

      8      6      5      6      5
      8      6      7      6      7
      8      8      6      6      6
      7      8      6      7      6
      6      7      6      7      8

      7      5      6      6      5
      7      8      7      4      7
      9      7      7      5      8
      8      7      7      7      7
      7      7      7      7      4

      8      7      6      5      6
      8      6      8      7      8
      7      6      7      6      7
      8      6      6      7      6
      8      7      6      7      5

      8      7      6      5      4
      8      6      8      5      9
      9      7      7      7      7
      6      7      7      7      7
      7      8      7      7      6

      7      5      4      6      5
      7      8      7      6      7
      9      7      8      7      7
      8      7      6      7      7
      6      7      6      7      5

      7      7      6      5      5
      7      8      7      5      7
      8      7      6      8      5
      8      7      5      6      7
      5      6      5      6      6

      7      5      4      3      5
      7      6      7      6      6
      8      8      7      4      6
      7      8      5      6      6
      5      6      5      6      4

      5      5      4      4      5
      5      7      7      6      6
      6      7      7      7      8
      8      7      6      6      6
      6      5      6      6      5

      7      6      5      5      3
      7      5      6      4      5
      5      7      6      4      7
      7      7      6      6      6
      5      5      6      6      5

      6      4      5      4      4
      6      6      8      6      7
      8      5      7      6      6
      8      5      5      6      5
      5      6      5      6      6

      7      5      4      5      4
      7      7      7      4      5
      8      7      8      6      5
      7      7      4      5      6
      6      6      4      5      5

      7      5      4      5      5
      7      8      9      6      6
      6      6      7      8      7
      8      6      6      7      6
      6      6      6      7      5

      6      5      6      4      5
      6      7      7      4      7
      8      7      7      8      6
      7      7      7      7      5
      7      4      7      7      7

      7      7      6      2      3
      7      7      6      5      7
      9      7      5      4      7
      6      7      4      6      5
      4      5      4      6      6

      4      5      4      5      6
      4      6      8      5      5
      9      5      6      6      6
      7      5      4      5      6
      6      6      4      5      5

      6      5      5      3      2
      6      6      6      3      6
      8      5      5      7      8
      7      5      4      6      6
      4      5      4      6      4

      6      4      3      3      5
      6      5      5      5      6
      6      6      5      7      5
      7      6      5      7      5
      6      3      5      7      5

      5      3      5      4      5
      5      4      5      4      5
      6      7      5      6      7
      8      7      4      5      3
      6      5      4      5      5

      6      5      4      2      3
      6      5      5      6      7
      4      6      5      4      7
      5      6      3      4      5
      4      3      3      4      6

      7      3      3      3      5
      7      4      4      5      5
      6      5      3      4      3
      6      5      5      5      4
      5      4      5      5      2

      6      4      4      5      4
      6      6      6      4      7
      4      4      5      5      4
      6      4      5      5      4
      4      3      5      5      6

      3      2      3      4      3
      3      4      5      4      4
      3      6      3      6      4
      4      6      5      2      5
      3      5      5      2      4

      5      3      3      3      2
      5      7      5      4      3
      5      6      6      3      6
      6      6      3      3      5
      2      3      3      3      3

      5      2      5      2      1
      5      3      5      3      3
      5      4      2      4      4
      3      4      1      3      3
      3      3      1      3      2

      3      3      5      2      1
      3      3      5      2      2
      3      3      5      3      2
      3      3      1      4      3
      4      1      1      4      5

      2      2      3      4      1
      2      2      2      2      2
      3      1      4      3      2
      4      1      2      0      2
      1      1      2      0      1

      2      2      2      0      2
      2      2      2      2      3
      2      2      1      3      3
      3      2      2      3      1
      3      2      2      3      3

      1      2      3      2      3
      1      1      2      0      4
      4      1      2      2      4
      2      1      2      5      2
      3      1      2      5      2

      3      1      4      1      0
      3      3      2      2      2
      3      0      0      1      0
      1      0      0      3      1
      2     -1      0      3      3

      4      3      1      0      0
      4      0      2      3      2
      1     -1      1      1      1
      2     -1      2      2      2
      3      3      2      2      2

      1      3      4      0      2
      1      1      1      1      1
      1      1      0      4     -1
      3      1      4      1      1
      3      0      4      1      1

      0      1      0      0      0
      0      0      2      0      1
      0      1      0      1      0
     -1      1      0      1      1
      2      1      0      1      1

      5      1      2      2      0
      5      2      3      0      1
      2      0      0      0      2
      3      0      0      0      2
      1      0      0      0      0

      2      0      1      2     -1
      2     -1      3      3      1
      5      1      0      2      0
      4      1      1      0      0
      3      3      1      0      1

      2      1      0      0      5
      2      0      1     -1      4
      0     -2      1      0     -1
      1     -2      0      0      0
      0      0      0      0      1

      0      1      0      0     -1
      0      2      2      0      1
      3      0      0      0      1
      0      0      1      1      0
     -1      0      1      1      1

      1     -2      1      1      0
      1     -2     -1      1      0
      0      2      1      0      2
      0      2      0     -1     -1
      0      0      0     -1      0

     -2      1      0     -2      0
     -2      0      0      0      1
      0     -3      1     -1      1
      0     -3      1      1      2
      0      0      1      1      2

      2     -1      0     -1      0
      2      0      0     -1      1
      0     -1     -3      0      0
      2     -1     -2      0      0
     -1     -1     -2      0      2

      0     -1      0     -2      1
      0     -1      0     -3      0
      1      0     -4      1      0
     -1      0     -2      0     -4
     -1     -5     -2      0      0

