;
; ENVI ASCII Output of file: E:\Imaging\ROI_AVIRIS\5_3_6.img [Fri Nov 17 12:03:23 2017]
; File Dimensions: 5 samples x 5 lines x 224 bands
; Line Format    : (5i7)
;
    477    497    469    489    481
    492    465    505    485    479
    497    503    458    485    494
    480    471    497    489    481
    497    485    473    477    488

    565    572    575    585    587
    546    569    565    573    589
    602    575    573    573    595
    582    575    589    559    559
    568    577    571    567    595

    630    623    626    629    639
    616    631    633    627    629
    615    618    626    627    624
    626    628    625    630    612
    623    613    631    607    616

    808    798    798    787    824
    790    802    806    802    807
    805    789    805    802    802
    810    793    801    788    806
    799    802    805    793    806

   1182   1170   1175   1191   1205
   1176   1180   1187   1176   1187
   1185   1180   1168   1176   1162
   1193   1189   1180   1164   1165
   1189   1182   1185   1174   1174

   1248   1242   1226   1246   1260
   1235   1237   1245   1228   1249
   1246   1233   1241   1228   1237
   1255   1248   1251   1236   1234
   1250   1256   1258   1235   1248

   1175   1161   1170   1177   1203
   1169   1166   1179   1171   1178
   1185   1179   1168   1171   1171
   1189   1177   1178   1171   1174
   1178   1183   1191   1181   1174

   1097   1084   1077   1101   1112
   1090   1087   1089   1092   1085
   1096   1088   1092   1092   1077
   1098   1102   1098   1090   1090
   1106   1095   1095   1094   1098

   1185   1185   1179   1190   1204
   1172   1181   1184   1192   1182
   1208   1189   1185   1192   1175
   1201   1204   1195   1197   1187
   1203   1195   1204   1184   1187

   1219   1211   1201   1221   1227
   1208   1208   1214   1207   1210
   1224   1217   1206   1207   1216
   1224   1213   1223   1207   1218
   1226   1217   1231   1221   1209

   1193   1179   1170   1186   1195
   1185   1174   1187   1176   1189
   1199   1188   1175   1176   1180
   1194   1191   1191   1189   1181
   1184   1194   1187   1184   1185

   1119   1105   1106   1117   1127
   1117   1105   1110   1115   1107
   1124   1111   1108   1115   1113
   1119   1124   1118   1116   1119
   1117   1123   1117   1121   1113

   1060   1046   1040   1060   1062
   1055   1048   1052   1050   1054
   1069   1057   1051   1050   1056
   1053   1063   1063   1049   1055
   1056   1068   1061   1055   1057

    957    948    939    958    954
    962    951    951    950    948
    962    952    952    950    950
    954    956    958    952    964
    948    951    957    953    949

    878    869    851    866    871
    863    869    868    868    863
    878    866    870    868    869
    866    876    874    871    867
    864    876    879    863    865

    775    772    763    775    766
    777    775    766    765    771
    780    778    771    765    771
    772    778    778    777    775
    767    765    781    767    778

    692    684    677    682    681
    682    689    683    685    674
    689    688    680    685    683
    678    686    686    687    682
    683    686    691    683    689

    658    649    644    650    648
    652    654    653    654    644
    656    653    649    654    653
    646    655    655    656    652
    648    653    657    649    659

    623    613    611    618    613
    622    618    623    623    612
    622    618    617    623    623
    614    622    623    624    620
    611    618    622    615    628

    587    583    573    582    577
    585    584    583    583    578
    586    574    576    583    585
    568    578    588    582    584
    570    576    581    578    581

    533    538    527    534    527
    533    537    537    536    530
    534    537    537    536    535
    526    537    537    538    548
    522    531    537    529    538

    493    492    485    493    485
    495    495    497    491    484
    491    495    492    491    497
    491    490    493    489    498
    484    494    495    486    495

    464    465    453    455    454
    460    466    464    462    453
    459    454    462    462    463
    453    457    463    459    467
    448    455    458    456    469

    411    409    404    409    397
    411    417    416    417    407
    411    407    411    417    409
    403    409    412    409    419
    406    406    413    405    415

    391    386    381    378    373
    387    383    384    388    379
    382    383    387    388    387
    379    386    387    385    389
    373    379    383    381    391

    371    372    366    365    365
    379    377    376    374    364
    369    370    374    374    375
    366    368    378    372    379
    359    368    372    369    374

    350    344    344    340    342
    348    355    350    350    340
    344    348    349    350    350
    339    342    351    344    355
    337    343    347    344    351

    322    319    313    316    314
    320    323    325    320    314
    319    317    320    320    322
    314    317    325    322    326
    310    319    323    313    328

    308    308    302    302    297
    308    316    308    314    304
    305    307    308    314    312
    301    307    311    306    315
    301    303    311    307    311

    288    284    279    281    279
    284    290    288    289    282
    285    283    284    289    289
    280    284    289    284    290
    278    281    284    283    291

    275    271    269    262    262
    272    274    269    273    265
    267    270    271    273    276
    264    266    271    269    277
    258    269    270    266    272

    268    262    260    261    257
    263    266    265    269    261
    262    267    270    269    270
    260    265    272    265    270
    255    264    265    265    271

    264    261    263    264    254
    260    269    266    274    258
    262    269    267    274    269
    262    266    272    267    271
    254    268    261    267    270

    267    262    261    261    256
    263    266    265    268    259
    262    266    272    268    270
    259    265    271    265    270
    255    263    264    264    270

    246    246    250    248    236
    245    251    248    251    242
    248    252    254    251    255
    242    251    253    247    254
    238    245    246    244    250

    216    215    221    220    210
    215    225    221    218    215
    220    222    229    218    224
    213    220    225    217    225
    211    215    214    216    222

    192    198    193    196    185
    191    198    198    194    187
    193    197    202    194    200
    187    194    195    193    200
    186    193    192    192    197

    184    189    194    189    178
    185    193    189    190    180
    188    188    199    190    192
    181    187    191    186    195
    179    182    181    185    189

    165    172    175    175    161
    167    176    172    173    164
    173    170    181    173    176
    164    170    173    169    174
    163    168    168    167    173

    127    132    138    133    124
    132    137    133    131    126
    135    130    142    131    136
    127    133    135    132    134
    127    128    129    129    135

    139    145    145    141    131
    137    146    144    140    135
    141    142    152    140    145
    136    143    143    139    143
    136    135    136    139    144

    152    159    161    157    144
    152    164    157    154    148
    156    151    164    154    160
    151    157    157    154    161
    148    152    153    150    155

    150    158    162    160    146
    151    165    157    155    145
    158    154    168    155    163
    151    161    157    153    160
    150    150    152    150    158

     91     97     98     95     87
     93     98     95     94     90
     93     92    102     94     97
     91     97     95     94     97
     91     92     90     90     96

    119    125    128    124    110
    120    129    125    122    113
    124    119    133    122    126
    117    125    122    120    124
    117    117    117    117    120

    125    132    137    131    120
    126    133    131    130    121
    127    124    143    130    132
    123    131    130    127    133
    125    122    125    126    130

    111    121    127    121    106
    116    124    121    117    111
    122    114    132    117    124
    111    120    120    117    120
    113    114    113    114    118

    102    111    117    112    102
    105    113    111    110    102
    113    107    121    110    115
    104    114    109    110    111
    108    102    103    106    109

     94    104    107    102     91
     97    103    103     98     91
    105     97    112     98    104
     93    105     99     97    103
     98     95     95     97    100

     77     81     85     80     72
     78     81     81     79     73
     81     78     90     79     82
     76     82     78     76     80
     78     75     76     77     78

     76     84     85     81     71
     80     85     83     80     73
     82     80     92     80     82
     76     81     80     79     84
     80     75     76     77     80

     80     88     91     87     76
     84     91     86     84     77
     87     81     97     84     87
     79     87     83     83     89
     85     78     81     80     84

     85     93     96     93     81
     88     95     91     88     81
     94     86    104     88     95
     87     93     91     89     93
     88     86     86     87     89

     82     88     94     86     76
     84     89     87     85     75
     87     81     98     85     90
     79     90     82     84     87
     83     80     81     82     84

     77     88     89     84     74
     81     88     84     82     73
     89     80     98     82     88
     79     87     82     81     86
     83     77     78     80     81

     73     83     87     78     70
     77     82     80     74     68
     80     74     90     74     82
     74     81     76     76     79
     79     70     73     73     76

     70     78     80     75     67
     72     78     76     72     66
     77     70     85     72     79
     68     78     73     72     78
     76     69     70     69     74

     54     58     63     58     50
     56     61     60     54     48
     59     55     68     54     59
     56     62     56     57     60
     60     53     53     56     56

     45     48     53     47     42
     47     51     51     46     41
     51     45     55     46     50
     46     50     48     46     50
     51     45     44     48     48

     39     45     47     43     40
     45     45     46     41     37
     46     41     55     41     44
     43     47     43     42     44
     45     40     41     44     45

     37     40     41     39     37
     40     41     39     38     34
     42     37     47     38     40
     37     42     39     38     42
     43     38     35     41     43

     23     24     28     25     22
     24     26     24     23     21
     24     25     31     23     27
     25     28     27     25     27
     25     27     24     29     28

     14     15     18     17     15
     16     18     17     15     13
     17     14     20     15     15
     19     20     18     16     17
     18     16     15     18     16

     17     19     19     18     18
     17     21     19     16     16
     20     18     24     16     21
     21     21     20     19     21
     21     20     18     20     20

     30     35     35     32     29
     34     35     34     30     27
     34     31     41     30     35
     33     35     32     33     36
     35     31     31     33     34

     35     39     41     37     34
     39     40     37     35     30
     41     37     47     35     40
     37     43     37     39     41
     41     35     34     38     38

     41     47     48     44     37
     45     49     47     42     36
     50     42     56     42     47
     43     47     44     44     49
     48     40     41     44     45

     43     53     53     47     40
     48     53     49     45     38
     51     43     60     45     50
     45     52     46     46     51
     48     44     43     48     48

     42     49     53     47     39
     45     51     49     42     36
     51     43     59     42     48
     46     52     45     45     49
     49     42     44     46     47

     42     49     50     46     38
     45     51     47     43     37
     50     43     58     43     49
     43     51     43     46     49
     48     41     41     44     45

     40     49     51     44     38
     44     49     46     41     36
     48     40     57     41     49
     42     49     42     43     48
     47     40     41     45     46

     36     43     47     40     35
     40     46     44     38     32
     44     39     53     38     44
     39     48     39     41     45
     43     37     37     40     43

     36     44     47     40     34
     41     45     42     38     32
     45     38     53     38     44
     40     46     39     41     45
     43     37     37     40     42

     34     40     43     37     32
     38     41     39     35     29
     41     35     49     35     40
     36     42     36     39     41
     42     33     35     37     39

     33     39     44     37     32
     38     41     40     34     30
     41     34     50     34     39
     36     43     35     38     40
     41     32     34     36     38

     31     37     39     33     27
     33     37     34     30     26
     36     30     45     30     37
     33     38     32     33     37
     35     29     30     33     33

     28     34     35     30     26
     31     34     31     28     24
     34     28     42     28     34
     30     36     30     30     34
     33     27     28     30     31

     24     30     31     27     24
     29     31     28     25     21
     32     26     39     25     31
     27     34     27     27     31
     31     25     25     28     28

     20     24     25     20     19
     22     24     21     19     17
     24     20     29     19     23
     21     26     21     22     22
     24     19     20     21     22

     12     14     13     13     11
     13     13     13     11      9
     15     11     17     11     13
     14     16     13     12     15
     15     12     11     14     14

      3      4      5      3      5
      4      5      4      4      4
      5      4      6      4      4
      4      6      4      4      6
      6      4      4      5      5

      1      4      4      3      3
      5      4      3      3      2
      4      3      5      3      3
      3      5      4      2      5
      5      3      3      3      4

      3      4      5      5      5
      5      6      5      5      4
      5      5      7      5      6
      5      5      6      5      6
      6      5      4      7      4

      3      5      5      5      5
      6      5      6      5      4
      6      4      8      5      5
      6      6      6      5      7
      6      4      5      5      5

      6      8     10      8      7
      8      8      8      7      5
      9      6     12      7      8
      9     10      7      7      9
     10      7      7      8      9

     11     15     16     14     12
     14     15     14     11     10
     16     12     20     11     15
     14     17     13     13     15
     16     12     13     15     14

     14     19     19     15     14
     18     19     16     14     12
     19     15     24     14     17
     17     19     16     16     18
     20     14     15     18     16

     13     16     17     14     13
     15     17     15     13     11
     17     14     21     13     15
     15     18     14     15     16
     18     13     14     16     15

     13     18     19     15     14
     14     18     15     14     12
     18     13     24     14     18
     16     19     16     16     18
     19     14     14     17     17

     11     16     16     13     12
     13     14     15     12     10
     16     12     21     12     16
     14     18     13     13     17
     18     12     13     14     14

     13     17     19     16     13
     15     18     15     14     11
     18     13     21     14     17
     15     18     15     15     18
     19     13     14     16     17

     14     17     19     16     13
     16     18     16     14     12
     18     15     23     14     18
     16     20     17     16     20
     19     13     14     17     17

     15     20     20     18     15
     18     20     18     15     13
     21     15     28     15     19
     17     21     17     18     20
     21     15     17     18     18

     14     19     21     16     14
     19     20     17     16     13
     21     16     26     16     18
     18     22     17     18     21
     20     14     15     18     18

     14     19     20     16     13
     16     19     16     14     12
     18     14     25     14     18
     16     20     16     16     19
     17     15     14     18     17

     11     15     17     15     13
     16     17     15     13     10
     18     12     23     13     16
     15     18     15     15     18
     18     12     13     15     15

     14     19     20     16     13
     16     19     16     14     12
     18     14     26     14     18
     16     20     16     16     19
     17     15     14     17     17

     15     14     16     14     11
     15     15     16     12     14
     16     15     20     12     17
     13     15     15     19     20
     17     12     19     15     18

     13     19     11     13     14
     14     14     16     13     15
     19     16     15     13     22
     18     14     16     16     18
     16     15     17     15     16

     14     14     17     11     14
     15     14     19     13     17
     18     13     16     13     16
     12     15     15     17     19
     18     22     15     16     19

     18     16     13     15     10
     13     17     14     14     14
     18     15     18     14     14
     17     16     14     14     17
     15     13     15     15     11

     14     11     12     10     11
     10     11     15     13     14
     15     15     14     13     15
     11     15     13     13     15
     13     12     12     14     14

      9     12     12     10     10
     10     10     11     11     10
     12     12     12     11     10
     11      8     11     11     11
     11      9      9     12     11

    -16     -4    -26     15     15
     -5     12     19      2     -2
    -28    -14      2      2    -18
      2    -24    -33     -7     -9
      2    -11    -25      9      3

      6      5      6      5      4
      2      3      6      5      5
      6      3      6      5      6
      7      5      5      5      6
      7      6      4      6      6

      2      5      1      2      4
      2      2      4      1      4
      2      2      3      1      2
      4      3      2      5      3
      3      4      2      5      3

      0      3      1     -1      0
      0      0      1      0     -1
      2     -1      0      0      2
      0      1      0      1      3
      1      0      0      1      1

     -1      0     -1      0      0
      0     -2      2      0      0
      0      0      0      0      0
      1     -2      1      0      0
      0      0      1      0      0

      0      0     -1      0      2
     -3      0      2      1      0
      2      0      1      1      0
      0      0     -1      0      1
      1      0      0      0     -3

      0      0      0     -1      0
      0      0      1      0      0
      0      0      2      0      0
      0      0      0      0      2
      3      0      3      0      0

      3      4     -1      0     -1
     -2     -5     -1     -5     -1
      0     -6     -4     -5      0
      0      1      3      0      6
      3      1      0      9      0

      1      2      1      0      0
     -1     -2      1      0      0
      1     -2      2      0     -1
      1      0     -2     -2      3
      2      0      2      2      1

     -2      1      2     -2     -2
     -1     -4      0     -1     -2
      0     -2      1     -1     -2
      1     -2      1      0      1
      1      1     -1      1      1

      1      0      0      0      1
     -1      0      0      0      0
      3     -2      1      0      1
      0      2      0      0      0
      0      1      2      0      2

      0      2      1      0      0
      0      1      1      1     -1
      2      0      2      1      0
      1      2      1      0      1
      2     -1      0      2     -1

      0      2      0      3     -1
     -2      0      2      0      2
      1      0      0      0      1
      2      0      0      2      2
      3      0      0      1      4

      2      3      3      1      0
      0      0      2      2      1
      4      1      2      2      0
      2      3      3      3      1
      3      4      1      0      2

      3      5      2      0      3
      3      2      4      3      3
      4      3      2      3      4
      0      2      1      4      4
      5      2      5      3      3

      1      3      3      1      0
      2      1      3      3      1
      1      2      4      3      4
      2      2      3      4      4
      2      2      3      1      5

      2      5      3      4      3
      2      2      3      2      2
      4      3      5      2      4
      3      4      3      4      4
      5      3      2      3      3

      8      8      5      7      6
      8      8      9      8      8
      8     10      8      8      9
      7      8      6      7      8
      9      4      8      8      7

     10     12     11      9      9
      9     10     11      8     11
      8     11     12      8     11
     12      9      9     10     12
     12     11     13      9     10

     13     13     12     13     13
     11     12     13     13     13
     12     13     12     13     13
     12     11     13     12     14
     14     13     13     13     13

     14     16     14     13     13
     13     11     15     15     14
     15     14     14     15     16
     14     12     16     13     14
     14     14     16     14     14

     15     17     15     11     12
     14     12     15     14     14
     13     14     13     14     15
     15     14     14     15     14
     14     13     14     13     16

     16     21     16     17     14
     19     15     15     13     17
     16     18     16     13     17
     17     12     18     12     16
     15     19     15     15     19

     18     16     17     16     13
     15     14     17     15     14
     17     18     16     15     16
     12     15     17     17     16
     15     15     15     16     16

     15     16     16     12     11
     14     15     15     16     14
     12     15     15     16     15
     14     15     15     15     17
     13     14     13     15     13

     11     12     12     13     11
     12     12     14     12     11
     11     12     13     12     13
     14     15     13     12     14
     11     14     12     12     15

     15     14     13     12     11
     13     14     15     13     13
     12     13     14     13     16
     14     12     13     14     15
     12     14     13     14     12

     13     14     13     12     13
     13     12     18     13     14
     12     14     14     13     14
     12     13     15     14     16
     13     15     13     13     14

     12     15     14     10     10
     11     12     14     14     12
     12     12     12     14     14
     12     12     14     14     14
     10     13     11     13     12

      9     13     10     12     13
     12     11     12     12     11
     12     12     12     12     12
     13     13     11     16     14
     12     11      9     13     11

     12     14     13     12     12
     12     12     14     12     13
     13     12     14     12     14
     10     11     13     12     13
     14     13     13     13     13

     12     14     11     11     12
     12     11     13     12     11
     11     11     12     12     15
     12     10     12     13     13
     12     11     12     14     14

     12     14     11      9     10
     11     12     14     11     11
     10     12     12     11     12
      9     11     12     14     14
     10     12     11     12     12

     11     12     10     10      9
     11      8     13     12     11
     11     12     13     12     13
     10     11     11     11     13
     11     12     11     12     10

     10     13     11      9     12
     10      8     12     10     11
     11     11     11     10     12
      9      9     12     13     12
     10     10      9     11     11

     12     11     11      9      8
      9      9     12     12     12
     10     12     12     12     12
     10     10     10     10     13
     10     10     10     10     11

     11     13     12     10     10
     10     11     12     11     12
     12     11     10     11     12
     10     11     10     11     13
     10     10     11     11     12

     10     12      8      9      8
      9      9     10     11      9
     11     11     11     11     12
     10     10     11     12     13
      9     10      9      9     10

     11      9      7      7      7
      7      9     10      8     10
      9     11      9      8      8
     10      8     10      8     11
     10     10      9      9      8

      9      9      8      8      8
      7      6      9      9      8
      9      8      9      9      9
      8      7      9      9      9
     10      9      8      9      6

      8      9      8      7      7
      8      6     11      5      8
      8      8      8      5      7
      8      8      8      9     10
      7      8      9      9      9

      7      9      6      7      7
      5      8      7      8      7
      6      8      8      8      8
      6      7      6      9     10
      9      8      7      9      8

     11     12      7      6      8
      4      7     10      7      9
      7      7      9      7      6
      8      8      6      6      9
      8      9      8     11      8

      3      4      6      5      4
      6      4      6      6      5
      5      4      6      6      6
      4      6      7      9      8
      6      5      8      7      6

      5      5      6      2      6
      4      5      5      5      4
      5      6      6      5      6
      6      6      5      6      7
      6      7      4      5      5

      3      3      4      4      4
      3      4      5      4      3
      5      4      5      4      4
      5      4      4      4      5
      4      4      3      6      3

      4      3      4      2      1
      1      1      3      3      2
      2      3      4      3      4
      3      3      2      4      3
      5      4      2      3      3

      3      1      3      0      1
      1      2      3      3      0
      1      3      3      3      1
      2      1      2      3      3
      1      1      0      3      1

      0      2      0      0      1
     -1      0      0      0      0
      1      0      0      0      1
      0      0      0      1      0
      3      2      1      2      0

      0      0      0      0      0
     -2      0      1      0     -1
      1     -1      0      0      0
     -1      1     -1      1      1
      0      0      0      0     -1

      0      2      0     -1      0
     -3      0      2      0     -1
      0      0      0      0     -1
      1      1     -2      1      0
      0      0      0      0      0

      0      0      2      0     -1
     -1      0      0      0      0
      0      0      1      0      0
      0      0      1      1      0
      0      0      0      0      0

      0      0      1     -1     -3
     -1     -1     -1      0     -1
      0      0     -2      0      0
     -1      0     -1     -1      2
      0      0      0      0     -1

     -1      1      0      0      0
      0      0      0     -1      0
      2     -2      0     -1     -1
      0      0      0      0      2
      1     -1     -1      0     -1

      0      0      0      1      0
      0      0      0      0      1
      0      0      1      0     -3
      0      0      0      0      1
      0      0      0      0      0

     -1      0      1      0      0
     -2      0      0     -1      0
     -2      0      0     -1     -1
      1      0      0     -1      1
      3      0     -2      0     -1

     -1      0      0      0     -1
     -2     -1      0     -1      0
      0     -1      1     -1      1
      2      1      0      3      2
      0      1     -1      2     -1

      0      0      0      0      0
      0      0      0      0      0
      0     -1      0      0      0
      0      0     -1      0      0
      0     -1      0      0      0

      0      0      0      0      0
      0      0      0      2      0
     -1     -1      0      2      0
      1      0      0      0      0
      0     -1      0      0      0

      0      1      0      1      0
     -1      0      0      0      0
      0      0      0      0      1
      1      1     -1      0     -1
      0      0     -1      0      0

      0      0      0      1      1
      1     -2     -1      1      0
      0      0      0      1      0
      1      0      0      0      0
      0      1     -1     -1     -2

      0      0      0      0      0
      1     -1     -1      0      0
      0      0      0      0      0
      0      0      0      0     -2
     -2      0     -1      0     -2

      0      0      1      0      0
      0     -1     -2      0     -1
      0      0      0      0      0
      0     -1      0      0     -1
      0      0      0      1      0

     -2      0      1      0     -1
      0      0      0      0      0
      0     -1      0      0      0
      0      0      0      0      0
      0      1      0      0      0

      0      0      0      0     -1
      0      0      0      0      0
      0      0      0      0      0
      0      0      0      0      0
      0      0      0      0      0

      0      0      0      0      0
      0      0      0      1      0
      0      0      0      1      0
      0      0      0      0      0
      0      0      0      0      0

      1      1      0      0     -1
     -1      0      0      0      1
      1      1     -1      0      0
      0      0      0      1      2
      1      1     -1      1      0

      1      2      2      1      1
      0      0      0      2      3
      0      0      0      2      0
      1      2      2      1      0
      1      1      0      1      3

      1      1      3      1      2
      1      1      2      2      2
      5      2      3      2      3
      2      3      3      2      3
      3      3      0      3      2

      4      4      2      5      4
      3      3      3      4      3
      5      3      2      4      3
      5      3      4      4      5
      3      6      3      4      3

      2      2      1      2      3
      2      1      3      4      1
      3      1      2      4      1
      1      1      2      1      4
      2      2      1      3      2

      1      1      1      0      1
      2      2      2      1      0
      0      0      0      1      0
      1      1      0      1      0
      0      2      0      1      1

      0      1      0      2      0
      0      0      0      1      1
      4      1      2      1      0
      2      1      2      0      1
      0      1      0      1      1

      2      4      4      2      2
      4      3      4      4      3
      3      2      3      4      4
      5      4      3      4      5
      5      5      3      4      3

      5      4      3      6      4
      5      5      6      7      5
      5      3      6      7      6
      6      6      5      6      6
      5      6      5      5      5

      5      4      4      4      4
      4      3      5      4      4
      3      3      6      4      5
      6      5      5      4      3
      6      7      5      4      3

      3      4      2      3      2
      3      2      3      4      4
      3      1      3      4      4
      4      5      3      3      5
      3      4      3      2      3

      4      4      2      3      3
      2      2      3      3      3
      3      3      4      3      4
      3      3      4      3      4
      4      4      3      3      3

      6      3      4      5      4
      5      3      4      5      5
      5      4      5      5      5
      6      5      6      6      6
      5      5      5      4      4

      5      5      4      5      5
      5      3      5      6      4
      7      4      5      6      7
      5      5      4      4      5
      5      6      4      5      5

      6      5      4      5      6
      5      4      4      5      5
      6      4      6      5      7
      6      7      4      6      6
      5      7      6      5      7

      5      5      5      6      5
      6      5      4      7      5
      7      5      6      7      5
      6      5      6      6      5
      6      7      4      7      6

      6      6      4      6      5
      6      5      5      6      6
      6      5      4      6      6
      6      5      5      5      6
      4      6      5      5      7

      5      5      4      5      4
      7      5      5      6      7
      5      5      5      6      7
      5      6      6      6      6
      6      7      6      6      5

      6      5      4      5      5
      5      6      5      6      5
      7      5      4      6      7
      7      7      5      6      7
      5      5      4      6      6

      5      5      5      3      4
      7      7      6      7      6
      4      4      5      7      7
      6      5      6      6      6
      6      5      5      6      6

      5      5      3      4      6
      5      5      5      6      4
      5      3      5      6      6
      5      5      5      5      6
      4      5      6      4      5

      4      4      4      3      4
      4      4      3      5      4
      5      3      5      5      6
      5      5      6      6      7
      6      5      6      4      4

      4      6      2      4      5
      4      4      5      6      5
      4      2      5      6      7
      6      5      5      5      6
      5      5      4      5      5

      5      5      4      4      5
      3      3      3      4      5
      5      2      4      4      6
      5      5      5      5      5
      5      4      4      4      5

      5      5      3      2      3
      2      3      4      4      5
      3      4      4      4      4
      5      3      4      4      3
      3      6      4      5      4

      5      3      4      5      4
      5      3      5      6      6
      4      4      4      6      4
      4      6      4      4      5
      3      5      5      2      5

      5      5      5      4      5
      3      4      4      5      5
      5      1      4      5      4
      6      5      5      5      3
      6      4      6      5      3

      4      6      3      2      4
      4      5      3      5      6
      5      4      5      5      6
      4      4      4      5      7
      4      4      5      6      6

      4      5      4      3      4
      5      5      4      4      5
      4      3      4      4      6
      5      4      3      5      5
      4      5      4      7      5

      5      4      4      4      4
      5      5      4      4      5
      4      2      3      4      6
      5      4      4      6      5
      3      6      4      3      2

      3      6      4      4      4
      4      4      5      6      4
      4      3      2      6      6
      5      4      3      5      4
      1      6      4      4      4

      3      5      4      3      2
      6      3      2      5      4
      4      2      4      5      6
      6      5      3      3      5
      3      4      3      3      3

      4      4      3      3      3
      4      5      3      5      3
      5      2      3      5      6
      4      3      5      4      4
      3      5      3      4      3

      5      6      5      3      2
      3      3      4      4      4
      4      3      3      4      4
      4      4      3      3      5
      5      2      1      3      2

      4      4      2      3      5
      3      4      2      4      2
      4      2      3      4      3
      3      3      4      3      2
      3      2      3      3      0

      4      3      3      3      5
      3      3      2      5      4
      3      3      4      5      3
      4      5      3      4      3
      4      2      3      4      0

      1      3      1      6      2
      2      2      2      3      1
      2      2      1      3      3
      3      3      5      2      2
      2      3      2      3      3

      3      4      3      1      2
      2      1      3      3      2
      3      1      2      3      3
      3      4      4      2      2
      2      2      0      4      1

      3      2      2      4      4
      3      2      1      1      4
      3      0      1      1      3
      2      1      2      2      1
      0      2      2      2      2

      1      5      1      2      3
      1      2      1      5      3
      1      1      2      5      3
      3      4      2      2      3
      2      3      3      4      1

      3      2      2      0      3
      0      2      1      3      3
      3      1      2      3      3
      3      3      2      2      1
      2      2      3      1      2

      3      0      1      2      0
      0      0      1      3      3
      2      2      0      3      1
      4      1      0      1      2
      1      4      2      3      1

      0      3      3      1      0
      3     -1      1      0      0
      1      1      0      0      1
      3      3      2      1      0
      3      2      1      1      1

      1      3      3      1      0
      1      1      0      0      1
      1      1      0      0      1
      1      0      1      0      1
      1      3      0      1      0

      1      6      1      1      0
      2      2      2      0      1
      2      4     -1      0      3
      1      0      3      2      3
      0      1     -1      1      0

      1      3      1      2      0
      0      1      0      0      2
      1      0      1      0      0
      2     -2      0      1      0
      1      0     -1      1      1

      1      0      2      0      0
      1      0      0      3      0
     -1      0      0      3      0
      0      1      0      2      3
      0      1      1      2      1

      2      0      0      0     -2
      0      1      2      1      0
      0      0      1      1      0
      0      2      3      1      0
     -2      3      2      2     -1

      3      0      1      6     -1
      0      2      0      0      0
      0     -1      0      0      2
     -2      1     -1     -1      1
      0      5     -3      2     -1

      0      1     -1      1      0
      0      0      0      2      1
      1      0     -1      2      3
      0      0     -1      0     -1
      1      2     -2      0     -1

     -1     -2      1      1     -3
     -2      0      1      3      2
      0      1     -1      3      1
      1      1      1      0      0
      0      3      0      0      1

      0      2      2      0     -1
      0     -1      3      0      0
      1      1      1      0      0
      1      0      1      0      2
      1     -1     -1     -1      0

     -1      0      2     -2      0
      0      0      2      0      0
      0     -3      1      0     -1
      2      0     -2     -2      0
     -2      1     -2      0      2

     -2      0      0      0     -1
     -4      2     -1     -2     -1
      1     -2      0     -2      1
      0      1      1      0     -1
     -2      1     -3      0     -1

      0      0     -2      1      0
      0     -1      2      4     -2
      0     -1      0      4      1
      1     -3     -1      1      0
      1      0     -1     -2     -1

