;
; ENVI ASCII Output of file: E:\Imaging\ROI_AVIRIS\5_4_10.img [Fri Nov 17 12:08:03 2017]
; File Dimensions: 5 samples x 5 lines x 224 bands
; Line Format    : (5i7)
;
    450    474    446    444    439
    439    447    449    449    451
    457    446    449    441    457
    443    454    453    441    448
    454    457    453    465    450

    528    559    536    548    531
    528    527    528    519    523
    533    548    528    531    541
    521    538    533    527    530
    532    529    533    549    524

    557    566    568    577    569
    563    581    561    576    562
    591    567    567    582    559
    569    565    561    564    570
    557    576    561    584    565

    717    723    724    719    722
    709    727    728    717    718
    712    721    701    717    724
    708    712    706    710    712
    718    715    706    719    714

   1053   1048   1060   1049   1056
   1059   1058   1046   1060   1046
   1042   1041   1037   1050   1056
   1038   1048   1058   1046   1054
   1047   1030   1058   1053   1056

   1105   1106   1106   1097   1097
   1102   1103   1094   1093   1091
   1082   1092   1097   1098   1091
   1095   1101   1089   1094   1100
   1097   1087   1089   1092   1090

   1045   1039   1041   1038   1038
   1046   1039   1031   1028   1022
   1031   1034   1032   1029   1037
   1039   1036   1030   1022   1035
   1027   1023   1030   1024   1021

    966    970    980    969    967
    969    964    951    954    941
    951    951    947    949    955
    954    947    947    950    950
    949    949    947    949    942

   1059   1070   1056   1042   1048
   1065   1052   1034   1029   1039
   1037   1041   1026   1034   1032
   1042   1040   1041   1027   1032
   1034   1031   1041   1036   1029

   1090   1080   1090   1079   1075
   1093   1076   1069   1057   1052
   1069   1065   1061   1057   1055
   1068   1064   1059   1052   1058
   1061   1059   1059   1062   1052

   1063   1060   1056   1050   1052
   1064   1052   1027   1033   1021
   1043   1044   1036   1028   1028
   1037   1033   1029   1021   1023
   1026   1037   1029   1042   1022

    997    998   1010    994    983
   1003    989    971    969    960
    982    971    968    964    963
    978    975    973    967    970
    966    970    973    964    961

    959    958    953    942    934
    955    952    922    922    913
    929    932    922    920    910
    931    925    921    916    910
    916    927    921    921    916

    871    871    872    861    856
    868    866    851    842    835
    851    843    837    841    836
    857    841    850    836    832
    837    848    850    848    834

    804    804    807    799    792
    813    803    784    784    773
    787    788    781    785    779
    787    787    786    784    776
    783    783    786    784    776

    728    735    726    729    725
    732    725    717    715    710
    717    719    714    711    712
    725    722    720    713    713
    715    717    720    722    710

    656    651    654    653    650
    654    652    648    651    646
    647    651    645    644    645
    649    644    649    645    640
    639    646    649    645    640

    626    624    625    624    625
    625    624    622    622    619
    623    623    621    619    620
    623    621    621    618    616
    618    617    621    619    616

    594    596    595    594    599
    596    596    595    592    592
    597    595    595    593    594
    597    597    592    591    591
    595    587    592    593    592

    562    562    560    563    560
    561    560    564    560    562
    565    560    562    562    565
    564    564    557    559    560
    563    560    557    554    550

    516    520    515    517    524
    512    515    522    522    521
    524    523    520    522    525
    527    528    524    523    522
    522    521    524    520    520

    481    481    474    481    483
    480    484    484    486    488
    483    487    482    486    492
    486    489    479    484    481
    487    479    479    483    481

    448    450    448    452    453
    448    450    459    462    463
    452    454    456    462    464
    459    461    453    459    458
    461    454    453    454    451

    395    400    403    405    413
    399    400    417    419    422
    409    409    414    422    430
    413    420    413    417    414
    417    405    413    410    410

    375    376    379    381    388
    372    379    391    399    406
    387    389    395    397    408
    394    395    392    393    397
    394    381    392    382    382

    360    365    365    370    383
    365    370    384    386    393
    382    381    384    392    401
    384    392    384    382    385
    385    375    384    377    374

    342    343    341    348    358
    341    345    356    367    370
    353    358    361    367    375
    359    365    354    362    362
    361    350    354    355    351

    317    317    318    323    331
    317    316    337    339    353
    331    331    342    343    350
    338    343    332    334    336
    337    326    332    329    329

    304    305    305    313    324
    304    308    326    331    336
    319    322    329    337    341
    326    328    317    324    326
    326    313    317    314    313

    278    281    282    291    300
    279    285    304    312    314
    299    301    308    312    320
    303    308    298    300    302
    300    290    298    291    293

    261    270    271    274    289
    264    269    287    294    304
    286    286    294    305    308
    293    295    284    289    291
    286    274    284    277    279

    258    262    268    273    284
    262    266    289    296    300
    280    286    290    298    308
    286    292    279    280    285
    281    277    279    275    274

    251    263    267    273    280
    266    264    281    295    298
    278    284    289    298    301
    279    289    274    275    282
    281    272    274    271    269

    258    261    267    275    286
    262    267    289    296    300
    280    286    290    298    307
    286    292    280    280    284
    281    277    280    275    273

    242    244    248    262    271
    248    247    273    277    284
    263    272    272    282    290
    268    278    263    267    262
    268    259    263    257    254

    211    213    218    228    240
    218    220    245    251    257
    233    241    244    250    264
    240    245    234    233    236
    240    228    234    228    224

    188    188    192    205    211
    191    196    216    222    226
    213    218    220    224    233
    214    223    206    206    210
    212    202    206    200    195

    183    180    184    198    208
    188    188    208    218    221
    203    212    213    219    231
    208    216    199    201    202
    207    198    199    195    191

    164    168    169    180    191
    170    173    193    201    207
    190    193    196    203    214
    192    199    182    184    187
    192    180    182    174    170

    131    129    130    139    149
    132    134    151    155    165
    148    150    153    157    167
    151    156    144    143    140
    150    140    144    140    132

    137    136    138    149    161
    144    143    161    171    175
    158    164    162    171    183
    162    167    150    154    156
    160    150    150    146    141

    148    149    152    167    172
    156    158    182    191    199
    173    184    184    188    208
    182    186    169    171    173
    178    164    169    161    155

    153    148    153    168    178
    156    160    180    195    199
    179    183    184    192    210
    181    190    170    170    174
    181    164    170    161    154

     91     89     90    102    109
     96     98    112    122    124
    111    111    112    117    131
    114    115    104    106    106
    108     99    104     99     93

    119    115    117    134    138
    124    127    147    156    166
    145    152    149    156    175
    148    155    137    135    140
    143    132    137    131    120

    124    121    126    142    149
    131    136    157    168    175
    154    160    155    165    187
    156    165    142    141    147
    153    139    142    137    125

    115    108    115    130    137
    120    122    146    157    162
    139    150    143    151    176
    147    151    132    127    133
    142    127    132    128    115

    106    102    106    121    130
    112    116    136    148    155
    135    138    135    141    164
    138    142    124    122    125
    132    116    124    116    108

     98     92     96    109    115
    104    104    123    137    142
    125    128    122    130    152
    126    131    109    113    113
    121    104    109    106     95

     80     73     76     89     95
     80     82     99    110    112
     98    101     98    105    121
    102    104     88     88     90
     94     86     88     84     77

     79     73     78     89     97
     84     87    102    115    118
    102    104    101    108    125
    105    108     92     92     92
     99     87     92     85     76

     84     77     80     94    101
     88     91    108    123    130
    110    111    109    118    138
    109    117     97     96    100
    108     92     97     91     81

     90     81     86    102    109
     95     95    120    133    138
    116    121    116    127    151
    120    122    100    105    105
    113     97    100     97     83

     86     77     80     94    104
     87     91    114    130    135
    112    117    111    121    147
    116    119     98     98     99
    107     92     98     93     81

     83     74     79     94    103
     87     90    114    129    133
    110    116    109    117    144
    116    118     97    100     96
    106     88     97     90     78

     77     70     72     88     96
     82     86    110    122    129
    104    112    103    114    140
    109    113     91     91     93
    103     86     91     85     74

     73     66     70     86     96
     79     79    106    119    123
    101    104     99    108    136
    103    105     85     88     87
     98     80     85     81     69

     56     51     52     67     73
     63     63     81     92     96
     76     79     78     86    102
     79     80     65     68     65
     74     61     65     62     53

     48     45     44     58     64
     51     53     69     77     83
     63     67     61     71     84
     68     67     57     57     55
     60     51     57     53     44

     45     38     42     53     61
     47     49     63     70     76
     61     62     58     65     76
     61     62     51     53     49
     53     47     51     47     42

     41     34     35     48     57
     43     44     55     62     69
     53     54     52     62     69
     55     53     44     46     45
     48     42     44     41     36

     27     27     26     39     51
     30     34     37     39     40
     34     36     37     38     35
     35     33     30     30     26
     28     27     30     27     23

     18     17     18     23     28
     20     20     23     27     27
     21     21     23     23     23
     22     22     21     18     17
     16     16     21     17     15

     21     19     20     32     35
     23     24     31     35     39
     28     29     29     35     34
     27     28     24     24     20
     23     20     24     22     18

     36     31     33     48     61
     38     38     58     63     72
     48     53     53     61     68
     50     52     42     42     38
     42     36     42     38     31

     39     34     37     52     67
     43     44     64     74     84
     58     62     58     72     82
     59     61     49     49     43
     51     42     49     44     36

     45     38     42     60     73
     51     52     80     91    101
     70     75     67     83    101
     73     72     59     60     53
     62     50     59     51     41

     48     42     45     62     75
     55     56     84     97    107
     76     79     74     91    109
     79     79     62     64     57
     66     52     62     54     44

     47     39     44     63     76
     53     53     84     98    107
     76     79     73     90    109
     78     76     61     61     57
     66     52     61     53     42

     47     39     43     62     74
     51     53     82     96    107
     75     80     71     89    109
     78     77     61     61     56
     65     50     61     52     42

     45     38     42     62     75
     53     53     83     96    105
     74     80     71     89    109
     77     75     60     59     55
     65     48     60     50     40

     44     35     38     55     69
     47     50     81     93    104
     71     75     66     84    106
     73     73     56     58     52
     61     47     56     46     38

     44     35     39     58     69
     47     49     79     94    104
     70     73     67     83    105
     72     72     54     57     51
     61     46     54     48     37

     40     33     36     55     65
     44     45     76     88    100
     68     72     64     81    100
     69     68     51     53     48
     57     43     51     45     34

     39     31     35     53     65
     44     44     76     87     98
     66     69     63     79     98
     68     66     51     51     46
     57     41     51     44     33

     36     29     33     49     64
     40     40     70     83     94
     61     65     57     76     93
     63     61     47     48     42
     50     38     47     39     31

     33     27     30     47     60
     37     37     65     77     87
     56     61     54     70     86
     58     56     43     45     39
     46     35     43     36     29

     30     24     27     45     56
     34     35     61     70     80
     51     56     51     64     78
     53     51     39     41     37
     41     31     39     33     26

     23     20     21     37     47
     27     27     48     56     65
     39     43     39     50     60
     41     39     29     30     27
     31     23     29     27     19

     15     11     14     24     33
     18     18     29     33     42
     23     26     24     31     34
     24     24     18     18     15
     17     14     18     17     12

      6      4      5      9     10
      8      8      8      7      8
      8      6      7      7      6
      8      8      6      5      4
      4      4      6      7      4

      4      4      4      7      9
      6      5      6      6      5
      5      6      5      5      5
      7      6      5      5      4
      2      5      5      5      4

      7      5      6     11     13
      7      9     10      9     10
      7      8     10      9      9
      9      8      8      6      5
      6      4      8      7      4

      6      5      6     10     12
      8      8      9      9      9
      8      7      9      9      8
      8      8      6      6      5
      5      4      6      6      4

     10      7      9     18     24
     11     13     18     19     24
     15     16     16     19     19
     16     16     12     12      9
      9      9     12     11      7

     16     13     14     27     37
     18     19     32     37     44
     25     29     27     35     39
     27     26     21     21     16
     19     17     21     18     13

     19     15     17     30     41
     22     23     37     41     52
     30     34     32     39     45
     31     32     25     25     20
     24     17     25     21     15

     16     13     14     27     38
     20     20     34     37     47
     27     30     29     36     41
     28     28     23     22     18
     22     18     23     19     13

     18     15     15     29     41
     21     20     36     41     51
     30     33     32     40     45
     30     30     24     24     20
     24     19     24     20     14

     16     11     14     25     35
     18     18     33     38     46
     26     29     28     34     41
     28     27     21     21     17
     20     17     21     18     12

     18     13     15     29     40
     20     21     36     42     50
     29     34     30     39     46
     31     31     24     23     20
     24     18     24     20     14

     18     14     16     30     41
     21     22     39     45     55
     32     36     32     43     50
     32     33     25     25     21
     26     19     25     21     14

     20     16     18     34     46
     23     25     45     52     63
     35     40     37     48     57
     36     37     29     27     24
     28     21     29     23     16

     20     15     18     34     47
     23     24     46     53     66
     36     41     37     47     58
     37     37     28     28     23
     28     21     28     21     16

     19     13     17     33     46
     22     24     45     51     64
     34     39     35     46     57
     37     36     26     26     22
     25     21     26     22     14

     17     14     15     33     48
     20     22     41     47     60
     31     38     34     45     50
     32     32     25     25     20
     23     17     25     22     13

     19     13     17     33     46
     22     24     45     51     64
     34     39     35     46     57
     37     36     26     26     22
     25     20     26     22     14

     19     16     14     32     40
     19     17     41     43     54
     35     32     34     41     49
     34     33     22     21     24
     23     17     22     17     21

     16     17     15     29     39
     17     23     39     46     56
     31     29     35     45     55
     29     33     22     24     23
     25     19     22     17     17

     16     16     18     28     37
     21     23     42     47     58
     33     34     37     42     58
     31     33     22     23     22
     24     20     22     19     17

     14     15     15     23     35
     14     18     40     44     56
     29     31     31     42     58
     31     31     20     24     23
     26     18     20     15     20

     14     11     12     21     29
     16     15     34     36     44
     26     27     29     36     45
     23     25     14     18     20
     22     16     14     14     14

      9     10      9     19     29
     13     13     28     31     34
     19     20     23     28     33
     20     20     11     13     16
     17     13     11     11     12

      9     10     19      0      2
     19     10     34     33     37
     49     31     25     11     24
     12     17     14     30      8
     12    -20     14     -6      8

      4      3      6     10     12
      7      8     12     11     16
      8      9      9     10     15
      9     11      4      8      6
      9      9      4      3      7

      2      4      3      6      8
      3      6      7      8      8
      4      5      6      5      7
      8      6      4      4      7
      5      2      4      4      4

      0      1      0      2      0
      0      0      1      0      3
      0     -1     -1      0      2
      3      1      0      0      0
      1      0      0      0      2

     -2      1      0      0      0
     -1      0      1     -1      0
      0      0     -1      0      0
      1      0     -1      1      0
     -1      0     -1      0      0

      1     -2      0      1      1
      1      0      0      1      0
     -1     -1      0     -1      0
     -1     -1      1      0      1
      0      1      1      1      0

      1      1     -1      1      0
      1      1      0      0      2
      0      0      0      0      1
      1      0      0      1      0
      0     -2      0      0      0

      6      0      0     -2      1
      0      0      3     -5      0
     -3     -1      0      0      0
      2     -5     -2     -1      2
     -1      0     -2     -3     -2

      1      0      0      0      3
      0      1      0     -1      3
      0      0     -1     -2      0
      3     -2      0      0     -1
      1      0      0      0      1

      0      0      1      0      1
      0      0      1     -1      3
      0     -1      0     -1      0
     -1      0      0      0      0
      1      1      0      0      0

      0      0      0      2      1
      0      3      3      1      0
      2      0      1      0      0
      1      0      1      1      0
      4      2      1      1      1

      1      2      0      1      0
      1      2      4      1      2
      0      3      0      3      2
      3      2      0      2      0
      2      0      0      0      0

      3      1      1      1      0
      3      1      2      2      1
     -1      0      1      2      1
      2      2      3      2      0
      1      0      3      0      0

      3      5      2      6      3
      5      4      6      4      4
      3      3      3      5      3
      4      2      1      4      2
      3      2      1      3      2

      3      2      3      6      7
      5      3      1      4      9
      2      3      6      6      5
      6      5      4      2      4
      4      3      4      3      3

      4      2      0      2      4
      3      2      5      3      4
      3      3      3      3      5
      2      3      3      4      3
      2      1      3      2      2

      4      2      7      6      5
      7      3      8      3      7
      4      3      4      6      6
      5      5      4      5      3
      7      6      4      5      4

      6      7      8     10     15
      8     10     15     13     14
     10     10     13     15     16
     12     12      5     11     10
     10      7      5      6      8

      8     11     11     16     20
      9      9     20     23     30
     15     16     17     23     26
     18     20     13     14     17
     16     13     13     10     11

     11     12     14     18     25
     16     15     29     31     37
     21     21     23     30     36
     24     22     17     19     17
     20     15     17     14     16

     13     13     13     18     29
     14     16     31     35     41
     26     25     28     35     43
     27     26     18     21     21
     19     14     18     17     16

     14     12     15     20     28
     16     15     32     38     48
     26     26     29     37     48
     29     26     20     21     22
     24     17     20     16     18

     12     17     12     12     15
     15     16     27     37     37
     27     29     26     30     51
     27     30     16     25     25
     26     22     16     15     14

     13     14     14     21     31
     16     17     36     43     50
     30     31     31     42     54
     30     30     21     25     24
     25     20     21     19     19

     12     14     16     20     32
     15     15     34     43     48
     28     29     32     41     53
     28     30     20     22     26
     27     14     20     17     16

     13     13     13     18     29
     13     17     32     40     47
     24     25     28     38     48
     27     27     21     22     21
     22     16     21     14     18

     14     11     12     20     28
     15     15     35     43     48
     25     28     30     40     49
     27     30     18     24     24
     25     15     18     16     15

     12     12     12     21     29
     14     16     36     41     50
     26     27     30     40     53
     29     29     19     24     24
     24     18     19     15     17

     14     11     11     19     29
     12     15     32     41     47
     26     25     29     37     49
     28     28     17     21     21
     24     16     17     15     15

     11     10     13     19     25
     13     13     34     39     48
     25     26     27     38     51
     28     28     18     20     21
     21     16     18     15     14

     11     10     12     20     32
     16     14     34     42     49
     26     28     32     40     53
     28     28     21     21     23
     23     14     21     14     17

     11     13     12     20     29
     14     14     35     40     49
     27     26     30     40     50
     30     29     19     22     21
     21     15     19     15     16

     10      8     13     18     24
     13     12     30     38     44
     25     25     27     35     48
     26     28     16     19     22
     21     15     16     11     15

     10     11     12     17     25
     13     12     31     35     43
     26     25     25     37     42
     25     26     17     20     19
     21     14     17     15     14

     10     10     12     17     25
     12     12     29     35     42
     26     24     27     34     44
     24     23     16     18     20
     21     12     16     13     14

      9      9     11     15     25
     10     11     27     31     41
     23     24     26     32     42
     24     24     17     18     20
     19     13     17     12     12

      9      9     12     18     23
     13     13     26     32     37
     21     22     24     32     38
     24     23     15     17     18
     19     12     15     12     13

      9      7     10     14     21
     11     13     24     24     31
     19     18     19     24     31
     19     18     13     16     17
     18     11     13     12     10

      9      9      9     14     19
     11     12     21     23     26
     17     17     18     23     27
     18     19     13     15     15
     15     11     13     11     12

      8      7      9     12     14
     10      7     19     18     24
     16     15     18     20     23
     15     17     10     14     15
     16     10     10     10      9

      7      8      8     12     14
      9     10     18     15     20
     13     12     16     17     19
     15     14      9     12     11
     12     10      9     11     10

      7      6      8     10     14
      8      9     14     16     18
     12     12     13     15     18
     14     15     10     12     11
     11      8     10     10      8

      6      6      7      9     12
      7      8     14     14     17
     10      9     16     17     20
     14     15     12     14     14
     14     10     12      9     10

      6      5      5     10     12
      7      8     14     16     16
     12     10     11     17     18
     13     11      9     10     11
     11      8      9      8      7

      4      5      7      9      9
      4      6     12     13     15
      9      8     10     12     14
     13     10      6      9      8
      7      5      6      6      7

      4      3      5      6      8
      4      6     11      8     12
      8      7      9      9     12
      9      8      6      4      7
      8      6      6      2      3

      2      2      4      6      6
      3      4      5      5      8
      7      4      6      5      7
      6      6      3      4      5
      5      3      3      2      3

      2      3      1      2      5
      1      3      3      4      4
      3      3      3      2      4
      3      3      0      1      4
      2      1      0      1      1

      1      0      1      0      1
      1      1      1      2      1
      1      0      1      1      2
      1      1      0      1      2
      3      0      0      0      0

      0      1      2      0      0
      0      1      0      0      0
      0     -2      0     -1      0
      1      0     -1      0      0
      2      0     -1      0      0

      0      0      0     -1      1
      0      0      0     -1      2
     -1      0      0      0      0
      1      0     -1     -1      0
      1      0     -1     -1      0

      0      1      0      1      0
      0      1      0      0      1
      0     -1     -1      0      0
      2      0     -2      1      0
      0      1     -2      0      0

     -1      0      1      0      0
      0      2     -1     -1      0
      0      0      0      0      0
      0      0     -3     -1      0
      0     -1     -3     -3     -1

      0     -1      0     -2      1
      0      2      3     -2      0
     -2     -1      0      0      1
      2      0     -1     -2      0
      0     -1     -1      0     -1

      0     -1      2      0      0
      1      0      1      1      0
      0     -1     -1      0      0
      1     -1      0     -1      2
      0      2      0      0      0

      0      0      1      0      1
      0      1      2      0     -2
     -1      0      0      1      0
      0     -1     -2     -2      0
      1      0     -2      0     -2

      0     -1     -1      1      2
      0      1      3      1      0
      0      0      0      0      0
      0     -1     -3      0      0
      0     -1     -3      0      0

      0      0     -1      1      0
      0      1      0      1      0
      0     -1      0      0     -1
      0     -1      1      0      0
      0      0      1     -1      0

      0      2      0      0      0
      1      0      0      0      0
      0      0      0      0     -1
      0      0      1     -2      0
      0      0      1     -1      0

      0     -1      0      0      0
      0      2      0      1      1
      0      0      1     -1     -1
      0      0      0     -1      1
      0     -2      0     -3      0

      0      0     -1      2      0
      1      1      0      0      0
     -1     -1      1      0     -1
      0      0      2      0      2
      0     -1      2     -1      0

      0      0      0     -1      0
      2      1     -1      1      0
      0      0      1      0      0
     -1      0      0      0      1
      2      0      0     -2     -1

      0      0     -1      1      0
      0      1      0     -1      0
      0      0      0      0     -2
     -1      0      1      0      2
      0      0      1     -2      0

      0      0      0      0      0
      0      1     -1     -2      1
      0      0      0      0      0
      0      0      1      0      0
      1      0      1     -1     -1

      0      0      0      0      0
      0      0      1      0      0
      0      0      0     -1     -1
      0      0      2      0      0
      0      0      2     -1      0

      1      1      0      1      1
      0      2      1      0      1
      0      0      0      2      0
     -2      0      2      0      1
      0      0      2      1      1

      2      0      0      0      1
      0      1      0      0      0
      0      0      0      0      0
      0      0      1      0      1
      1      0      1      0     -1

      3      0      1      2      2
      3      3      3      1      2
      0      1      3      4      1
      2      2      4      1      3
      2      2      4      2      0

      4      3      2      5      4
      4      4      2      4      5
      3      3      5      7      3
      3      6      4      6      5
      5      3      4      3      5

      5      3      4      6      7
      5      8      7      6      5
      6      6      7      7      6
      6      7      6      4      8
      6      6      6      5      4

      2      3      2      4      4
      5      4      3      4      5
      3      1      6      5      5
      3      5      4      3      3
      3      2      4      3      3

      1      0      0      1      1
      1      3      1      2      1
      2      2      3      1      2
      2      2      2      1      2
      3      0      2      2      1

      2      1      1      2      4
      3      4      2      3      3
      2      3      4      3      3
      0      4      4      0      3
      1      2      4      2      3

      4      4      3      7      8
      6      7      9      8      9
      6      8     10     10      8
      7      9      8      7      7
      7      6      8      5      5

      5      5      5     11     10
      8     10     11     12     11
     11     12     15     15     14
     12     11     10     10     11
      9      7     10      9      7

      4      5      4      9     11
      7      7     10     11     11
     10     10     12     11     11
      8     11     11      9      9
      8      7     11      7      5

      4      5      4      7      6
      5      6      8      8      9
      6      7     11     10      8
      7      8      5      6      7
      5      3      5      5      5

      4      4      4      7      7
      5      6      9      9     10
      9      7     10     10      9
      8      9      7      7      8
      6      5      7      4      5

      5      6      5      9     12
      7      7     12     13     14
     11     11     13     14     13
     11     12     10     11     12
      9      6     10      6      7

      6      5      5     12     13
      9     11     13     15     15
     13     14     14     16     16
     13     14     11     10     11
     10      6     11      9      7

      6      6      6     11     14
      8     10     15     15     18
     14     14     16     18     18
     15     14      9     10     13
     10      9      9      9      7

      6      7      7     12     14
      7     10     15     17     17
     15     14     16     19     18
     15     15     13     11     12
     10      7     13      7      8

      4      5      6     11     13
      9      9     16     17     17
     13     14     17     17     18
     13     15     12     11     12
     12      8     12      9      7

      6      6      6     14     13
      7     10     17     17     18
     14     14     18     18     18
     16     17     11     11     13
     11      9     11      6      9

      6      6      7     12     14
      8      9     17     18     18
     14     14     17     20     19
     15     16     12     10     12
     12      7     12      9      9

      6      7      7     12     13
      6     10     17     18     18
     12     15     16     17     18
     14     13     10     12     12
     11      7     10      7      8

      6      5      6     12     16
      9      9     14     16     16
     13     13     15     16     16
     13     13     11     11     12
     12      8     11      7      9

      6      5      6     11     13
      8      9     13     15     17
     11     12     16     15     15
     11     13     10     10     13
     10      7     10      6      8

      5      5      5     13     14
      6      9     12     17     17
     13     14     15     17     15
     13     15      9     10     11
     10      7      9      7      6

      4      4      7     10     13
      6      8     13     13     16
      9     12     14     16     17
     11     12     10      9     10
      9      6     10      5      6

      4      4      6     10     12
      5      8     13     14     17
     11     12     14     16     17
     12     12      9      8     10
      8      5      9      6      6

      4      6      5     10     13
      5      7     14     14     18
     12     13     14     16     17
     12     13      8     11     12
      9      6      8      5      6

      4      4      5     11     16
      6      9     14     16     19
     12     12     14     17     19
     13     13      9      8     11
     10      6      9      8      7

      3      4      6      9     15
      6      7     14     16     18
     11     13     14     16     18
     11     13     11     10     10
     10      6     11      7      7

      3      4      5      9     11
      6      7     12     15     17
     11      9     13     16     16
     13     12      9      9     12
      9      6      9      8      7

      3      4      5      7     10
      5      8     13     14     15
     10     11     14     14     16
     10     13      9      9     10
      9      6      9      5      7

      4      3      4      8     11
      4      6     10     11     12
      8      7     12     12     13
      7      9      9      9     11
      6      5      9      4      5

      4      4      3      5      8
      4      5      8      8     10
      7      7     11     11     10
      8      8      9      8     11
      6      4      9      4      5

      5      3      2      5      7
      4      5      8      8      8
      4      5      8      8      8
      6     10      7      6      9
      6      4      7      4      5

      3      3      2      6      6
      2      5      6      7      8
      5      7      8      8      7
      5      5      6      6      7
      6      5      6      3      4

      1      2      3      3      4
      3      3      4      6      6
      3      3      7      6      5
      4      7      4      5      6
      6      5      4      3      3

      4      3      2      4      6
      3      3      5      5      7
      6      5      7      5      6
      4      5      6      5      7
      4      2      6      5      4

      4      3      4      3      4
      1      5      6      7      6
      4      4      5      5      5
      2      6      5      3      5
      4      2      5      4      3

      2      2      2      5      5
      2      3      5      7      4
      1      6      6      4      6
      5      5      3      5      6
      4      3      3      4      4

      0      1      2      3      5
      1      4      6      6      3
      4      5      7      6      5
      4      4      6      3      4
      3      3      6      2      3

      0      6      1      3      1
      1      4      2      3      5
      0      1      3      6      2
      0      3      4      5      4
      2      1      4      3      0

      1      0      0      3      2
      2      2      1      2      3
      2      3      5      6      6
      4      4      2      4      3
      2      1      2      1      1

      1      1      2      1      0
      2      2      4      2      5
      1      2      5      4      5
      2      2      3      2      6
      3      2      3      0      3

      3      0      2      0      3
      2      2      1      3      5
      3      4      3      2      1
      3      3      0      2      3
      2      1      0      3     -1

      3      0      0      2      2
      0      1      1      3      1
      1      1      2      4      3
      2      1      2      1      2
      1      0      2      0      0

      1      1      0      2      2
      2      2      0      3      6
      1      0      3      2      4
      2      2      3      1      3
      4      1      3      0      2

      2      0      1      0      0
      2      4      1      1      3
      0      0      2      0      0
      3      0      0     -1      1
      1      0      0      0      1

      0      2     -1     -1      0
      0      1      0      0      1
      1      0      3      1      2
      0      0      1      0      2
      3      1      1      2      1

      0      3      0      0      0
      0      5      0      1      3
      0      2      0      1      0
      0      0      2      2      0
      1      0      2      0      1

      0     -1      0      2      2
      0      1      3     -1      3
      0      2      2      1      1
     -1      4      0      0      0
      1      1      0      0      0

      1      0      0      1      0
     -1      1      2      0      0
      1     -1      0      0      0
     -1      2      0      1      2
      1     -1      0      0     -1

      0      1      0      1      1
     -1      1      0      0      0
      2      0      3      2      1
      0      0      3      0      0
      0     -2      3      0      0

      0      0      0      2      0
      0      3      0      1      3
      2      2      0      0      0
      2     -2      1      0      2
      0      0      1     -1     -3

      0      2      0      3     -1
      0      1      0     -1     -1
     -1     -1      1      0     -1
      1      1      0      0      0
      0     -1      0     -1      0

      0      0     -2      0      0
     -1      3      0     -1      0
     -1      0      1      0     -1
     -2     -1      3      1      3
      0      1      3      0      0

      0      0      0      0      0
      0      3      0      3      1
     -2      0      0     -2      0
      0     -4      0     -1      0
     -3      1      0      0     -1

