;
; ENVI ASCII Output of file: E:\Imaging\ROI_AVIRIS\5_4_1.img [Fri Nov 17 12:06:53 2017]
; File Dimensions: 5 samples x 5 lines x 224 bands
; Line Format    : (5i7)
;
    483    475    476    469    469
    474    468    483    469    460
    453    456    477    461    460
    472    451    483    468    468
    467    464    471    471    454

    529    542    551    549    553
    551    524    551    549    544
    564    534    538    529    544
    538    551    540    551    537
    540    548    545    545    529

    566    583    571    560    560
    582    568    566    560    562
    575    578    570    576    562
    577    578    573    554    564
    578    569    569    569    558

    703    713    721    710    712
    727    707    708    710    696
    710    697    724    700    696
    703    719    714    721    703
    714    694    707    707    691

   1027   1032   1039   1039   1026
   1023   1030   1026   1039   1026
   1019   1005   1026   1015   1026
   1028   1021   1021   1026   1012
   1032   1020   1021   1021   1028

   1069   1067   1072   1080   1070
   1058   1056   1055   1080   1052
   1061   1055   1056   1055   1052
   1067   1064   1058   1052   1043
   1060   1054   1055   1055   1057

    996    993   1003    992    986
    986    974    994    992    985
    980    981    985    984    985
    985    989    991    990    978
    987    982    989    989    976

    904    910    917    913    914
    899    897    911    913    903
    906    895    894    902    903
    900    905    904    903    892
    905    900    909    909    901

    967    971    990    986    982
    972    961    973    986    974
    973    967    974    975    974
    963    973    972    965    975
    967    979    963    963    961

    996    996   1008    995    996
    990    990    996    995    992
    981    990    981    981    992
    989    992    983    983    984
    989    988    980    980    991

    954    953    974    956    955
    950    949    957    956    943
    935    944    949    947    943
    942    950    946    946    948
    945    946    951    951    937

    883    891    902    897    898
    878    881    881    897    884
    884    887    882    879    884
    876    880    879    887    879
    882    878    879    879    875

    836    840    857    844    847
    829    823    844    844    828
    828    829    830    825    828
    822    833    826    824    833
    829    827    824    824    829

    761    756    772    768    768
    755    755    772    768    753
    755    750    757    753    753
    753    762    751    753    752
    752    756    749    749    748

    703    712    726    726    719
    703    700    712    726    701
    704    705    707    699    701
    701    700    704    696    700
    694    700    704    704    700

    651    656    668    666    661
    643    642    652    666    648
    639    639    648    642    648
    645    647    639    649    647
    648    644    644    644    637

    586    593    600    593    594
    582    588    590    593    580
    577    580    580    577    580
    576    582    581    582    578
    580    579    584    584    577

    562    567    575    570    569
    557    559    564    570    557
    555    556    555    554    557
    553    559    551    556    557
    557    556    555    555    553

    537    541    549    546    543
    533    530    537    546    533
    532    531    529    530    533
    530    535    520    528    536
    533    531    525    525    528

    503    513    528    524    517
    508    508    512    524    501
    500    499    504    502    501
    500    500    496    501    503
    499    501    500    500    498

    469    481    481    481    478
    467    472    478    481    468
    466    461    467    470    468
    462    468    463    469    468
    464    465    464    464    463

    436    443    449    447    446
    435    432    445    447    436
    435    435    435    435    436
    435    435    429    434    433
    435    432    431    431    433

    417    422    425    423    421
    414    411    422    423    414
    411    407    412    413    414
    405    410    408    410    410
    409    414    410    410    406

    375    382    383    385    382
    373    378    381    385    376
    374    373    371    373    376
    373    373    369    376    379
    368    370    377    377    372

    360    361    362    362    364
    360    359    361    362    359
    355    358    359    356    359
    356    354    352    357    353
    355    353    356    356    354

    353    352    352    354    353
    344    349    353    354    349
    349    346    349    353    349
    348    347    345    349    349
    347    351    350    350    350

    331    332    331    334    334
    325    325    333    334    326
    325    326    328    331    326
    331    330    327    322    330
    326    330    325    325    325

    305    309    310    311    308
    305    306    312    311    303
    303    307    304    304    303
    305    305    306    306    305
    305    307    301    301    303

    295    296    302    298    296
    294    292    299    298    295
    293    295    296    291    295
    293    289    291    297    296
    292    294    293    293    294

    274    279    277    277    279
    273    268    278    277    276
    272    276    277    276    276
    272    276    275    273    275
    276    277    276    276    272

    263    264    263    267    265
    258    263    263    267    264
    265    262    266    263    264
    263    263    258    263    260
    261    262    262    262    261

    259    259    262    260    262
    258    258    263    260    256
    256    259    260    257    256
    258    259    256    260    257
    260    262    258    258    260

    258    258    263    257    260
    259    261    257    257    250
    255    252    256    253    250
    257    254    255    258    256
    256    267    259    259    260

    259    258    262    259    262
    258    257    263    259    256
    257    259    260    257    256
    258    258    256    260    257
    261    262    258    258    259

    243    244    243    241    246
    240    244    245    241    239
    239    240    244    237    239
    244    242    245    244    246
    243    246    244    244    241

    213    218    219    214    219
    214    215    219    214    214
    212    212    219    212    214
    217    214    218    218    219
    216    225    214    214    217

    192    192    194    191    195
    190    193    194    191    191
    190    191    194    189    191
    194    192    195    194    197
    197    197    193    193    195

    186    188    187    182    191
    184    187    188    182    184
    184    183    186    185    184
    188    187    187    188    187
    188    190    185    185    193

    170    170    171    166    175
    168    171    175    166    168
    170    167    173    171    168
    174    169    169    172    175
    176    177    170    170    173

    134    136    136    132    134
    132    137    134    132    133
    137    132    137    133    133
    137    133    133    137    134
    139    140    137    137    136

    143    144    142    139    146
    140    145    143    139    142
    140    143    143    144    142
    145    142    143    145    146
    145    150    144    144    146

    157    157    157    151    158
    154    160    156    151    158
    156    153    160    157    158
    161    154    159    162    159
    161    160    159    159    163

    154    157    157    152    160
    153    159    157    152    158
    158    154    161    160    158
    161    152    161    161    163
    162    164    161    161    163

     98     94     95     91     97
     94     98     99     91     97
     97     93    100     97     97
    101     93     99    101    100
    101    100     99     99    100

    123    125    125    120    129
    116    126    126    120    124
    122    123    130    131    124
    128    123    128    130    129
    130    128    129    129    132

    131    131    132    125    134
    124    134    133    125    133
    130    129    136    135    133
    138    131    133    137    137
    138    136    134    134    140

    117    121    122    117    124
    114    124    121    117    122
    120    120    128    125    122
    127    119    124    127    128
    126    125    127    127    129

    111    111    113    108    116
    106    115    113    108    116
    113    113    119    118    116
    120    111    117    119    119
    119    118    118    118    124

     99    101    103     99    105
     98    107    105     99    106
    102    105    107    107    106
    109    100    105    109    109
    112    110    109    109    113

     81     82     79     77     83
     78     86     83     77     85
     84     84     89     88     85
     88     82     86     86     89
     87     87     89     89     91

     83     84     83     77     85
     79     87     87     77     87
     85     82     92     90     87
     88     81     88     90     90
     92     90     90     90     94

     86     89     85     84     93
     83     92     91     84     91
     88     88     98     96     91
     95     86     95     96     95
     97     92     97     97    100

     93     92     91     87     97
     90     96     97     87     96
     92     98    106    103     96
    101     91    101    104    102
    103    100    103    103    107

     86     89     88     83     91
     83     94     94     83     93
     90     91    102     99     93
     95     87     95     98     97
     98     96     97     97    103

     86     87     85     79     92
     81     94     92     79     92
     90     91    102     99     92
     98     87     98    100     98
     97     93    100    100    103

     78     83     80     75     86
     75     90     87     75     88
     83     87     97     92     88
     90     81     94     95     94
     92     90     94     94     97

     76     79     75     73     82
     74     85     83     73     83
     80     83     90     89     83
     88     77     88     90     91
     88     84     93     93     95

     60     60     59     56     64
     59     68     63     56     64
     62     65     73     68     64
     69     60     69     69     69
     67     66     73     73     72

     52     49     52     48     54
     51     58     54     48     56
     57     57     62     57     56
     58     52     60     60     58
     56     56     61     61     61

     48     44     46     43     49
     45     51     47     43     50
     52     51     55     52     50
     53     47     55     55     54
     52     53     56     56     54

     40     37     40     38     43
     42     45     41     38     46
     45     46     50     46     46
     48     42     49     48     45
     47     47     50     50     50

     26     24     29     31     34
     29     27     29     31     33
     33     28     30     29     33
     32     27     34     27     32
     36     30     31     31     30

     16     16     19     18     20
     18     18     18     18     19
     19     17     18     17     19
     18     17     19     17     18
     21     18     18     18     21

     21     19     22     23     25
     22     24     22     23     23
     25     23     26     22     23
     24     23     26     25     24
     25     25     25     25     26

     39     33     34     36     42
     38     42     37     36     43
     42     45     46     41     43
     44     40     45     44     40
     45     46     46     46     45

     43     38     40     42     48
     44     49     42     42     49
     50     51     54     48     49
     51     47     55     53     50
     51     51     56     56     53

     51     46     47     47     55
     51     59     51     47     56
     58     64     67     59     56
     62     58     67     64     60
     61     62     70     70     64

     55     51     52     50     58
     54     65     56     50     61
     62     68     75     64     61
     65     60     72     69     65
     63     66     74     74     72

     53     50     50     48     59
     54     63     55     48     61
     61     67     75     63     61
     64     60     71     69     64
     65     68     73     73     69

     53     50     50     48     59
     52     65     55     48     59
     61     66     75     64     59
     67     60     73     69     64
     65     66     75     75     70

     51     48     47     49     60
     50     62     54     49     60
     59     66     75     64     60
     66     59     72     69     63
     64     67     75     75     70

     48     46     46     44     56
     48     61     50     44     55
     56     63     72     59     55
     61     56     69     66     60
     60     63     70     70     68

     48     45     44     44     54
     49     60     50     44     56
     58     64     72     59     56
     61     55     67     66     61
     60     63     70     70     68

     46     42     41     41     52
     45     58     48     41     52
     55     59     69     56     52
     59     53     66     61     57
     57     60     68     68     64

     46     41     40     41     51
     46     58     46     41     53
     54     59     69     55     53
     59     53     64     61     56
     57     59     68     68     63

     41     38     38     38     47
     41     53     42     38     48
     50     57     63     52     48
     54     49     59     56     52
     53     55     62     62     57

     37     34     35     35     44
     39     48     39     35     45
     46     53     58     47     45
     49     45     55     52     48
     48     52     58     58     52

     34     30     33     32     41
     36     43     35     32     42
     43     48     54     43     42
     44     42     51     48     45
     44     48     54     54     48

     27     23     26     26     32
     29     33     27     26     32
     35     37     39     33     32
     35     32     39     35     34
     35     38     39     39     37

     16     13     16     16     21
     17     18     16     16     21
     22     21     22     19     21
     22     19     22     21     20
     23     22     23     23     22

      4      3      6      7      7
      6      4      6      7      7
      8      5      6      6      7
      6      5      6      6      5
      6      7      6      6      7

      5      2      6      5      6
      4      5      5      5      6
      6      4      4      4      6
      5      5      4      4      6
      6      4      4      4      6

      6      4      8      6      9
      8      7      6      6      8
      9      6      6      7      8
      7      7      8      7      7
      8      8      6      6      9

      7      4      7      6      7
      7      7      6      6      7
      8      6      6      7      7
      8      6      7      6      7
      8      7      7      7      7

     11      7     10     10     11
     11     11     10     10     14
     14     13     13     11     14
     13     11     13     11     13
     14     13     13     13     14

     17     14     17     16     21
     20     21     18     16     22
     24     23     25     20     22
     23     20     25     23     23
     25     25     26     26     24

     20     17     20     19     26
     21     25     21     19     28
     28     28     29     25     28
     27     24     29     27     26
     27     30     30     30     29

     19     15     18     18     25
     21     22     19     18     25
     25     25     27     22     25
     25     21     27     24     23
     27     26     29     29     26

     19     16     19     19     25
     21     25     21     19     26
     27     27     29     23     26
     27     23     27     25     26
     28     28     30     30     28

     17     14     16     16     22
     19     21     18     16     22
     25     25     25     22     22
     23     20     25     23     23
     24     25     27     27     24

     19     16     19     19     25
     21     24     20     19     26
     28     27     29     23     26
     28     23     28     26     25
     28     28     31     31     29

     20     18     20     20     27
     22     26     22     20     28
     29     29     31     27     28
     29     25     32     28     27
     30     31     34     34     30

     24     19     22     22     30
     26     30     24     22     34
     33     35     37     30     34
     34     29     37     33     32
     35     34     39     39     35

     23     19     22     22     30
     26     32     25     22     31
     33     36     38     30     31
     33     30     37     35     32
     35     37     41     41     37

     23     18     21     21     29
     25     31     23     21     31
     32     35     36     28     31
     33     28     35     32     30
     33     35     40     40     34

     21     17     20     20     28
     24     25     21     20     29
     30     31     32     25     29
     29     26     32     29     28
     30     31     35     35     31

     23     18     21     21     29
     25     31     23     21     31
     32     35     36     28     31
     33     28     35     32     30
     33     35     40     40     34

     16     21     20     20     26
     23     26     18     20     25
     31     30     32     24     25
     28     38     30     32     31
     29     35     41     41     31

     19     19     18     19     26
     24     25     23     19     26
     26     29     31     24     26
     30     29     33     31     32
     27     29     33     33     31

     20     21     18     21     23
     24     26     23     21     23
     26     32     28     25     23
     28     34     33     30     28
     27     30     33     33     30

     22     21     18     21     24
     19     23     19     21     21
     24     31     34     26     21
     28     30     33     29     30
     23     27     33     33     29

     15     17     14     18     22
     16     19     18     18     20
     22     29     25     19     20
     26     25     28     26     24
     21     25     29     29     24

     14     14     13     15     16
     14     16     16     15     17
     17     19     22     18     17
     19     21     20     19     23
     19     19     21     21     20

     20      0      2     38     39
     27      8     17     38      7
     33     28     25     22      7
     44     31      5     -7     24
     47     40     58     58     58

      7      6      5      6      8
      6      6      6      6      6
      7      9      8      7      6
      8     11      7      9     11
      7      9     10     10      9

      4      2      3      4      6
      5      3      3      4      3
      5      4      6      5      3
      4      4      6      4      6
      3      3      7      7      4

      1      1     -1      0      0
      0      0      2      0      0
      0      0      0     -1      0
      0      1      0      0      2
      0      0      0      0      0

      1      0      0      1      0
      0      0     -1      1      0
      0     -2      0      0      0
      0      1      0     -1      0
      0     -1     -1     -1     -1

      0      2      1      0      0
      0      1      1      0      2
     -1     -1      1      1      2
      0      0     -1      0      1
      2     -2      0      0      0

      0      0     -1      0      0
      0      0      0      0     -1
      0      0      0     -1     -1
     -2      0      0     -1      0
      0      0     -1     -1     -1

      1      2      0      0      0
     -1     -1     -3      0     -3
     -4     -3     -8     -1     -3
     -1     -5     -2      1      2
     -1     -2      0      0     -5

      3      0      0      0      1
      2     -1     -1      0      0
     -1      0     -3     -2      0
      0     -2     -2      0     -2
      0     -1     -1     -1      0

      3      0     -1      2      0
      0      0      0      2      0
      1      1     -2     -1      0
      0     -1      1     -1      0
      0     -1     -1     -1      0

      1      2      0      3      0
      0     -2      1      3      0
      1     -2      0     -2      0
     -1      0      3      4      2
      3      0      0      0      1

      1      1      1      2      0
      1      0      2      2      2
      3      0     -1      2      2
      0      0      0      2      0
      1      2      0      0     -2

      3      0      1      1     -1
      4      2      0      1      0
      3     -1      0     -1      0
     -1      0      2      0      2
      0      2      2      2      0

      4      3      2      2      4
      4      1      2      2      2
      2      0      2      2      2
      4      1      3      2      3
      6      4      3      3      2

      4      4      5      2      5
      3      2      4      2      4
      4      7      5      2      4
      2      4      6      4      4
      0      5      3      3      4

      3      5      1      3      2
      3      2      4      3      3
      5      0      2      0      3
      6      2      5      2      3
      3      2      5      5      3

      5      4      4      5      4
      5      6      5      5      4
      7      5      5      3      4
      6      6      7      5      5
      5      6      9      9      5

      9      4      7     10     12
     10     11     12     10     11
     14     10     13      8     11
     11     12     10     12     12
     10     12     11     11      9

     12     14     11     13     15
     15     16     13     13     13
     17     19     19     16     13
     18     18     18     17     17
     15     18     19     19     18

     17     16     14     15     20
     18     20     19     15     19
     20     23     27     21     19
     22     24     24     24     22
     20     21     25     25     23

     16     18     16     17     20
     20     25     21     17     20
     24     29     31     24     20
     29     30     32     28     27
     21     26     31     31     27

     19     19     15     17     22
     18     23     21     17     25
     24     28     33     25     25
     28     28     32     29     28
     25     30     31     31     28

     21     25     16     20     18
     19     25     30     20     18
     17     27     38     34     18
     25     27     36     32     31
     22     20     37     37     34

     21     20     18     21     24
     21     28     22     21     25
     29     33     35     28     25
     31     33     35     33     29
     29     31     37     37     32

     19     19     14     19     23
     22     30     23     19     22
     26     32     36     25     22
     30     33     33     32     27
     26     29     35     35     30

     19     17     14     17     21
     22     24     20     17     24
     24     30     32     23     24
     28     29     32     29     26
     23     27     33     33     28

     20     16     14     18     20
     20     25     20     18     21
     25     31     33     25     21
     27     31     32     32     28
     24     29     33     33     29

     19     19     17     18     21
     18     27     19     18     24
     24     34     36     27     24
     31     30     34     31     28
     23     28     36     36     31

     17     17     13     17     20
     17     25     18     17     20
     23     29     31     25     20
     27     32     35     30     27
     22     26     35     35     29

     19     17     15     16     18
     18     24     18     16     22
     22     30     30     24     22
     26     28     31     28     26
     22     26     33     33     30

     18     17     16     19     21
     21     24     19     19     23
     26     30     33     26     23
     27     31     32     29     26
     25     28     34     34     29

     17     17     15     16     21
     18     23     19     16     24
     22     31     32     25     24
     27     31     31     30     26
     25     28     31     31     30

     18     18     13     17     20
     18     22     18     17     21
     21     26     32     22     21
     26     28     30     25     25
     23     26     31     31     29

     15     15     13     14     19
     18     23     17     14     22
     21     30     27     21     22
     26     27     29     26     23
     22     25     30     30     26

     14     16     12     16     17
     16     19     16     16     19
     19     25     26     20     19
     24     26     26     23     21
     20     24     29     29     24

     14     14     13     16     16
     14     18     16     16     18
     18     25     25     20     18
     21     24     25     21     19
     19     22     27     27     22

     14     13     11     14     16
     12     15     14     14     17
     15     21     22     17     17
     20     22     24     22     18
     18     19     24     24     21

     13     12     10     14     12
     11     12     12     14     13
     16     18     16     14     13
     15     15     18     17     16
     15     16     18     18     15

     11     10      9     11     14
     10     11     11     11     14
     14     16     15     14     14
     16     15     14     13     14
     12     14     17     17     15

      9      7      8      9     12
     10     11     11      9     13
     12     11     13     10     13
     12     12     11     12     11
     11     11     13     13     11

      8      7      7      8      9
      9      9     11      8     10
     11     10     12      9     10
      9     10     10     10      9
     10      8     11     11     13

      6      6      8      7      9
      9      9      8      7      9
      9      9      9      8      9
     10     10      9     10      8
      8     10     10     10      8

      6      7      4      7      8
      7      7      7      7      6
      8     10      9      8      6
     12     13     13      9     12
      9     10     12     12     10

      7      7      7      8      9
      7      9      7      8      8
      9      9     11      7      8
      9      8      7      7      9
     10     10      9      9      9

      5      4      7      5      8
      7      7      7      5      5
      8      6      8      5      5
      8      9      7      8      8
      8      7      9      9      6

      5      5      4      5      4
      6      4      5      5      6
      6      6      4      5      6
      7      5      6      7      6
      6      4      6      6      5

      2      3      6      4      4
      5      5      2      4      5
      5      3      3      3      5
      3      4      4      6      5
      5      3      6      6      5

      3      2      3      2      2
      2      2      3      2      2
      3      2      1      1      2
      2      2      2      2      3
      3      2      4      4      2

      0      2      1      0      0
      0      0      1      0      1
      1      1      1     -2      1
      1      1      1      1      2
      1      1      1      1      0

     -1      0      0      0      0
      0      0      0      0      1
      2     -3      0     -2      1
      0      0      0      0      2
      0      0      0      0      0

     -1      0      0      0      0
      0      0      1      0      0
      0     -1      0      0      0
      0      0      0     -1      0
      0      1      1      1     -1

      1      0      0      0      0
     -2     -1      0      0     -1
      0     -2      0      0     -1
      0      0      0      1      1
      1      0      1      1      0

     -1     -1      1      0      0
      0      0      0      0      0
      0      0     -1     -1      0
      0      1     -1      0      0
      1     -1     -2     -2      0

      0      0      0      1      1
     -2      0      0      1      1
      1     -3     -2      0      1
      0      0      0     -1      0
     -2     -1      0      0     -1

      0      0      1      0      0
     -1     -1      1      0      0
      0     -1      0     -2      0
     -1      1      0      0      0
     -1     -1      0      0     -2

      0     -2      0     -1      0
     -2      0      0     -1      0
      0     -1     -3     -1      0
      0      0     -1     -1      2
      0      0      0      0     -1

      1      0      1      0      1
      0      1      0      0      0
      0     -1     -2     -1      0
      0      1      1     -1      2
      1     -1      1      1     -3

      0      0      0      1      0
      2     -1      0      1      0
      0     -1      1     -1      0
      0      0     -1      0      0
      0      0      0      0      0

      0     -1      1      0      0
      0      0      0      0     -2
      0      0      1      0     -2
      1      1      0      0      0
      0      1      0      0      0

      0      0     -1      0      0
      0      0      0      0      0
      0      0      0      0      0
      1      0     -1      2      0
      0      0     -1     -1      0

      0      0     -1      1      0
      1      0      0      1      1
      0      0      1      2      1
      0      0      0      1      0
      0      1      0      0      0

      0     -1     -2      0      0
      1      0      0      0     -1
      0     -1      0      2     -1
      0      1      0      0      0
     -1      1      0      0      0

      0      0      0     -2      1
      0      0      0     -2      0
      0     -2      0      2      0
      0      0      0      2      0
     -1      0     -1     -1      0

      0      0      0      0      2
      1      1      0      0     -1
      0     -1      2      0     -1
      0      1      0      0      0
      0      0      0      0      0

      0      1      0      1      0
      0      0      0      1      0
      1      0      0      1      0
      0     -1      0      1     -1
      0      0     -1     -1      0

      0      0      0      0     -1
      2      0     -1      0      0
      0      0      1      1      0
      0      0      1      0      0
      0      1      0      0      0

      1      0      0      0      0
      1     -1      0      0      0
      1     -1      0      1      0
      0      0      0      2      0
      1      2      0      0      0

      3      3      1      3      2
      1      2      3      3      1
      3      2      4      2      1
      2      1      2      1      1
      2      2      2      2      2

      4      3      2      4      4
      5      3      4      4      2
      6      3      4      5      2
      5      5      5      5      5
      3      4      5      5      3

      5      5      3      6      5
      7      6      5      6      5
      8      7      7      8      5
      5      5      6      6      5
      4      7      6      6      5

      3      2      1      3      3
      4      3      3      3      3
      5      4      5      6      3
      3      3      5      4      4
      4      5      4      4      3

      2      0      0      1      1
      3      1      1      1      0
      3      2      3      3      0
      2      2      2      1      3
      2      3      2      2      2

      2      2      2      1      3
      3      2      1      1      2
      4      2      3      3      2
      3      2      2      4      2
      2      3      3      3      4

      6      4      5      5      7
      7      6      6      5      5
      9      9      8      8      5
      7      8      8      8      8
      7      9      8      8      7

      8      7      7      7      9
      9      8      9      7     10
     12     11     11     12     10
     11     10     12     11      9
     10     11     12     12     10

      7      6      6      8      9
      7      8      8      8      7
     11      8     10     11      7
      9      9      8     10      8
      9      9      8      8      9

      5      6      4      7      7
      6      6      5      7      6
      8      7     10      9      6
      7      8      8      8      7
      6      9      7      7      6

      4      4      4      6      6
      7      6      7      6      6
     10      6      7      8      6
      7      8      7      7      8
      7      8      8      8      5

      6      8      5      8      7
     10      8      8      8      9
      9     10     11     10      9
      9     11     11     11     10
      9     10     11     11     10

      9      8      7     11     11
     10      9     10     11     11
     13     13     12     12     11
     12     12     12     13     12
     10     12     13     13     12

      8      8      7      8     11
     10     11     10      8     12
     13     12     14     12     12
     13     13     13     13     13
     12     13     14     14     13

      9      9      8     11     11
     11     10     12     11     12
     12     13     12     12     12
     11     14     13     13     12
     13     16     15     15     13

      8      9      8      9     11
     11     10     10      9     12
     12     11     15     13     12
     12     13     13     13     13
      9     14     13     13     12

      9      8      7     11     11
     11     12     11     11     12
     13     14     14     13     12
     13     15     12     15     12
     13     15     14     14     13

      9      8      8     10     13
      9     10     11     10     12
     14     13     16     14     12
     13     13     14     14     14
     11     13     13     13     12

      6      9      7      8     10
     10      9      9      8     10
     13     13     13     12     10
     12     13     13     14     13
     10     13     13     13     13

      8      8      6     10     10
      9     11      8     10     10
     12     10     13     12     10
     12     11     11     11      9
     12     11     12     12      9

      7      8      8      7      9
      8     11      7      7     10
     11      9     12     11     10
     10     11     12     13     11
     10     12     11     11     11

      8      7      7      8     10
      9      9      9      8      8
     11     10     12     10      8
     11     11     11     12      9
     10     10     11     11     11

      6      7      4      9     10
      8      9      8      9      8
     11     10     12     10      8
     10     11     10     10      9
      9     10     11     11     12

      7      6      4      5      9
      9      9      6      5      9
     10      9     12     11      9
     11      9     11     10     10
     11     10     11     11      8

      7      5      5      6      8
      7      8      8      6      9
     10     11     13     13      9
     10     11     10      9     11
      9     11     11     11      9

      9      9      6      8     12
     10     10      8      8      9
     10     11     14     12      9
     12     11     10     11      9
     10     12     11     11      8

     10      6      7      8      9
      7      8      8      8      8
     10     10     12     12      8
     10     11     11     13      9
     10     11     11     11     11

      6      5      5      8      8
      7      9      8      8      9
      9      7     10     11      9
     10     11     11     10      9
      9     11     11     11      9

      6      7      4      7      7
      7      6      7      7      7
      7     10     10      9      7
      7      8      7      7      8
      8      9      8      8      8

      6      4      3      5      8
      5      4      4      5      7
      7      6      7      7      7
      6      7      7      7      6
      6      8      7      7      5

      5      5      3      5      5
      5      5      6      5      5
      6      4      6      5      5
      6      3      3      5      5
      5      6      6      6      6

      4      4      4      5      3
      5      3      4      5      2
      6      4      6      6      2
      3      3      3      5      4
      2      2      3      3      2

      5      3      3      4      4
      5      3      2      4      2
      4      2      2      4      2
      3      4      3      1      4
      3      2      5      5      4

      2      2      2      5      5
      5      1      3      5      1
      5      4      4      3      1
      4      2      1      3      2
      2      4      3      3      4

      3      3      3      6      2
      2      2      6      6      2
      4      2      3      4      2
      3      4      3      3      3
      2      3      3      3      3

      4      2      1      4      2
      4      1      2      4      2
      4      1      1      4      2
      3      4      2      3      2
      2      2      2      2      4

      4      4      0      5      4
      4      1      3      5      0
      4      3      4      4      0
      2      2      2      2      3
      2      2      3      3      3

      3      4      1      3      3
      2      2      2      3      2
      4      2      3      3      2
      2      1      4      1      1
      0      3      2      2      2

      4      3      0      2      0
      2      2      2      2      0
      2      3      5      2      0
      0      2      4      3      0
      1      2      2      2      1

      2      0      0      3      3
      3      0      2      3      1
      3      1      3      1      1
      2      1      2      3      1
      2      1      1      1      3

      3      2      0      1      2
      3      2      1      1      2
      1      0      4      1      2
      1      2      3      1      1
      2      4      2      2      1

      2      1      2      1      0
      0      0      3      1      0
      0      1      5      2      0
      2      2      3      2      2
      2      3      0      0      0

      1      0      1      0      0
      0     -1      1      0      1
      2      0      2      2      1
      2      0      2      1      0
      0      2      0      0      1

      4      1      0      2      1
      1      2      1      2     -2
      3      1      2      4     -2
      1      0      1      2      2
      2      2      1      1      0

      0      1      0     -2     -1
      3     -1      1     -2      0
      2      0      2      1      0
      3      2      0      0      1
      0      0      1      1      2

      0     -1      0      0      0
      2      3      0      0      0
      1      0      2      0      0
      0      1      0      3      2
     -1      2      0      0      2

      1     -2      0      0      2
      1     -2      2      0      0
      2      0      2      4      0
      0      2      1      1      1
      0      0      2      2      0

      0      2      0      0      0
      2      0      2      0      2
      1      0      3      2      2
     -3      0     -1      4      0
      3      1     -1     -1      1

      2      0      1      1      0
      0      1      3      1     -2
      1     -1      3      0     -2
      1      1      0      2      1
     -1      0      0      0      1

      2      1      1     -1      0
      2      0      0     -1      0
      1      1      3      0      0
      1      2     -1      1      0
     -4      4     -4     -4      1

      0     -2      0      1      0
      0      1      0      1     -1
      2      0      0      2     -1
      0      4      0      3      3
      0      0     -1     -1     -3

      0      0      0      1      3
      2      2      1      1      0
      1     -2      0      1      0
     -1      2     -1      1      3
      3      1     -1     -1     -1

     -1     -1     -1     -2     -1
      0     -3      0     -2     -1
     -1      0      0      0     -1
     -1      0      0      0     -1
     -1      0      0      0      0

      0      0     -2      0      0
      0      0      0      0      0
      1      0      0     -2      0
     -1      0      0     -1      1
      1      0     -1     -1     -1

