;
; ENVI ASCII Output of file: E:\Imaging\ROI_AVIRIS\5_4_13.img [Fri Nov 17 12:08:28 2017]
; File Dimensions: 5 samples x 5 lines x 224 bands
; Line Format    : (5i7)
;
    462    483    483    478    489
    479    463    481    478    489
    493    463    472    500    491
    481    472    478    496    470
    483    459    471    487    493

    565    581    555    574    596
    550    555    577    565    596
    561    573    564    580    574
    562    572    567    581    558
    559    540    536    576    556

    588    590    601    630    620
    599    581    601    602    620
    601    601    601    600    604
    596    598    580    597    627
    580    578    594    597    601

    732    749    740    743    758
    747    737    759    751    758
    738    740    747    754    754
    730    729    729    730    743
    719    726    726    736    742

   1081   1078   1070   1088   1096
   1087   1082   1080   1080   1096
   1091   1092   1084   1074   1092
   1064   1059   1046   1058   1090
   1044   1028   1039   1036   1059

   1127   1127   1123   1131   1121
   1140   1137   1130   1132   1121
   1131   1137   1138   1121   1123
   1120   1106   1095   1092   1120
   1095   1076   1062   1075   1098

   1052   1051   1063   1067   1060
   1083   1076   1054   1058   1060
   1068   1074   1068   1051   1050
   1051   1038   1014   1035   1053
   1030   1015    991   1005   1024

    979    979    974    979    984
   1003    989    971    973    984
    988    986    984    973    966
    967    961    948    941    974
    935    927    917    922    934

   1061   1057   1060   1063   1059
   1078   1077   1064   1060   1059
   1071   1071   1075   1047   1058
   1061   1053   1021   1021   1035
   1020   1007    994    996   1003

   1085   1083   1077   1073   1085
   1108   1102   1083   1081   1085
   1097   1095   1088   1072   1079
   1081   1062   1038   1041   1066
   1049   1025   1011   1014   1035

   1052   1044   1056   1046   1043
   1078   1068   1050   1052   1043
   1063   1062   1065   1042   1034
   1047   1030   1016   1007   1033
   1018    996    978    978   1006

    994    987    990    978    977
   1003   1005    988    979    977
    997    998    987    978    967
    989    969    951    946    960
    948    939    912    916    935

    933    935    937    931    932
    954    946    940    924    932
    937    946    939    932    919
    930    912    900    901    906
    897    890    869    870    885

    854    850    849    845    842
    863    859    843    849    842
    854    857    851    846    845
    840    834    819    811    835
    818    805    789    793    806

    777    771    780    779    773
    790    784    779    770    773
    780    778    783    779    768
    767    754    758    757    762
    752    742    734    735    745

    696    692    699    705    702
    706    704    699    701    702
    698    702    706    701    704
    691    685    688    684    693
    681    676    666    669    675

    618    619    620    635    631
    627    628    623    621    631
    620    626    624    632    627
    610    609    605    615    613
    604    607    602    598    601

    591    591    597    604    605
    595    598    596    595    605
    587    595    597    603    599
    580    580    580    590    585
    577    580    577    577    577

    563    561    574    573    577
    563    566    568    568    577
    553    563    570    573    571
    549    550    554    564    556
    549    552    551    556    553

    525    528    533    536    539
    528    527    534    539    539
    515    531    533    542    543
    517    524    524    529    527
    514    526    529    530    527

    479    483    492    498    501
    485    488    492    500    501
    474    488    493    501    498
    472    474    482    492    488
    478    483    490    492    486

    439    445    453    459    462
    449    452    452    464    462
    442    446    455    465    464
    432    442    451    458    453
    445    449    461    458    457

    414    417    425    434    434
    419    420    422    431    434
    409    416    422    437    444
    412    412    419    431    426
    419    432    436    436    423

    367    373    380    387    391
    369    372    381    391    391
    366    375    379    390    397
    365    374    382    393    383
    378    395    398    394    386

    345    356    358    362    368
    348    353    356    373    368
    342    353    360    369    373
    341    355    363    365    362
    367    371    383    374    358

    338    338    345    357    359
    336    339    349    358    359
    335    340    351    361    367
    331    342    349    360    352
    355    369    374    369    358

    312    317    323    330    339
    314    319    323    337    339
    307    316    327    341    341
    309    316    332    343    328
    334    349    362    353    339

    288    296    303    312    317
    291    292    301    314    317
    287    292    303    313    319
    286    298    306    318    304
    316    331    341    329    315

    283    284    294    297    304
    280    284    293    305    304
    275    282    295    302    304
    282    290    293    311    294
    306    320    329    322    299

    261    265    276    275    281
    260    264    276    283    281
    254    262    271    281    283
    257    270    279    293    272
    285    306    313    303    283

    245    255    253    259    267
    246    252    257    268    267
    245    246    258    266    271
    242    256    266    279    260
    272    291    302    295    269

    241    247    253    260    260
    244    246    252    264    260
    239    249    257    266    265
    239    250    263    271    253
    275    291    303    289    267

    236    246    255    254    251
    245    246    252    266    251
    237    247    255    270    259
    242    251    259    269    245
    269    288    289    279    262

    241    246    253    260    260
    244    245    252    264    260
    238    248    257    266    265
    239    250    263    270    253
    275    291    302    288    268

    225    228    240    239    245
    225    227    238    249    245
    217    228    240    248    253
    221    230    246    254    244
    254    271    286    280    256

    196    202    209    217    221
    201    199    212    220    221
    192    200    210    221    227
    200    205    221    223    220
    231    246    260    254    236

    175    175    187    188    202
    175    177    185    195    202
    171    174    188    195    202
    177    180    191    203    202
    200    220    236    231    210

    170    173    179    183    196
    168    166    180    190    196
    162    170    180    190    203
    168    173    186    197    201
    195    216    233    229    212

    153    155    163    167    181
    151    151    164    175    181
    146    154    164    174    187
    152    158    177    181    185
    178    198    219    218    197

    118    120    127    131    141
    117    118    128    134    141
    114    119    130    136    148
    119    123    137    140    146
    141    159    172    172    156

    128    127    137    141    153
    126    126    139    147    153
    123    128    138    144    162
    128    133    148    152    162
    152    167    192    192    170

    139    139    151    154    173
    135    136    147    160    173
    128    137    148    158    179
    136    141    159    166    181
    164    186    216    217    194

    140    139    147    154    176
    135    134    153    158    176
    130    137    151    160    185
    139    142    161    171    185
    168    189    224    222    198

     85     84     90     97    109
     81     81     92    100    109
     78     82     92     98    115
     83     89     99    104    114
    105    119    139    141    125

    107    106    117    121    142
    107    103    117    126    142
     97    102    117    123    150
    108    109    128    136    157
    134    154    186    187    166

    115    113    120    127    154
    112    107    125    133    154
    102    111    124    133    161
    114    116    136    144    167
    139    162    199    204    179

    104    105    111    120    142
     99     99    114    124    142
     92    101    114    122    147
    104    110    125    133    154
    132    151    186    187    165

     97     96    103    112    135
     93     92    107    115    135
     84     91    106    114    141
     95    101    115    125    147
    120    142    176    181    157

     89     88     94    103    120
     84     83     98    106    120
     77     84     96    106    130
     87     95    105    114    131
    113    132    165    167    144

     71     71     76     83     95
     67     67     78     87     95
     63     68     79     86    102
     71     74     85     91    102
     90    104    129    130    114

     73     69     78     85    100
     67     67     81     88    100
     63     68     80     87    108
     72     74     88     96    107
     90    109    136    137    120

     76     74     81     87    107
     71     69     85     91    107
     65     69     84     92    116
     75     80     92     99    121
     96    117    151    153    130

     79     77     85     94    114
     74     74     92     98    114
     71     75     89     97    126
     81     86     99    105    130
    105    124    162    162    140

     75     71     80     90    108
     71     69     84     92    108
     63     67     85     92    121
     75     81     94    100    125
    100    119    156    158    137

     75     72     80     87    110
     67     67     82     91    110
     64     67     82     91    118
     74     78     94     99    124
     99    119    156    160    134

     68     66     73     84    101
     64     63     79     87    101
     59     63     78     88    115
     71     72     88     96    118
     92    109    151    152    129

     67     63     71     78     98
     61     57     76     83     98
     56     61     74     82    108
     65     69     85     90    112
     90    107    144    145    126

     52     50     57     61     73
     47     46     60     67     73
     43     47     57     68     82
     52     56     66     72     81
     70     85    112    108     93

     45     43     49     53     58
     39     39     51     59     58
     36     38     51     59     66
     43     50     57     62     65
     61     73     92     89     74

     42     38     44     46     50
     37     35     49     57     50
     34     38     46     56     60
     41     44     53     55     58
     55     69     83     78     66

     37     37     38     42     44
     34     33     45     49     44
     30     35     42     49     53
     39     43     49     50     46
     49     61     73     68     57

     28     27     28     25     17
     22     24     37     34     17
     21     26     35     31     24
     25     29     33     30     21
     40     42     33     29     28

     19     16     17     18     13
     15     15     20     20     13
     14     17     19     19     15
     16     18     18     15     14
     22     24     21     17     16

     18     18     19     19     17
     16     17     25     25     17
     16     19     24     24     18
     20     23     24     21     19
     32     35     33     26     22

     31     31     35     37     34
     29     29     40     44     34
     25     28     41     44     39
     34     37     42     43     36
     52     62     70     55     44

     34     34     39     43     41
     31     32     47     53     41
     30     33     46     52     51
     39     42     51     52     46
     59     73     88     72     57

     42     39     46     53     54
     37     37     50     64     54
     32     36     54     62     65
     44     48     62     66     59
     67     85    110     94     76

     43     41     49     55     60
     38     38     55     67     60
     33     38     55     64     72
     47     50     64     71     69
     70     90    118    106     82

     43     40     48     55     57
     36     36     54     65     57
     32     37     55     66     70
     45     51     64     68     66
     69     88    117    102     82

     42     40     47     53     59
     37     35     54     65     59
     32     36     53     64     70
     45     50     63     69     67
     67     88    117    104     81

     42     40     47     53     55
     35     35     55     64     55
     32     35     55     64     67
     43     50     62     68     64
     68     87    115    103     79

     40     36     43     49     54
     33     31     51     61     54
     27     33     49     58     65
     39     44     59     63     60
     63     83    114     97     77

     38     35     42     50     51
     31     31     50     59     51
     27     32     49     60     64
     40     46     58     63     61
     63     82    112     97     76

     34     33     40     46     50
     30     29     46     57     50
     25     30     46     56     60
     37     41     53     59     58
     60     78    106     94     75

     36     32     39     45     48
     30     28     44     57     48
     24     30     45     55     59
     37     41     55     58     56
     58     75    103     90     72

     32     29     35     41     42
     27     26     42     52     42
     23     27     41     50     52
     33     40     49     53     50
     55     72     97     82     64

     29     27     32     38     38
     25     24     39     48     38
     21     25     39     47     47
     31     37     45     48     45
     51     68     89     74     58

     27     24     30     34     33
     22     22     36     44     33
     20     24     38     43     42
     28     34     42     44     40
     47     63     82     66     52

     21     19     23     24     24
     17     18     29     33     24
     15     19     29     32     30
     24     26     32     31     27
     38     49     60     45     35

     14     12     13     14     11
     11     10     17     19     11
     10     11     16     18     16
     15     16     19     16     14
     24     29     31     22     19

      5      3      5      4      3
      5      4      5      5      3
      4      5      5      4      4
      4      5      6      4      5
      6      5      5      4      5

      4      2      4      2      2
      3      3      4      5      2
      3      4      4      5      4
      4      4      4      4      3
      5      4      3      4      4

      6      5      5      6      4
      5      4      6      7      4
      4      5      5      6      5
      6      5      6      5      5
      8      7      6      5      7

      5      4      5      5      3
      4      3      6      5      3
      4      5      6      6      5
      4      5      5      4      4
      8      7      6      5      5

      8      7      8      8      7
      7      6     11     10      7
      6      7      9     11      8
      9      9      8      9      8
     15     16     16     11     10

     14     12     15     15     13
     12     11     19     20     13
     10     12     19     21     17
     18     16     21     18     16
     26     32     37     26     22

     17     15     16     18     16
     14     13     21     24     16
     11     15     22     25     21
     18     20     24     23     19
     32     38     44     32     26

     16     13     17     17     16
     13     13     20     23     16
     11     14     22     23     20
     17     19     23     21     19
     27     35     41     30     24

     17     14     17     19     17
     14     11     21     24     17
     11     14     22     24     21
     19     19     23     22     19
     29     37     43     32     27

     13     12     15     16     15
     11     11     19     20     15
      9     10     20     22     19
     17     17     22     19     17
     27     34     40     29     24

     16     14     18     18     16
     12     12     23     24     16
     11     13     21     25     21
     18     20     25     22     20
     30     37     46     34     26

     16     15     19     20     17
     13     12     23     27     17
     11     13     23     25     23
     19     19     26     24     22
     33     40     51     38     29

     19     16     19     21     20
     14     13     25     28     20
     12     14     26     27     26
     20     23     29     26     24
     34     44     57     43     33

     18     14     19     22     18
     14     13     26     29     18
     11     14     26     28     25
     21     23     27     26     23
     35     44     59     41     33

     17     14     18     19     17
     14     12     24     25     17
     11     14     24     26     23
     20     21     26     24     21
     35     44     54     37     30

     16     13     15     17     14
     12     11     22     23     14
     10     11     22     23     19
     19     19     24     20     17
     33     39     46     30     24

     17     14     18     19     17
     14     12     24     25     17
     11     14     24     26     23
     20     21     26     24     21
     35     43     54     37     30

     15     12     16     20     21
     10     16     23     23     21
     16     17     18     23     26
     15     18     23     28     20
     31     40     50     40     18

     16     15     20     15     18
     14     15     21     23     18
     15     13     17     24     23
     17     16     25     28     23
     33     43     49     39     25

     14     13     21     19     23
     12     14     20     23     23
     16     15     20     25     22
     15     18     28     28     26
     33     39     48     43     28

     13     15     17     15     23
     16     11     17     24     23
     13     14     19     21     23
     14     12     22     30     24
     31     40     53     40     27

     12     10     15     15     21
      9     11     13     19     21
     12     13     18     20     17
     16     12     19     22     20
     25     33     40     34     22

      8      7     14     12     14
      7     10     12     16     14
     10      9     12     14     16
     10     14     16     19     15
     20     25     33     25     18

      1     -8      5     27     25
    -20    -19    -19     10     25
    -18    -20      3     13     11
     12      2     -3    -14     23
     56     41     44     17     20

      4      4      9      4      5
      2      4      6      8      5
      7      4      5      6      9
      5      6      7      7      7
      9     11     12     13      8

      3      4      4      1      4
      1      5      1      3      4
      3      4      4      3      4
      3      3      5      4      4
      4      5      7      7      2

      0      0      1     -1      0
      0      0     -1      1      0
      1     -1      1      0      1
      0      0      1      0      1
      2     -1      4      1      0

      0      0      0      0     -1
     -1     -1      0      0     -1
      0     -2      0     -2     -1
      0     -1      0      2      0
      0      0      0      0     -1

     -1      0     -1     -1      1
      0      0      0      1      1
      1      0     -1      0      1
      0      0      1      1      2
      0      0      3      1      0

      1      0      1      1     -1
      0     -1      0      0     -1
     -1     -1      0      0      1
     -1      0      0      1      1
      0      0      0      1      0

      6      2      9      5      1
      1      0      3      4      1
      0     -3      4      5      6
     -2      3      5      3      1
      0      3      2      3      0

      2      1      2     -3     -1
      0     -1     -2      1     -1
      0      1      0      1     -1
     -1     -2      2      1     -1
      1      0      1      3      4

      1     -1      6     -1     -1
      0      2      0      0     -1
     -1      0      0      1      0
      1     -3      0      1      0
      3      0      2      0     -1

     -1      0      1      0      1
      3      1      0      1      1
      0      1      2      1      3
      1     -2      1      2      0
      2      1      0      0      1

      0      0      3     -1      1
      0     -2      0      1      1
      1     -2      1      0      2
      1     -1      1      0      1
      3      0      3      2      2

      0      1      1      0      3
      0      0      0      0      3
     -1      0      2      1      2
     -1      1      2      2      1
      2      3      3      5      4

      2      4      5      3      1
      3      1      4      4      1
      1      1      3      3      3
      0      1      2      5      3
      3      1      6      7      1

      2      3      4      1      1
      2      3      1      4      1
      4      0      3      1      4
      3      3      6      6      5
      6      6      6      6      7

      3      2      2      3      3
      1      0      1      2      3
      0      3      6      4      4
      1      1      4      4      3
      5      1      4      4      6

      1      3      7      3      4
      5      1      2      8      4
      5      2      6      3      4
      1      2      5      4      4
      5      9      9      6      7

      8      9      8      9      7
      5      5      5      8      7
      8      4      8      7      9
      9     10     13     10      8
     12     15     16     13     10

     10      9     12     10     12
     11     10     11     16     12
      9     10     15     15     14
     11     10     15     16     14
     21     23     29     25     18

     13     11     14     15     15
     11     12     14     19     15
     13     13     12     15     18
     12     15     20     22     17
     25     31     36     31     19

     14     15     18     17     22
     14     14     16     21     22
     10     14     17     21     21
     12     14     22     25     23
     27     36     44     39     26

     17     15     17     17     21
     15     16     16     23     21
     13     14     17     20     24
     15     16     23     28     24
     29     36     47     40     23

     10     13     13     20     36
     12     16     15     21     36
     14     15     16     22     34
     15     16     24     34     42
     25     31     56     57     43

     14     15     20     19     23
     16     17     18     24     23
     17     14     18     24     28
     17     19     25     30     25
     35     43     56     47     29

     14     14     18     17     23
     12     16     18     25     23
     12     14     19     22     24
     14     17     24     27     22
     32     40     53     46     30

     13     13     16     15     20
     14     13     16     20     20
     13     11     15     20     21
     13     16     23     25     23
     28     36     49     39     23

     14     12     16     16     22
     12     11     16     21     22
     11     12     17     21     23
     13     18     23     26     21
     28     38     49     41     25

     14     16     16     16     23
     14     15     14     23     23
     11     12     18     20     20
     14     16     21     24     22
     33     39     52     44     26

     10     13     15     16     20
     13     13     16     20     20
     13     12     18     20     22
     12     14     20     27     21
     30     39     48     42     26

     12     13     14     15     21
     10     13     16     20     21
     10     12     14     20     21
     11     14     20     25     18
     29     37     46     40     27

     12     12     15     17     19
     10     14     17     22     19
     11     12     17     22     20
     13     16     21     26     22
     30     39     50     40     25

     12     12     16     14     20
     12     13     16     20     20
     13     11     16     19     19
     14     17     20     22     21
     32     39     47     39     23

     11     12     13     15     19
      9     13     14     19     19
     11     10     15     18     20
     14     15     20     25     21
     27     33     47     39     24

     12     11     13     15     19
     11     12     14     18     19
      9      9     15     18     17
     11     14     19     25     18
     26     34     45     36     22

     12     11     13     13     20
     10     13     13     17     20
     11     12     12     17     20
     11     13     18     23     20
     27     34     43     37     22

     10     10     15     11     16
     11     12     14     17     16
     11     10     14     16     19
     11     14     17     19     17
     26     33     43     34     21

     10      9     13     14     18
     10     11     15     18     18
     11     10     13     16     17
      9     15     16     22     18
     26     32     38     34     21

     10     11     12     13     15
      9     10     12     15     15
      9      8     11     15     17
     10     12     16     20     14
     22     26     31     29     19

     11      9     12     11     11
     10     12     13     16     11
      9      8     11     14     13
     10     10     15     18     14
     20     25     29     25     17

     10      9     10     11     12
     10     11     10     14     12
      7      7     11     12     11
      8      9     13     17     12
     19     23     24     22     15

      7      7     10      9     12
      6     10     10     11     12
      9      8     11     11     12
      6      8     13     12     10
     17     17     21     21     13

      6      8      9      8      9
      5      8      9     10      9
      7      8     10      8      9
      7      7      9     13      9
     15     16     21     17     12

      9      7     10     11     10
      9      8      8     11     10
      5      7      7     12     12
      4      7     10     13     10
     12     14     24     22     13

      6      6      8      6      8
      5      8      7      9      8
      8      4      8      9      9
      5      7     10     12     10
     12     18     20     15     11

      5      5      6      5      7
      4      6      6      8      7
      4      6      5     10      8
      7      6      7      9      8
     14     14     15     15     10

      4      3      6      5      5
      3      3      4      5      5
      4      3      4      6      5
      2      5      6      6      7
      8     10     11      9      8

      3      2      4      2      6
      3      3      3      4      6
      2      1      3      4      5
      2      3      5      4      5
      7      7      7      7      5

      1      0      2      2      2
      0      1      3      3      2
      2      1      2      4      3
      1      1      1      5      2
      3      3      4      5      3

      1      0      1      0      0
      0      2      1      0      0
      0      0      0      1      1
     -1      0      1      2      0
      2      1      0      2      1

     -1      0      1     -2      0
      0      0      0      0      0
      1     -1     -1      0      0
     -2     -2     -1      0      1
      0     -1     -1      0      0

     -1      0      0     -1      0
      0     -1      0      0      0
      0     -2      0     -1     -1
      0     -1     -1      2      0
      1     -1      0      1     -1

      0     -2      2     -1      0
      0      1      0      1      0
      0      0      0      0      0
      0      0      0      1      1
      2      0      1      0      2

      1     -1      0     -3     -1
     -2      0      0      1     -1
     -1      0      1      2      1
     -1     -1      0      0      0
      0     -2      0      2      1

      0      0      0     -1      1
     -1     -1     -1      0      1
      0     -1      1      1      2
      0      0      0      0      0
      0      0      1      1      0

      1      0      1      1     -2
      1      0     -1      0     -2
      0     -3      2      1      0
      0      0      0      1      0
      2      0      3      1      0

      1     -1      0     -1     -1
      1      0      1      0     -1
     -1     -4      1     -1      2
      0     -1      1      3      1
      1      0      1      1      0

      1     -1      0      0      0
     -1      0      0      1      0
      0      0      0      0     -1
      0     -2      1      0      0
      0      1     -1      3      0

      0      0     -2      0      0
      0      0      0      0      0
     -1      0      0      2     -1
      0      1      0      0      0
      0     -1      0     -1     -2

      0     -1      0      0      0
      0      0      2      1      0
      0      0     -1      0      0
     -1      0      0      0      1
      0      0      0     -2      0

      0      0      0      0      0
      0      1      1      0      0
     -1      0      0      0      0
      0      1      0     -2      0
     -2      0      0      0     -1

      0      0      0      0      1
     -1      0      0      0      1
      0      0      0      0      0
     -1      0      0      0      0
      0      0      0     -1     -1

      0      0      0      0      0
      0      0      0      0      0
      0      0      0      0      0
      0      0      0     -1      1
      0      0      0      0      0

      0      0      0      0      2
     -1      0      0      1      2
      0      0      0      1      0
     -2      0      0      0      2
     -1      0     -1      0      0

     -2      0      0      0      0
      0      1      1      0      0
     -2     -1     -1      0      1
      0     -1      0      0      1
      0      0     -1      0      0

      0      0     -1      1      0
      1      0      2      1      0
      0      0     -1      1      0
      0      0     -2      1      0
      0      0     -1      0      0

      0      0      0      1     -1
      0      0      0      0     -1
      0      0      0      0      0
      0      0      0      0      0
      0      1      0      1      0

      0      1      0      0      1
      1      0      1      0      1
      0      0      0      0      0
      1      0      0      0      1
      0      0      0      1     -1

      4      2      0      1      0
      2      3      2      2      0
      0      1      2      2      1
      1      1      1      1      2
      1      2      0      1      2

      1      3      3      2      2
      2      4      3      2      2
      2      4      3      4      4
      2      3      4      3      3
      5      5      3      4      0

      5      2      2      4      3
      3      5      5      3      3
      4      3      4      4      4
      2      4      4      4      5
      5      4      5      3      3

      4      2      1      2      2
      3      4      3      3      2
      1      3      2      3      2
      1      3      2      3      3
      2      3      2      3      3

      2      0      0      2      2
      0      2      2      1      2
      1      1      1      0      1
      0      0      0      1      1
      2      0      0      1      0

      0      1      0      1      1
      1      2      4      2      1
      0      1      0      2      2
      1      2      1      0      2
      2      2      1      2      1

      4      4      4      3      4
      3      5      5      5      4
      3      4      5      4      4
      5      5      4      5      5
      7      9      7      6      3

      5      6      5      5      7
      6      5      6      7      7
      5      6      6      7      6
      7      8      7      5      6
     11     11     11     10      7

      4      3      4      5      4
      5      7      9      5      4
      5      4      5      5      5
      5      6      5      5      6
      9     11      8      7      6

      3      3      3      3      5
      4      4      5      4      5
      4      4      5      6      4
      5      4      3      2      5
      6      7      6      5      3

      2      3      4      5      4
      5      5      7      4      4
      4      3      3      5      5
      4      5      4      5      5
      7      8      9      7      5

      5      4      6      5      6
      5      6      6      7      6
      5      6      6      7      6
      7      5      5      6      6
     11     10     12     10      6

      7      6      5      7      6
      6      5      8      6      6
      6      5      7      8      7
      7      7      7      8      8
     12     14     13     13      7

      6      5      6      8      6
      6      7      9      8      6
      6      7      7     10      8
      7      8      7      9      7
     14     17     16     12      7

      7      5      6      6      6
      7      8      8      8      6
      6      6      6      8      6
      6      7      7      9      8
     15     15     15     12      7

      6      6      5      7      8
      8      7     10      6      8
      5      7      7      7      8
      7      8      9      9      8
     15     16     14     13      7

      5      6      7      8      7
      7      6      8      8      7
      6      8      8      8      8
      8      7     10     10      9
     15     17     17     12      8

      6      5      5      6      7
      7      7      8     10      7
      5      7      7      9      8
      7      8      8     10      7
     15     16     16     15      9

      6      7      5      7      8
      5      7      8      7      8
      4      6      6      9      8
      6      8     10      7      7
     15     16     16     11      9

      6      4      5      5      7
      6      5      7      8      7
      5      4      8      8      6
      5      6      8      9      7
     13     16     16     14      8

      5      4      6      4      7
      6      7      8      7      7
      5      7      6      7      7
      5      8      8      7      6
     12     14     15     11      9

      5      4      6      6      8
      6      6      7      7      8
      6      6      6      8      8
      6      9      7      8      7
     14     17     16     12      9

      3      4      4      5      6
      5      5      7      7      6
      4      5      4      7      6
      5      7      7      8      7
     14     15     15     13      7

      5      6      3      5      6
      5      5      7      8      6
      5      5      6      7      8
      5      6      7      9      8
     13     15     16     13      7

      4      6      6      6      7
      7      7      9      7      7
      6      7      4      9      9
      5      7      8      9      8
     13     15     17     14      9

      4      7      5      6      7
      6      7      8      9      7
      5      5      6      9      9
      6      8      8     10      8
     14     17     18     15      9

      5      6      6      6      8
      7      8      7      8      8
      5      5      5      8      6
      7      9      8      8      8
     15     17     17     15     11

      5      6      6      8      7
      5      5      8      8      7
      5      5      6      7      8
      7      7      8      8      8
     13     15     18     15     10

      6      6      4      7      7
      4      4      7      8      7
      4      5      7      8      8
      5      8      7      8      9
     12     15     15     14      8

      3      5      5      7      8
      5      5      7      7      8
      5      7      5      9      7
      4      5      7      9      8
      9     13     14     13      8

      3      4      3      5      5
      4      4      6      5      5
      4      4      5      4      5
      4      4      4      7      6
     10     10     11     10      8

      4      3      3      6      6
      3      4      7      6      6
      2      4      3      7      6
      3      5      4      6      5
      7     10     10      8      5

      4      2      2      5      5
      3      5      6      5      5
      3      4      4      4      6
      4      6      5      6      6
      6      9      8      9      7

      5      3      4      6      3
      4      5      7      5      3
      6      1      2      6      6
      3      2      2      7      5
      6      8      9      6      6

      2      2      3      4      5
      3      2      6      5      5
      3      3      3      6      5
      3      4      4      5      5
      6      5      7      5      6

      2      3      2      5      5
      3      4      6      5      5
      3      3      3      3      3
      2      5      3      3      2
      4      4      5      6      4

      4      1      3      5      6
      3      2      2      5      6
      5      2      3      5      5
      3      4      3      3      4
      5      5      7      7      6

      3      2      3      4      4
      4      3      4      6      4
      3      2      4      5      4
      0      2      3      6      5
      5      6      5      8      3

      2      2      0      1      3
      0      1      4      2      3
      3      2     -1      0      4
      1      4      3      5      4
      1      4      5      4      4

      2      1      2      4      2
      1      2      3      4      2
      1      1      3      3      2
      2      4      2      1      4
      4      3      5      5      5

      4      2      1      3      4
      4      3      2      3      4
      2      3      3      4      5
      3      5      2      3      2
      3      2      6      3      2

      0      0     -1      2      0
      0      1      3      4      0
      2      1      1      4      5
      2      1      1      1      1
      0      3      2      3      2

      1      2     -1      2      1
      1      0      3      1      1
      1      1      3      2      1
      2      1      1      2      3
      1      2      2      2      1

      3      2      1      2      3
      1      1      2      3      3
      3      2      1      2      2
      1      0      1      1      3
      2      4      2      3      3

      0      2     -1      2      0
      1      0      3      4      0
      1      0      2      0      0
      1      1      0      1      2
      0      2      0      2      1

      0      0     -1      0      0
      1      0      0      1      0
      0      0      1      1      1
      2      0      0      0      1
      0      3      0      0      2

      0      3      1      1      4
      4      0      2      0      4
      1      0      0      0      1
      0      1      1      4      4
      2      3      1      4      4

     -1      0      0      2     -1
      1      1      3     -1     -1
      1      1      0     -1      1
     -1      0     -1      0      2
      0      4      4      2      0

      0      0      0     -1     -1
      0     -1      0      0     -1
      0      0      0      1      0
      0      2      0      0      0
      1      2      1      0      1

      2      0      0      2      2
      0      0      0      3      2
      0     -1      1      0      0
     -3      0      0      0      0
      0      0      0      3      1

     -1      0      2      0      0
      1      0      0      2      0
     -1      0      0      0      2
      0     -1     -3      2      4
      0      1      2      1      0

      0     -1      0     -1      0
      0     -2     -1      2      0
      0      1      1     -1      1
     -1     -2      1      0      0
      0     -1      0      0      1

     -2     -1      0      0     -1
      0     -2      1      0     -1
     -1     -1      0      0      0
      0      0     -2      0     -1
      1      0      0      0      1

      0      1     -4      0     -1
      0      0      0      0     -1
      0     -2     -2      2      0
     -1      4     -4      0      1
     -1      0     -1      0      0

