;
; ENVI ASCII Output of file: E:\Imaging\ROI_AVIRIS\5_4_3.img [Fri Nov 17 12:07:09 2017]
; File Dimensions: 5 samples x 5 lines x 224 bands
; Line Format    : (5i7)
;
    473    462    454    463    480
    473    465    476    461    456
    472    476    458    458    458
    472    476    469    447    467
    477    465    467    460    479

    529    556    534    544    546
    529    547    552    549    535
    571    547    541    556    544
    571    547    542    535    554
    543    549    555    543    552

    565    577    562    576    579
    565    574    579    584    574
    586    576    574    571    560
    586    576    563    560    577
    571    575    585    574    593

    692    701    688    705    717
    692    712    702    702    702
    701    701    713    713    701
    701    701    718    706    718
    723    710    703    708    711

   1015   1029   1016   1022   1019
   1015   1034   1034   1032   1023
   1027   1032   1033   1028   1010
   1027   1032   1026   1028   1024
   1035   1029   1039   1024   1030

   1055   1063   1058   1054   1067
   1055   1071   1068   1052   1068
   1059   1051   1062   1075   1063
   1059   1051   1071   1063   1058
   1074   1076   1078   1065   1059

    981    996    996    982    985
    981    999    993    995    986
    995    999    988    994    978
    995    999    992    990    990
    991    995    994    989    998

    912    901    903    904    905
    912    913    910    908    908
    904    900    904    903    903
    904    900    900    904    903
    913    912    914    889    902

    973    983    968    967    972
    973   1000    985    982    976
    988    979    984    988    976
    988    979    979    971    969
    979    989    988    975    977

    997    991    997    990    985
    997   1006    997    997    991
   1000    997    991   1000    991
   1000    997   1005    991    987
    998   1000   1003    995    995

    953    959    960    953    947
    953    967    965    961    961
    960    954    960    962    949
    960    954    959    952    948
    962    960    962    957    951

    891    892    894    897    886
    891    896    900    896    891
    901    888    884    888    882
    901    888    890    880    876
    896    902    894    894    887

    843    844    844    838    838
    843    846    854    843    847
    842    839    848    840    834
    842    839    839    835    828
    844    848    852    843    838

    770    764    764    767    753
    770    771    774    770    764
    765    765    764    764    753
    765    765    768    760    755
    765    770    769    763    759

    709    710    715    703    708
    709    717    721    714    706
    709    712    711    708    710
    709    712    710    705    700
    713    719    717    710    696

    651    652    656    648    640
    651    660    665    651    657
    657    647    656    652    646
    657    647    653    646    644
    657    655    650    650    656

    586    591    584    589    586
    586    598    597    592    590
    592    583    594    588    583
    592    583    588    582    579
    590    593    589    591    588

    565    564    559    562    558
    565    569    570    564    567
    565    562    566    565    556
    565    562    561    559    553
    564    568    567    565    561

    543    535    533    533    530
    543    540    543    535    543
    537    541    537    541    529
    537    541    534    536    525
    537    543    544    537    533

    507    505    512    510    505
    507    515    516    511    510
    510    505    517    508    509
    510    505    512    502    502
    512    511    515    509    507

    473    472    474    468    472
    473    482    484    474    474
    471    471    479    473    463
    471    471    477    467    458
    481    478    476    468    467

    435    440    437    433    441
    435    448    449    443    439
    440    437    445    439    439
    440    437    440    435    431
    439    441    440    436    434

    421    412    413    412    413
    421    422    421    416    417
    421    416    419    416    415
    421    416    418    416    412
    422    416    421    416    417

    377    376    379    376    379
    377    385    383    382    382
    383    373    380    378    374
    383    373    378    375    376
    383    379    382    380    382

    355    358    356    360    354
    355    363    364    363    363
    359    363    361    364    362
    359    363    358    357    359
    367    363    365    360    358

    349    347    347    350    353
    349    358    361    356    353
    351    351    356    352    349
    351    351    353    349    348
    353    355    361    353    355

    328    325    328    333    331
    328    333    339    336    332
    333    331    337    333    333
    333    331    328    326    328
    332    332    336    334    331

    304    308    301    305    307
    304    312    310    308    307
    311    310    311    315    308
    311    310    308    307    303
    308    308    308    313    308

    292    295    296    294    294
    292    303    302    302    296
    298    300    299    300    295
    298    300    299    297    293
    301    300    300    298    296

    276    273    270    274    276
    276    281    283    279    277
    277    281    282    280    278
    277    281    274    275    271
    275    278    278    278    280

    262    261    257    262    266
    262    266    269    266    267
    264    267    271    269    264
    264    267    268    262    262
    263    263    269    264    267

    259    260    255    256    260
    259    267    265    262    261
    260    262    263    264    263
    260    262    261    262    258
    262    258    262    263    263

    262    254    252    249    255
    262    262    259    260    260
    255    267    261    264    260
    255    267    261    258    254
    258    255    259    258    266

    258    260    256    257    261
    258    266    265    262    261
    261    263    264    265    264
    261    263    261    261    258
    263    258    262    262    263

    246    238    240    239    245
    246    250    249    245    247
    244    247    248    251    252
    244    247    242    250    243
    249    240    247    245    249

    219    217    212    215    219
    219    220    227    219    220
    217    221    222    225    225
    217    221    218    221    217
    221    214    221    218    222

    193    193    186    189    194
    193    195    201    198    195
    190    195    200    202    201
    190    195    194    200    194
    196    193    198    196    197

    188    184    185    183    191
    188    190    195    189    189
    185    189    193    197    195
    185    189    188    192    191
    192    186    189    190    193

    170    171    167    166    176
    170    173    181    175    173
    171    177    182    179    180
    171    177    169    176    173
    176    172    177    174    173

    133    134    130    133    137
    133    137    140    137    138
    134    138    140    145    143
    134    138    133    138    135
    136    133    138    138    137

    141    146    140    141    146
    141    144    154    148    145
    143    147    152    154    152
    143    147    141    147    148
    146    142    148    147    146

    156    157    154    151    160
    156    160    166    158    160
    157    161    168    172    170
    157    161    152    165    163
    157    154    159    161    162

    157    159    158    155    164
    157    160    167    162    162
    157    163    167    172    170
    157    163    156    166    164
    160    155    162    163    163

     96     99     94     94     96
     96     97    102     99     98
     97     97    104    107    106
     97     97     93    102    102
     98     95    101    101    102

    124    129    124    121    131
    124    127    136    126    129
    127    131    136    140    139
    127    131    122    134    134
    126    123    129    129    133

    132    132    133    131    136
    132    134    143    134    131
    131    138    142    150    148
    131    138    127    139    141
    131    130    137    138    137

    119    124    117    118    128
    119    124    131    123    120
    121    126    135    140    133
    121    126    117    130    132
    121    117    126    126    126

    114    115    110    113    117
    114    116    123    113    115
    113    119    124    132    128
    113    119    109    121    124
    112    113    119    120    120

    102    108    101    101    106
    102    105    111    106    105
    102    109    114    120    117
    102    109    102    114    113
    105    103    111    109    109

     82     84     81     84     87
     82     83     90     83     84
     83     89     92     97     96
     83     89     82     90     91
     83     82     89     89     89

     83     87     82     82     88
     83     86     94     85     86
     85     90     95     99     96
     85     90     80     91     96
     84     81     89     92     92

     87     94     87     88     94
     87     90     99     92     91
     90     93    102    110    104
     90     93     87     99    102
     91     87     97     99     95

     92     99     93     93    102
     92     97    106     98     97
     96    102    108    116    108
     96    102     90    107    108
     96     92    103    105    104

     87     93     87     89     94
     87     94    101     93     92
     90     96    105    113    108
     90     96     86    101    106
     91     88     99    100    100

     84     92     87     91     94
     84     89     99     91     91
     89     94    103    112    105
     89     94     82     99    105
     86     85     98    101     98

     81     87     82     81     85
     81     86     93     82     85
     82     89     98    107    100
     82     89     77     95     99
     82     79     95     97     93

     78     83     80     79     84
     78     82     91     81     81
     81     85     94    102     97
     81     85     74     91     96
     80     78     91     91     91

     59     65     59     64     66
     59     62     69     61     62
     62     68     75     77     75
     62     68     61     71     74
     62     61     70     71     71

     52     54     51     53     54
     52     53     59     53     54
     54     59     64     64     65
     54     59     53     62     61
     49     53     61     61     60

     47     50     46     48     48
     47     47     54     46     49
     49     52     59     60     57
     49     52     48     56     57
     48     48     55     56     55

     41     42     42     40     43
     41     45     49     42     46
     44     48     53     54     53
     44     48     41     51     48
     43     42     49     50     49

     27     28     32     31     32
     27     28     30     29     30
     33     34     35     32     35
     33     34     33     30     27
     33     33     32     30     29

     17     17     19     17     18
     17     19     19     19     18
     20     21     21     19     21
     20     21     19     17     17
     21     19     20     18     18

     22     21     23     24     24
     22     23     24     23     24
     26     26     29     26     27
     26     26     25     25     23
     23     24     27     26     25

     37     37     38     40     41
     37     39     41     40     43
     41     47     49     49     50
     41     47     42     45     44
     41     39     51     48     46

     43     45     43     44     46
     43     47     51     44     48
     47     53     59     59     60
     47     53     47     57     52
     44     44     59     60     57

     52     52     52     55     54
     52     55     61     53     56
     55     64     71     75     72
     55     64     56     69     67
     51     52     72     73     70

     55     58     55     56     60
     55     59     68     56     61
     57     69     78     80     74
     57     69     56     76     73
     55     55     79     79     78

     55     56     52     57     59
     55     59     63     57     60
     57     66     76     80     75
     57     66     57     75     71
     54     53     78     80     78

     53     57     52     54     57
     53     59     65     54     58
     57     66     78     80     75
     57     66     57     71     72
     52     53     79     82     79

     53     55     50     56     55
     53     57     65     54     59
     56     65     77     79     75
     56     65     55     74     70
     52     50     79     84     78

     50     53     48     52     52
     50     53     61     51     55
     52     63     73     75     71
     52     63     52     70     68
     47     48     78     77     79

     49     52     48     50     53
     49     55     59     50     55
     54     61     73     76     72
     54     61     53     72     68
     47     49     79     80     78

     47     49     46     48     49
     47     50     57     49     52
     50     58     68     71     68
     50     58     49     68     66
     44     46     75     78     76

     46     49     44     47     50
     46     50     58     47     50
     49     59     70     72     67
     49     59     49     67     64
     44     45     75     78     75

     42     44     40     43     47
     42     45     52     44     47
     45     54     65     66     64
     45     54     45     63     60
     40     42     71     74     72

     39     41     38     40     43
     39     42     48     40     43
     42     50     60     62     60
     42     50     43     58     55
     38     39     67     70     67

     36     38     35     38     40
     36     39     44     36     40
     40     47     55     57     56
     40     47     41     53     50
     36     36     62     65     62

     28     29     26     29     32
     28     31     33     29     32
     31     38     43     42     43
     31     38     32     42     39
     27     29     49     48     45

     16     16     18     18     20
     16     17     20     17     21
     20     24     25     25     27
     20     24     19     24     22
     18     19     30     29     26

      5      5      7      6      7
      5      6      7      6      8
      8      9      6      8     10
      8      9      7      6      6
      6      8      8      6      7

      5      6      5      6      5
      5      5      5      5      6
      6      6      5      6      7
      6      6      5      5      5
      5      6      5      5      4

      7      7      8      8      8
      7      8      8      6      8
      8      8      8      9     11
      8      8      8      8      8
      9      8     10      7      9

      5      6      7      7      7
      5      7      8      8      8
      8      9      8      9      9
      8      9      8      7      7
      8      9     10      8      8

      9     10     11     12     13
      9     11     12     12     14
     12     14     16     16     16
     12     14     13     15     14
     11     13     18     17     16

     18     19     18     20     22
     18     20     23     19     22
     23     26     28     28     31
     23     26     22     27     25
     18     21     32     32     30

     21     22     22     24     26
     21     23     26     22     27
     25     31     33     34     35
     25     31     25     31     29
     22     23     40     39     37

     19     18     20     22     22
     19     22     26     21     24
     24     29     30     31     32
     24     29     23     28     28
     21     21     35     33     32

     20     21     20     23     25
     20     22     26     22     26
     26     28     32     32     34
     26     28     25     30     27
     23     24     35     35     33

     17     17     17     22     21
     17     20     23     20     23
     22     25     29     29     31
     22     25     21     27     24
     19     22     33     32     32

     21     21     20     23     26
     21     23     26     22     26
     25     29     34     33     36
     25     29     25     31     28
     22     22     37     35     35

     21     22     22     25     26
     21     24     27     23     25
     27     30     38     36     38
     27     30     26     34     30
     22     23     42     42     42

     24     26     24     27     31
     24     27     31     26     31
     29     36     43     43     43
     29     36     29     40     37
     26     28     50     50     50

     24     25     25     27     30
     24     29     32     25     31
     31     36     43     42     46
     31     36     29     41     38
     24     27     53     53     52

     25     25     23     26     29
     25     26     30     25     31
     27     35     42     42     44
     27     35     28     40     37
     24     26     52     53     52

     21     21     22     25     27
     21     24     27     23     29
     27     32     39     39     42
     27     32     28     36     33
     24     25     49     48     48

     25     25     23     26     29
     25     26     30     25     31
     27     35     42     42     44
     27     35     28     39     37
     24     26     52     53     52

     22     21     19     23     25
     22     24     27     26     30
     19     28     35     32     37
     19     28     32     33     33
     20     22     51     46     48

     20     24     20     26     25
     20     25     27     23     26
     24     28     33     38     36
     24     28     28     34     31
     23     23     48     50     51

     24     24     20     25     29
     24     26     27     24     24
     25     31     35     36     37
     25     31     32     38     38
     19     25     44     53     52

     18     20     19     23     24
     18     24     26     23     24
     22     29     32     37     30
     22     29     26     34     36
     17     24     45     50     50

     17     16     18     19     20
     17     23     22     17     22
     20     20     29     29     30
     20     20     24     30     26
     16     17     39     41     45

     14     16     14     14     19
     14     19     17     17     22
     15     19     23     25     23
     15     19     20     26     24
     15     15     31     33     33

     40     25     46     50     38
     40     44     52     39     48
     -3      6     13     10     27
     -3      6      5     13     27
     11      3      3     15     10

      7      7      6      8      6
      7      9     10      6      8
      8     10      9     10     13
      8     10      8      8      8
      7      8     13     13     15

      3      4      6      5      6
      3      3      3      3      5
      5      6      7      6      6
      5      6      5      5      5
      3      3      7      6      8

      1      1      0      1      0
      1     -1      1     -1      0
      2      2      3      3      1
      2      2      0      0      0
      0      0      1     -2      2

      0      1      0      1      2
      0     -1      0     -2      0
      0      0      0      1      0
      0      0      0      0     -1
      0     -1      0      0      0

     -1      0     -1     -1      1
     -1      0      0     -1      1
      3      1      0      1      0
      3      1      0      0      0
      0     -2     -1      1      0

      1      0      0      2      1
      1      0      1     -1      0
     -1      1      0      0      0
     -1      1      0      0     -1
      0      0      1      1     -1

      0     -1      2      0      0
      0     -3     -2     -4     -2
      2      0      0     -1      3
      2      0     -1      6      1
      2      0     -3     -2     -1

     -1      1     -1     -1      2
     -1     -1     -1      0     -2
      0      0      1     -2      0
      0      0      0      0     -2
      0      0      2      1      0

      0      0      0      0      0
      0      0      1     -2      0
      0      0      0      1      2
      0      0      1      0     -1
      1      1      2      0      0

     -1      1      0      2      1
     -1      0      0     -1     -1
      1      0      1      1      2
      1      0     -1      0      0
      1      2      2      2      1

      0      2      0      1      1
      0      0      1      0      2
      4      2      2      3      0
      4      2      0     -1      0
     -1      1      3      0      1

      0      0      2      2      2
      0      0      3      0      1
      4      1      1      3      1
      4      1      1      1      0
      1      1      1      3      1

      4      2      2      1      7
      4      2      3      2      4
      8      5      4      3      4
      8      5      3      4      0
      3      2      4      2      1

      2      5      6      4      4
      2      5      1      3      6
      7      5      7      6      6
      7      5      4      6      2
      5      3      9      6      4

      2      2      4      2      2
      2      2      3      2      4
      4      4      4      3      6
      4      4      3      1      2
      3      4      3      4      3

      3      6      6      4      4
      3      7      4      3      4
      7      4      7      9      7
      7      4      7      7      4
      6      5      7      7      8

     10     10      8      9     10
     10     11     12      9     11
     11     10     14     15     14
     11     10     11     15     10
      9      8     17     18     15

     12     14     14     13     17
     12     16     16     13     16
     13     18     22     23     23
     13     18     16     21     21
     13     14     27     31     30

     18     20     17     19     19
     18     21     22     19     19
     18     21     26     26     25
     18     21     20     28     26
     16     17     36     39     41

     20     22     18     20     22
     20     22     23     20     22
     21     24     31     33     32
     21     24     25     31     31
     19     21     40     47     47

     20     22     19     22     23
     20     26     27     22     22
     22     24     33     34     32
     22     24     26     32     34
     17     19     45     51     54

     22     30     18     21     23
     22     24     30     22     19
     18     18     25     40     30
     18     18     20     35     41
     19     20     44     54     64

     24     24     20     22     27
     24     28     29     22     26
     23     27     34     38     35
     23     27     27     38     38
     19     21     51     58     64

     24     24     19     21     24
     24     24     28     24     23
     22     26     36     35     34
     22     26     26     39     37
     19     20     53     56     64

     18     22     16     19     21
     18     23     23     20     23
     20     24     31     33     29
     20     24     25     33     33
     18     17     47     54     58

     22     21     17     20     21
     22     23     26     22     22
     20     24     33     34     31
     20     24     23     37     34
     17     20     48     54     60

     19     23     20     19     23
     19     26     25     23     23
     21     25     35     36     32
     21     25     25     37     35
     16     20     49     56     63

     18     22     17     17     22
     18     22     26     19     23
     19     23     33     34     29
     19     23     24     34     33
     16     20     47     55     57

     17     19     19     18     20
     17     22     24     19     22
     20     23     30     34     28
     20     23     24     35     34
     15     19     44     53     59

     18     22     18     19     21
     18     25     26     23     23
     21     26     33     33     32
     21     26     25     37     36
     20     20     49     57     60

     19     20     16     18     23
     19     22     24     22     23
     20     25     31     35     30
     20     25     25     35     33
     16     20     48     55     58

     16     20     15     17     19
     16     21     23     19     22
     18     21     29     32     29
     18     21     23     33     29
     15     18     43     51     52

     16     19     17     17     16
     16     20     21     18     19
     19     23     31     31     30
     19     23     21     30     29
     18     18     43     47     48

     15     18     16     16     19
     15     20     22     18     20
     18     23     30     28     27
     18     23     22     29     29
     13     17     37     44     45

     15     17     14     17     18
     15     18     19     18     20
     19     20     24     25     24
     19     20     19     25     25
     16     15     34     38     38

     13     15     13     15     18
     13     19     18     15     19
     16     19     24     24     21
     16     19     18     26     24
     14     15     28     31     29

     12     12     12     14     13
     12     17     15     13     14
     16     17     20     20     18
     16     17     16     17     17
     13     13     23     22     22

     10     11     12     12     13
     10     13     16     12     15
     15     15     16     16     16
     15     15     14     15     13
     12     12     17     17     16

      9     10     10     10     12
      9     12     12      9     11
     12     13     14     13     13
     12     13     12     15     12
     11     11     13     12     13

     10      9      7     10     10
     10     11     11      9     10
     10     11     14     13     12
     10     11     11     12     10
     11      8     12     10      9

      8      8      9     10     10
      8      9      9      7      9
      9     10     11     13     11
      9     10     10     10      9
      8      8     11     10      9

      8      8      9      8      9
      8      8     10      9     10
     13     15     12     12     13
     13     15      9     15     12
      7      8     12     11      9

      7      9      8      9      8
      7      9     12      7      9
      9     11     12     11      9
      9     11      8     10      9
      7      7     12      9      9

      5      8      6      8      6
      5      8      4      7      7
      7      7     10     10      9
      7      7      8      8      7
      6      8     11      9      7

      5      6      6      5      6
      5      5      6      6      6
      6      7      9      7      7
      6      7      7      6      4
      5      5      8      7      7

      2      3      3      2      4
      2      5      5      3      4
      7      6      6      5      5
      7      6      4      5      3
      2      3      6      5      4

      1      3      5      2      2
      1      3      5      2      3
      3      2      2      3      2
      3      2      1      3      2
      2      0      4      3      3

      0      0     -1      0      1
      0      1      2      0      2
      1      2      2      1      2
      1      2      2      0     -1
      0      0      1      0      1

      0      0      0      0      0
      0      0     -1     -1      1
      0      0      2      1     -2
      0      0      0      0      0
      0      0      0     -1      1

      0      0      0      0      0
      0      1     -1     -1      1
      0      0      0      0      0
      0      0      0      0     -2
      1     -1      0     -1      0

     -1      0      1      1      0
     -1     -2      1      0      0
      0      0      2      0      0
      0      0      0      0      0
      0     -1      1      1      0

     -2      0      0      0      0
     -2      0      0     -2     -1
      1      0      1      0      0
      1      0      0     -1     -1
      0      0      0      0      0

      0      0      0      0      0
      0     -1      1      0      1
      2      1      2      0      0
      2      1      0      0     -1
      0      0      2      0     -1

     -1     -1      0      0      0
     -1      0      0     -1      0
      2      3      2      1      0
      2      3      0      0     -2
      0      0      0     -1      0

      0      0     -2      0      0
      0     -1      3     -2      0
      3      1      1      2      1
      3      1     -1     -1      0
      0      0      0      0      1

     -3      0      0      0      0
     -3      0      0     -2      0
      2      2      4      3     -1
      2      2     -1     -1      0
     -1      1      2     -1      0

      0      0      1      1      0
      0      0      0      0      0
      1      0      0      0      0
      1      0      0     -1      0
      0     -3     -2      0      1

      0      0      1      0     -1
      0     -3      0      0      0
      0      0      0      0      3
      0      0      0      0      0
     -2      1      0      0      0

     -1      0      0      0     -1
     -1      0      0      1      0
      0      0      0      0      2
      0      0     -1      0      0
      0     -1     -1      0      1

      1     -1      0      0      0
      1      1      0      0      0
      0      0      2      1      2
      0      0      0      0     -1
      0     -1     -2     -1      0

      0      0      0      0      0
      0      1      0      0      1
      0      1      1      0      0
      0      1      0     -1      1
      0      0      0     -1      1

      0      0      1     -1      0
      0      0      0      0      0
      0      0      0      1      1
      0      0      0      0      0
     -1      0      0     -1      0

      0     -1      0      0      0
      0     -1      1      1      0
      0      0      2      0      3
      0      0      0      0      0
     -1      0      0      0      0

      0      0      1      0     -1
      0      0      0      0      0
      1      0      1      1      1
      1      0      0      0      0
      0     -1      0      0      1

      1      0      0      0     -1
      1      0      1      0      0
      0      0      0      0      2
      0      0      0     -1      0
      0      0      1      0     -1

      1      0      0      0      0
      1      0      1      1      2
      0      0      1      0      0
      0      0     -1     -1      1
     -1     -1      0      0      1

      2      1      2      2      2
      2      3      2      3      1
      2      3      3      3      2
      2      3      2      2      1
      1      2      2      1      3

      5      3      5      4      5
      5      6      5      4      5
      6      5      6      4      5
      6      5      5      5      5
      3      3      5      5      6

      7      6      6      5      5
      7      7      7      7      9
      7      7      7      7      8
      7      7      7      7      7
      5      5      8      7      8

      4      5      4      3      3
      4      6      5      3      6
      5      6      7      6      6
      5      6      3      4      5
      3      4      4      4      5

      1      1      2      0      0
      1      0      2      2      3
      1      2      3      3      2
      1      2      1      1      3
      0      2      2      0      2

      4      3      2      2      2
      4      3      3      4      4
      3      4      4      4      3
      3      4      1      3      4
      1      2      3      2      4

      8      7      8      7      7
      8      8     10      8     10
      7      8     10      9     10
      7      8      6      8      8
      6      6     10      9     11

     11      9     11     11     11
     11     12     13     11     13
     10     12     15     14     14
     10     12     11     13     13
      8      9     15     14     16

      9     10      9      8     11
      9     10     10      9     11
     10     11     12     12     14
     10     11      9     12     10
      9      9     14     13     13

      7      5      8      5      6
      7      8      8      8      9
      7      8     11     10     10
      7      8      7      9      7
      5      5      9      9     11

      7      7      8      8      9
      7      8      9      8     11
      8     10     11     11     11
      8     10      8      9     10
      7      6     11     11     11

     10      9      9      8     11
     10     11     11     10     14
     10     12     14     14     15
     10     12     10     12     12
      9      9     15     15     16

     11     10     12     12     11
     11     13     14     12     14
     11     13     17     16     17
     11     13     12     15     14
     11     11     17     18     18

     10     11     13     12     13
     10     13     14     14     16
     12     14     15     17     18
     12     14     12     15     16
     10     12     19     20     19

     12     11     12     13     14
     12     14     14     13     16
     12     14     17     16     18
     12     14     13     16     16
     10     11     18     20     19

     11     10     10     11     13
     11     12     14     12     13
     14     13     16     15     17
     14     13     14     15     15
     11     11     18     19     20

     11     12     12     12     13
     11     13     13     13     16
     12     15     17     16     18
     12     15     14     16     15
     11     12     18     18     21

     11     10     11     13     13
     11     13     13     12     15
     12     14     16     16     18
     12     14     13     16     15
      9     11     19     19     19

      9     11     10     10     12
      9     13     12     11     12
     11     13     16     13     15
     11     13     13     13     14
      9     11     16     15     17

      9      8      9     10     10
      9     11     11     11     13
     11     12     14     14     12
     11     12     10     11     10
      8      9     15     14     17

      9      7     11      8     10
      9     10     11     11     12
     10     11     14     13     14
     10     11     10     12     13
      9      9     12     14     13

      9      8      8     10     11
      9     11     12      9     10
     10     12     11     13     13
     10     12     10     13     12
      8      9     14     14     14

      7      8      8      8     10
      7     10     11      9     12
      7     10     12     12     12
      7     10     11     12     12
     10      7     14     12     14

      7      7      8      8      9
      7     11      9      9     10
     10     11     12     12     12
     10     11     10     11     12
      9      8     14     13     12

      9      8      7      8      9
      9     10      9     10     11
      9     12     12     13     13
      9     12      9      9     11
      7      7     14     14     14

      9      8      8      9     11
      9      9     11     10      9
      9     10     13     14     13
      9     10     10     13     13
      9      8     14     15     14

      7      8      8      8     10
      7     10     10      8     10
      9     10     11     11     13
      9     10     10     11     12
      7      8     14     13     13

      8      7      7      8      9
      8      9     10     10      9
      8     10     12     11     11
      8     10      9     10     10
      6      8     11     12     13

      7      4      7      6      6
      7      7      9      9      9
      6      9     12     10     10
      6      9      7      6      7
      6      5      9      9     10

      6      3      6      5      5
      6      7      8      6      7
      5      6      8      8     10
      5      6      7      8      8
      7      5      7      8      7

      5      2      4      5      4
      5      6      5      2      3
      5      4      4      6      6
      5      4      3      4      6
      3      4      5      4      4

      4      3      3      2      2
      4      4      4      4      4
      6      3      7      5      4
      6      3      3      3      3
      4      3      4      2      4

      4      2      3      4      4
      4      4      5      4      4
      4      5      4      3      6
      4      5      4      3      4
      3      5      4      3      4

      3      2      2      2      3
      3      4      3      3      3
      4      3      5      3      3
      4      3      3      2      0
      3      2      4      3      5

      2      4      3      3      3
      2      3      2      2      2
      2      4      3      3      4
      2      4      3      2      2
      1      5      3      3      6

      2      2      3      3      3
      2      4      3      2      4
      2      3      5      5      4
      2      3      0      3      1
      3      4      1      1      4

      2      3      1      1      4
      2      3      3      4      4
      3      3      3      3      3
      3      3      1      2      3
      1      3      2      1      3

      2      1      3      2      1
      2      4      2      1      1
      1      2      3      3      4
      1      2      1      1      2
      3      2      2      1      4

      1     -1      0     -1      1
      1      1      2      1      5
      5      2      3      2      1
      5      2      2      0      2
      2      3      2      2      1

      1      1      0      1      3
      1      2      2      3      2
      1      2      4      2      3
      1      2      2      1      2
      1      0      1      1      3

     -1      0      0      1      2
     -1      2      1      2      3
      0      3      2      3      4
      0      3      1      0      1
      0      1      1      0      2

      3      1      4      1      0
      3      1      1      2      0
      1      2      3      1      3
      1      2      2      0      2
      0      1      2      1      1

      1      0      0      0     -1
      1      3      2      0      1
      2      1      2      1      0
      2      1      1      0      0
      0      1      2      0      2

      4      0      2      0      0
      4      2      2      1      1
      2      0      3      1      3
      2      0      1     -1      2
      0      3      1      1      3

      1      0      1      0      0
      1      0      1      1      0
      1      1      2      1      3
      1      1      0      1      0
      2      0      1      0      0

      0     -1      0      0      0
      0      0      0      3      0
     -1      0     -1      1      5
     -1      0      0     -3      0
      0      1      2      0      1

      2     -1      3     -1      0
      2      0      2      0      3
      1      2      1      2      4
      1      2     -1      0      0
      0      0      2      0      0

      0      2      0      0     -1
      0     -1      1      0      3
      3     -1      0      2      0
      3     -1      3      1      4
     -4      0      0      0      2

      0      0      1      0      0
      0      0      1      0      3
      1      0      2      0      4
      1      0     -1      0      0
      0      0      0      0      0

      3      0      0     -1      0
      3      1      0      2      0
      2      3      0      0      3
      2      3      2      0      0
      0      3      1      2      0

     -1      0      0      0     -3
     -1      1     -1      1      2
      1      0      3      2      2
      1      0     -3     -1      2
      1     -2      2      0      0

      0      0      1      0      0
      0      1     -2      2      0
      0      2      0      0      2
      0      2      1      0      0
     -2     -1      0      0     -1

      2      2      2     -2     -2
      2      0      0      0     -1
      0      0      0     -1      2
      0      0      0     -1      1
      3      1      1     -1      1

      3     -2      0      2      0
      3     -1      0      1      0
      2      0      0      0      4
      2      0      0      0      0
      2     -2     -3      0      1

