;
; ENVI ASCII Output of file: E:\Imaging\ROI_AVIRIS\5_4_9.img [Fri Nov 17 12:07:56 2017]
; File Dimensions: 5 samples x 5 lines x 224 bands
; Line Format    : (5i7)
;
    457    455    435    452    454
    455    468    443    462    454
    467    474    449    443    464
    455    457    445    460    449
    464    434    447    470    478

    538    546    536    510    524
    534    526    524    528    530
    526    540    542    532    531
    543    540    524    520    516
    537    532    530    532    538

    573    556    564    560    564
    563    560    551    565    558
    560    576    555    557    552
    564    564    555    570    574
    569    556    573    570    575

    717    732    721    712    710
    707    711    703    715    709
    715    717    724    718    706
    723    717    710    715    712
    734    721    713    716    721

   1061   1058   1049   1036   1045
   1056   1055   1038   1045   1031
   1049   1042   1044   1039   1040
   1055   1040   1042   1049   1044
   1052   1028   1041   1053   1033

   1117   1105   1105   1095   1087
   1104   1100   1097   1093   1090
   1093   1090   1101   1092   1095
   1100   1100   1086   1090   1116
   1098   1084   1101   1097   1099

   1049   1039   1049   1036   1031
   1038   1043   1028   1031   1011
   1031   1029   1026   1027   1030
   1033   1024   1028   1023   1029
   1039   1021   1028   1035   1030

    975    970    964    957    949
    969    956    954    944    941
    955    940    941    952    944
    960    954    947    958    957
    954    950    949    957    965

   1063   1061   1048   1035   1034
   1060   1042   1029   1032   1021
   1049   1026   1030   1024   1027
   1048   1031   1018   1025   1044
   1035   1026   1037   1034   1042

   1093   1081   1086   1063   1065
   1085   1076   1067   1050   1035
   1074   1059   1051   1049   1061
   1069   1054   1048   1066   1069
   1065   1039   1061   1064   1068

   1059   1042   1051   1028   1019
   1052   1041   1030   1014   1013
   1054   1018   1022   1023   1021
   1041   1020   1019   1023   1043
   1029   1010   1029   1025   1039

   1004    987    989    974    962
    991    984    963    962    950
    986    961    952    958    965
    974    954    947    964    979
    965    957    963    967    978

    951    949    941    922    921
    941    934    917    908    901
    932    909    905    913    913
    931    912    904    913    925
    925    912    907    917    924

    865    855    854    843    839
    854    849    835    824    817
    849    833    829    832    829
    855    831    826    832    843
    845    830    831    837    847

    808    794    801    778    775
    803    798    778    765    761
    792    766    768    776    772
    789    777    764    773    779
    782    769    771    784    783

    730    721    720    712    713
    726    721    710    699    700
    720    706    709    707    698
    717    700    699    705    712
    709    700    697    710    712

    653    649    653    639    635
    648    648    642    633    628
    642    636    636    635    642
    641    631    626    641    642
    644    625    631    639    640

    626    622    622    612    609
    622    622    614    606    604
    615    610    610    611    613
    615    606    601    611    615
    616    603    605    611    611

    598    593    591    584    582
    596    595    586    579    579
    587    583    584    587    583
    589    581    575    581    586
    586    581    579    583    581

    563    559    563    551    556
    560    562    554    550    549
    554    552    553    553    549
    556    547    547    559    548
    552    549    545    550    551

    515    518    521    507    511
    519    525    517    513    510
    514    516    513    510    511
    514    507    506    509    517
    508    506    503    511    509

    482    475    478    476    473
    485    484    477    477    477
    482    480    474    476    474
    482    471    471    472    472
    475    472    471    470    468

    450    449    454    443    451
    451    457    455    449    444
    451    449    450    451    448
    446    445    445    446    445
    455    444    442    444    441

    405    404    404    400    404
    411    410    411    407    404
    402    408    407    401    400
    406    403    399    405    395
    407    402    399    398    393

    379    377    385    377    383
    386    391    387    387    383
    383    389    388    382    379
    378    378    385    380    375
    382    380    375    376    375

    371    369    376    375    375
    377    383    379    378    375
    371    381    380    375    365
    373    369    369    367    368
    374    366    365    361    361

    346    345    351    346    352
    353    359    356    351    350
    345    357    354    351    348
    351    346    345    345    340
    351    346    338    339    335

    319    322    324    322    328
    330    333    329    326    325
    326    334    328    324    324
    325    321    325    323    314
    326    318    319    315    310

    306    307    312    310    315
    316    321    314    314    317
    315    323    316    312    312
    309    307    309    308    308
    313    307    304    301    300

    287    284    288    289    295
    295    299    294    298    291
    292    300    295    291    286
    288    287    287    288    281
    292    285    282    285    278

    270    275    277    275    278
    282    287    284    283    280
    280    286    283    281    279
    273    277    277    279    264
    279    275    271    268    264

    268    264    269    271    275
    278    282    282    276    278
    275    285    282    273    270
    274    269    271    268    262
    277    269    265    266    261

    269    262    273    269    274
    275    277    279    273    274
    276    277    278    274    268
    268    264    267    260    260
    278    264    260    266    261

    269    265    268    270    275
    277    282    281    275    276
    276    284    281    273    270
    274    269    271    268    261
    275    269    264    266    262

    255    247    253    253    262
    263    268    260    261    261
    262    265    263    255    254
    255    250    256    246    242
    259    253    245    252    244

    225    218    226    224    230
    233    237    232    236    232
    229    233    239    232    225
    229    222    225    217    213
    228    223    219    221    218

    195    193    198    199    205
    205    207    207    208    208
    202    207    211    202    200
    203    196    199    194    186
    203    202    194    195    193

    191    187    188    189    199
    197    207    199    200    203
    194    201    205    196    193
    194    190    195    189    179
    192    197    188    189    185

    173    170    175    173    180
    180    186    183    184    184
    179    185    188    179    175
    176    175    179    173    166
    177    179    169    172    168

    135    131    135    133    143
    140    146    141    144    145
    140    144    146    138    134
    138    134    138    137    126
    135    139    133    133    132

    148    141    143    144    154
    148    157    152    156    158
    147    155    157    150    145
    147    145    149    145    136
    146    154    143    143    142

    158    155    157    157    168
    163    176    170    174    173
    162    170    174    167    158
    165    161    167    162    150
    161    170    156    155    156

    160    155    157    161    171
    164    179    170    175    178
    164    174    177    168    159
    163    161    167    162    148
    163    171    157    155    162

     96     94     95     97    104
    102    109    103    108    108
    101    106    107    103     97
    102     99    103     98     88
     97    104     96     93     94

    127    122    122    127    139
    128    141    134    143    144
    131    138    143    136    127
    131    128    134    129    117
    124    138    126    124    127

    131    129    128    133    145
    137    152    143    154    152
    138    148    153    142    133
    139    135    142    134    121
    135    149    133    131    129

    121    120    117    122    134
    126    139    134    143    140
    130    135    142    131    122
    125    126    132    123    113
    122    138    118    118    121

    113    110    108    114    128
    118    131    124    134    135
    116    128    131    124    111
    116    116    123    115    104
    114    129    110    110    112

    102    101     99    104    116
    105    120    114    123    121
    107    117    121    112    103
    107    109    111    109     93
    102    118     99     98    104

     84     80     79     86     92
     87     95     92     96     95
     89     95     96     88     81
     84     83     87     85     75
     84     92     80     78     81

     85     82     80     83     97
     88     98     94    101    100
     89     98     98     91     82
     85     90     91     86     75
     82     97     81     80     82

     87     85     84     89    102
     93    107     98    109    109
     92    105    108     98     88
     90     92     98     93     80
     86    105     85     85     88

     93     92     89     95    110
     98    115    107    118    120
    100    114    116    104     92
     98     97    104    100     84
     95    112     94     91     92

     88     85     85     90    107
     98    109    102    116    116
     92    110    111    102     89
     91     96    101     92     80
     89    105     89     84     90

     84     86     83     89    107
     93    108    103    114    115
     94    110    112    102     87
     92     92     97     91     78
     87    107     85     84     86

     79     78     77     85    100
     87    103     95    110    109
     88    103    107     94     81
     84     85     93     86     72
     81    103     81     76     83

     77     76     75     81     97
     84     98     94    108    107
     84     99    100     91     78
     83     82     86     83     69
     78     98     77     75     79

     61     59     57     64     74
     65     77     73     82     79
     65     79     78     67     60
     62     66     70     65     53
     59     74     57     57     59

     53     50     49     55     60
     56     64     62     66     65
     59     69     65     57     49
     55     56     59     53     45
     52     60     47     48     51

     48     47     47     49     53
     53     61     57     57     58
     57     63     59     51     45
     50     49     50     49     40
     48     53     43     44     47

     43     41     40     44     52
     46     54     53     51     51
     50     58     52     46     38
     44     45     45     41     34
     42     46     37     37     44

     31     30     29     29     28
     34     36     33     26     26
     38     34     29     28     29
     31     32     29     26     22
     25     23     25     24     28

     21     17     17     16     15
     16     20     19     17     15
     21     20     16     18     17
     18     19     17     16     15
     14     15     15     14     20

     23     24     22     23     22
     26     29     26     22     23
     32     31     24     22     19
     23     23     23     20     17
     19     18     18     19     22

     39     42     38     42     44
     47     51     51     46     43
     53     58     45     40     36
     38     40     40     38     32
     36     38     31     33     36

     45     45     44     51     52
     54     60     62     57     53
     60     72     55     47     41
     46     47     46     44     34
     43     46     38     38     43

     50     51     50     60     68
     66     74     76     75     71
     68     84     71     57     48
     54     56     56     53     40
     54     59     45     45     51

     52     55     53     65     76
     70     81     84     87     80
     70     92     79     63     51
     58     62     62     57     44
     56     67     49     48     53

     52     55     53     62     74
     70     79     82     85     78
     69     93     78     61     50
     56     61     59     56     42
     56     64     46     45     52

     50     53     51     64     76
     69     81     82     87     81
     69     94     80     63     49
     56     60     60     56     42
     56     66     46     45     51

     50     52     53     64     73
     70     81     83     87     78
     69     93     77     62     49
     55     60     58     54     41
     54     65     45     45     49

     47     48     47     63     72
     66     76     80     85     77
     66     91     76     59     46
     52     55     55     50     37
     51     59     41     42     47

     47     50     48     60     71
     66     76     80     84     78
     64     91     76     59     45
     50     56     55     51     38
     50     59     42     42     46

     43     47     46     58     70
     62     74     77     85     75
     59     87     74     56     41
     46     53     53     49     35
     49     58     40     39     45

     43     47     46     59     68
     61     73     76     83     73
     63     87     71     54     41
     47     50     51     47     34
     47     55     38     37     43

     40     42     42     54     62
     58     69     71     74     66
     58     83     66     49     38
     44     46     45     43     30
     43     51     36     34     39

     37     40     39     50     57
     54     64     66     68     61
     55     78     60     45     35
     40     43     42     39     28
     40     46     32     31     37

     35     37     37     46     52
     50     60     61     62     55
     52     73     54     40     31
     36     40     38     36     25
     37     41     28     28     34

     28     31     28     34     38
     39     46     48     44     40
     43     56     38     30     25
     28     30     29     27     21
     27     28     22     21     25

     18     20     18     20     19
     23     28     27     22     20
     29     34     21     18     15
     17     17     18     16     11
     15     15     12     13     15

      6      7      6      5      5
      6      6      5      4      3
     10      7      5      5      5
      6      6      5      4      3
      3      3      4      6      6

      6      5      5      4      4
      5      5      4      4      3
      6      4      4      4      5
      4      5      4      3      3
      3      3      3      3      5

      8      6      6      5      6
      7      8      7      6      5
     11      9      5      7      5
      6      8      5      5      4
      3      5      4      5      8

      8      7      6      6      5
      6      7      5      5      5
     10      8      4      7      6
      6      6      5      5      4
      4      5      4      5      7

     12     12     10     10     11
     13     15     14     12     10
     19     19     10     10      9
     11     11     10      9      7
      7      8      8      9     10

     20     21     19     21     22
     25     29     29     24     21
     32     37     23     18     17
     19     19     18     18     13
     16     18     13     14     17

     23     25     22     25     26
     30     36     36     29     26
     36     43     28     22     18
     23     22     22     21     15
     19     21     17     17     21

     20     24     20     23     25
     28     32     31     27     24
     32     38     25     19     17
     21     20     20     19     14
     17     18     14     15     19

     22     24     21     25     26
     28     33     32     29     25
     35     40     28     22     17
     22     23     22     20     13
     19     20     16     16     20

     21     23     19     23     23
     27     31     30     25     22
     31     37     24     20     16
     18     20     19     18     13
     16     18     14     14     17

     22     24     21     25     26
     29     34     35     29     25
     35     42     26     22     18
     22     23     21     21     15
     18     21     16     16     21

     24     25     23     28     30
     31     38     38     33     29
     37     47     31     23     18
     24     24     23     21     14
     20     22     17     16     21

     25     27     26     30     33
     37     44     46     41     35
     42     54     35     27     21
     27     26     26     24     16
     23     24     18     18     23

     26     29     26     34     35
     37     46     47     42     36
     43     57     36     27     22
     27     25     25     24     15
     21     25     17     18     23

     24     30     27     31     31
     37     45     46     41     33
     41     55     34     24     19
     24     25     24     21     15
     20     22     16     18     21

     24     28     23     27     28
     34     41     41     31     28
     43     51     29     22     17
     23     21     21     18     13
     18     19     16     15     18

     24     30     26     31     31
     37     45     45     41     33
     41     55     34     24     19
     24     25     24     21     15
     20     22     16     18     21

     29     27     23     29     30
     41     38     40     35     30
     33     60     33     27     19
     24     24     23     15     15
     23     23     16     18     17

     23     27     25     33     35
     34     38     47     39     33
     34     56     37     24     26
     18     22     19     18     16
     24     21     21     23     17

     26     29     26     33     36
     38     46     44     42     36
     39     59     36     22     22
     22     26     20     19     15
     28     23     16     21     19

     18     24     21     34     34
     36     41     45     42     39
     34     53     36     26     20
     21     23     19     19     18
     26     25     16     15     18

     19     20     19     25     28
     29     34     38     33     30
     29     47     28     21     20
     18     21     17     20     13
     20     18     12     15     15

     14     17     16     18     19
     25     26     28     26     20
     25     38     18     17     15
     13     16     15     12     11
     15     17     12     13     10

     12     12     -7     -6      7
     14     30     32     38     31
     22     21     44     39     29
     -9      1      0     -3     19
     23     26     40     37     19

     10     10      7      9      9
     10     11      9     11      8
     12     16     10      7      9
      7     10      5      5      4
      7      7      5      5      8

      5      5      6      6      3
      6      5      6      5      6
      6      9      5      5      6
      5      5      5      1      3
      4      0      3      4      3

      1      1      1      1      0
      0     -1      0      1     -1
      1      1      0      0      1
     -1      0      0      0     -1
      0      1      0      3      2

      1     -1      0      0     -1
      0      0      0     -2      0
      0      2      0     -1      1
      1      3      0     -1     -2
      1      0      0      0      2

      1     -1     -2      1      0
      2      1      0      1      0
      0      0     -3      1      1
      1      0      1      1      2
      1      1      0      0      2

      2      0      0      1      0
      0     -1      0      0      0
      0      2     -1      0      2
      0      1      0      0      0
      1      0      0      2      0

      4      7      5      7     -1
      2      6      2      0     -2
      0      6     -5      1      4
     -3      0     -4      0     -5
     -2     -2     -6     -1      0

      0      1      1      2      0
      2     -2      0      0     -2
      0     -2     -3      0      4
      1      2     -4      2     -2
      0     -2     -1      0      0

      3      0      2      0     -1
      2      0      0     -1     -2
      0      0     -1     -1      2
      0      0     -1      2     -1
      1      0      0      2      1

      0      0      0      3      1
      2      0     -2      1      0
      0      1      1      0      3
      1      1      0      1     -1
      0     -1     -1      1      2

      1      0      0      1      0
      1      3      0     -1      1
      2      4     -1      1      3
     -1      1      1      2      0
      0      1      0      2      0

      2      1      0      1      2
      0      1      0      1      2
      0      3      1      2      2
      0      3      1      1      0
      3      0      0      1      3

      4      4      4      6      4
      4      1      1      3      0
      3      3      2      4      4
      1      5      2      2      2
      3      0      2      4      2

      4      5      5      3      5
      6      4      0      3      4
      2      8      5      4      7
      2      5      4      4      4
      2      1      3      6      3

      3      1      5      4      3
      7      1      3      2      3
      3      6      2      3      4
      3      5      5      5      0
      0      1      1      2      5

      6      5      3      7      6
      7      5      2      6      5
      6      6      4      3      7
      4      6      6      5      1
      6      3      2      3      5

     11      9      9     13     12
     16     11     13     11     10
     11     18     11     10      9
      9     12      8     10      6
     11     10      6      8      7

     15     14     15     19     19
     20     20     22     20     20
     18     28     20     15     13
     13     15     13     12      9
     14     13     12     12     10

     16     19     20     23     22
     27     27     30     26     25
     25     37     23     19     17
     16     18     17     16     11
     20     17     12     14     13

     16     20     20     24     25
     29     30     34     32     30
     25     42     29     22     21
     19     21     17     14     12
     21     19     13     15     13

     16     20     22     28     27
     28     31     38     35     32
     31     45     30     22     20
     17     23     20     17     13
     24     19     16     14     14

     13     11     19     29     39
     24     37     38     59     58
     19     42     44     32     23
     17     27     26     21     16
     23     34     21     13     12

     20     24     23     33     34
     32     39     46     42     38
     31     52     37     24     20
     20     24     22     19     14
     25     22     17     15     13

     18     20     23     33     31
     35     37     45     43     37
     32     54     37     24     21
     17     21     18     19     12
     23     24     17     15     14

     18     21     22     28     29
     30     34     43     38     35
     29     47     29     21     18
     17     23     17     16     12
     23     22     14     14     12

     16     20     22     30     29
     33     36     44     42     34
     28     49     35     23     20
     16     23     18     17     13
     22     22     14     15     12

     19     22     23     30     31
     31     38     46     40     36
     30     54     33     22     18
     18     22     19     16     11
     23     20     13     14     13

     19     19     23     30     28
     32     35     42     38     36
     28     49     32     22     20
     17     22     16     16     11
     23     20     13     14     12

     15     20     20     28     28
     32     34     40     39     35
     26     48     31     21     19
     17     20     17     16     11
     22     20     14     13     12

     19     21     23     30     28
     34     38     44     39     37
     29     52     32     21     21
     20     21     17     15     12
     24     22     14     13     12

     17     21     22     29     28
     32     36     41     39     36
     30     50     30     20     18
     16     20     20     17     11
     23     17     14     14     11

     17     20     19     27     30
     30     34     41     38     33
     26     47     31     21     18
     13     18     18     14     10
     21     19     12     13     13

     15     19     20     27     25
     29     33     38     35     31
     26     46     27     18     18
     15     20     18     16      7
     20     18     13     12     12

     15     16     17     24     24
     28     31     36     32     29
     26     43     25     18     15
     16     19     16     15     11
     20     18     12     11     10

     16     16     17     24     24
     25     27     33     29     27
     21     40     25     18     17
     15     17     16     14      9
     20     17     12     11     13

     12     16     17     21     21
     24     25     28     26     23
     23     34     22     17     17
     14     17     15     13     10
     19     16     10     10      9

     12     14     15     16     19
     18     19     21     21     20
     19     28     19     16     13
     13     16     12     15     10
     14     14      9     10      8

     12     12     13     16     16
     16     18     18     17     18
     17     23     17     13     12
     11     13     15     10      8
     15     15      9      9     10

      9     10     10     12     15
     14     14     15     16     15
     13     19     14     11     11
     14     12     10     11      8
     12     11      9      8      6

      8      9     10     12     12
     13     12     12     13     14
     12     17     13     11     12
     10     11     11     10      8
     13     11      7      8      8

      8      9      9     10     13
     11     12     13     10     11
     11     15     12      9      9
     10     11      7      9      7
      8      7      6      8      9

     11      8      9     10     11
     11     13     13     15     11
     11     15      9      8      9
      8      8      9      9      4
      9      9      6      6      4

      7      8      9     10     10
     11      9      9     12     10
     10     15     11      9      9
      7     11      8      8      4
      9      6      5      6      6

      7      5      8     10      9
     11     11      8      9      9
      9     15     10      8      8
      8      7      6      7      4
      8      7      5      4      7

      5      3      5      7      7
      8      7      8      6      8
      7      9      6      6      6
      5      8      4      5      2
      6      3      4      5      4

      4      2      4      6      6
      6      5      6      3      5
      5      7      5      4      6
      4      5      3      3      1
      2      3      2      4      3

      4      2      4      2      3
      3      3      3      4      1
      2      4      3      1      4
      3      5      1      2      1
      2      1      4      3      3

      2      2      1      1      2
      2      0      2      0      1
      1      0      1      1      3
      0      1      1      2      0
      2     -2      2      1      2

      1      0      0      0      0
      0      1      0      1      0
      0      0      1      0      1
      0      0      0     -2      0
      0      0      0      1      0

      2      1     -1      0      2
      1      1     -2      1      0
      0     -1      0      0      3
      0      1      1      0     -1
     -1     -1      0      0      0

      0      0      0     -1      0
      0      0     -1      0      0
      0      1      0      0      1
     -2      2     -2      0     -3
     -1      0      0      3      2

      1      0      0      0     -1
      0     -1      0      0      0
      0      0     -1      0      1
      0      0     -3     -1     -1
     -1     -2     -1      0     -1

      2     -1      0      0      1
      0      0      0      0      0
      0      0     -2      0      2
      0      2      0     -1     -1
      0     -1     -1      2      0

      2      0      0      0     -2
      0      0     -2      0     -2
     -1      1      0      0      1
      0      2     -1      0     -1
      1      0     -1      1      0

      1      2      0      0      0
      0      0      0     -1     -1
      1      1      0      1      2
      0      2     -1      1     -3
     -2     -2     -3      1      2

      0      0      0      0      0
     -1      0     -2      0      0
      0      0      0      1      1
     -1      1      0      0      0
      0      0     -1      0      0

      0      0     -1     -1      0
     -1      0      3      0      0
      0      1     -1      0     -2
      0      0      0      2      0
     -1      0      1      0      0

     -2      0      0      0      0
     -2      1      0      0      0
      1      1      0      0      0
      0      0      1      0      0
      0      0      0      0      0

     -1      0      0      0     -1
     -2      0      1      0      0
      1      1      0      0     -1
     -2      1      0      1      0
      0     -1     -1      0      0

      0     -1      0     -1     -1
      0      0      3     -1      2
      0      0     -1      0      0
      0      1      0      0      1
      1      1      0     -1      0

      0      0      0      0      0
      0      2      0      0      1
      0      0     -1      0     -1
      0      0     -1      0      0
      0      0      0      0      0

     -1     -1      0      0      0
     -1     -2      2     -1      0
      1      0     -2      0     -2
      0      0      0      0      1
      0     -1      0      1      0

     -1      0      0      0      0
      0      0      2      0      1
     -1      0     -1      0     -1
     -1      0      0      0      0
      0      0      0      0      0

     -1      0      0      0     -2
      0      1      1      0      2
      1      0      0      0      0
      0      0      0      0      0
      0      0      0      0      1

      0     -1      0      0     -1
      0      0      0      0      0
      1      1      0      0     -1
      0      0      1      2      0
      0      0      0      0      1

     -1      0      0      1      0
      1      1      3      0      1
      1      1      0      0      0
      0      0      1      1      1
      0      0      0      1      0

      1      0      1      2      1
      2      1      3      2      4
      2      3      0      3      0
      1      1      0      2      1
      0      2      2      0      0

      3      2      2      3      4
      2      5      6      4      3
      5      6      5      3      3
      3      3      2      4      3
      1      1      2      3      3

      2      4      6      6      3
      5      4      6      4      5
      8      7      5      4      3
      4      5      4      5      2
      4      3      6      2      3

      3      4      4      3      3
      2      4      4      3      4
      4      6      2      3      2
      2      4      3      3      1
      1      3      3      2      4

      1      0      2      1      1
      0      2      3      0      2
      2      1      0      0      0
      1      2      2      3      1
      1      1      1      0      0

      1      1      1      2      1
      2      4      3      1      1
      4      3      2      2      1
      2      1      2      3      1
      2      2      1      3      1

      6      6      4      5      5
      7      7      7      3      8
      7     10      4      5      5
      4      5      5      5      3
      5      6      5      3      3

      7      7      8      7      8
     10     10     10      9     10
     11     13      9      6      6
      4      8      6      7      6
      7      7      7      6      5

      5      8      7      8      5
      9      8      9      7      8
      9     11      8      5      4
      5      6      5      7      4
      6      5      4      4      3

      5      4      5      4      3
      7      8      8      5      7
      8      8      5      5      5
      4      4      4      5      3
      4      4      4      5      4

      5      6      6      6      4
      7      8      7      6      7
      9      8      5      4      4
      5      5      5      6      4
      4      4      5      3      5

      6      7      8      9      5
      9     11     11      8      8
     11     15      7      6      5
      6      9      6      8      5
      6      6      5      4      6

      8      8      8      9      7
     12     13     12      9     10
     11     18     11      8      7
      9      6      8      8      5
      8      6      6      6      5

      6      9     11     10      8
     14     13     12     10     12
     15     16     11      8      7
      7      9      8      9      6
      9      7      5      5      5

      8      8      9     10      8
     12     14     14     11     12
     15     17     10      9      9
      7      9      9      8      7
      9      7      5      5      5

      8     10     10      9      8
     12     14     13     10     11
     15     17     11      8      8
      7      7      7      8      6
      8      8      6      5      5

      6     10      9      9      8
     12     13     14     11     11
     17     19     11      8      7
      8     10      8      7      6
      7      7      6      6      4

      8      8     10     12      8
     12     14     13     11     13
     14     18     11      9      7
      7      9      8      8      5
      6      8      7      5      5

      8      9      9     12      8
     12     13     16     13     10
     13     17     10      8      8
      7      9      8      9      5
      9      8      7      5      4

      6      8      9      9      7
     11     13     13     11     12
     12     17      9      8      6
      7      8      7      8      4
      7      7      5      4      5

      6      9      8     10      8
     11     11     13     11     10
     12     15      9      7      7
      8      9      8      6      4
      7      6      5      4      3

      6      8      8      9      7
     11     12     14      9     13
     11     16     10      7      6
      6      8      7      7      5
      7      5      6      4      4

      6      7      7      7      7
      8     11     12      9     10
     11     17      9      8      7
      6      8      9      7      5
      9      6      6      4      2

      5      7      7      7      7
     10     13     12      9     10
     12     15      9      8      7
      6      6      7      6      4
      6      7      6      2      3

      6      7      8      9      8
     10     14     16     10     11
     13     16      8      9      7
      5      9      8      7      5
      8      7      5      4      3

      6      8      8      9      9
     11     12     14     13     12
     13     16      9      8      7
      6      8      6      8      6
      8      6      5      4      3

      7      7      8      9      8
      9     11     12      9     12
     13     16     10      8      7
      6      7      8      8      5
      7      6      6      4      4

      5      6      7      8      8
     10     14     13     11     11
     12     15      9      8      6
      7      7      6      6      5
      9      6      4      5      4

      5      5      8      9      7
      8      9     13      8     11
     11     14      8      7      6
      6      7      6      8      5
      5      7      4      2      4

      4      3      5      8      5
      5      9     10     10      8
      8     11      8      6      6
      8      6      6      7      5
      7      6      5      3      3

      3      4      5      5      2
      4      6      9      6      7
      7      8      7      5      3
      3      4      4      6      4
      4      5      4      3      3

      3      5      4      5      4
      5      7      9      6      5
      5      9      3      4      5
      3      5      4      5      2
      4      4      4      4      2

      3      3      7      6      5
      4      8      8      5      6
      4      8      5      4      2
      5      7      4      5      3
      3      6      2      3      3

      2      2      4      3      2
      2      5      5      3      6
      4      4      3      4      2
      2      4      2      5      3
      5      4      2      4      2

      2      2      3      5      2
      3      4      6      4      4
      5      6      3      4      4
      3      3      5      4      3
      2      5      3      3      2

      2      2      4      3      4
      3      6      6      3      4
      4      6      4      4      1
      2      4      3      3      2
      3      3      3      3      2

      2      1      2      5      4
      2      2      5      4      5
      3      5      4      4      3
      4      3      5      6      2
      5      5      3      4      3

      2      1      2      5      2
      4      3      5      3      4
      1      4      4      5      2
      2      4      3      4      3
      3      2      3      1      1

      3      2      2      2      1
      2      4      4      4      2
      4      6      2     -1      1
      2      4      2      0      1
      1      2      2      1      1

      1      1      2      3      4
      3      4      4      2      4
      4      4      4      1      2
      3      3      2      5      1
      3      2      2      0      0

      3      1      1      3      1
      1      1      3      3      1
      4      5      4      3      2
      2      0      1      3      0
      0      5      3      2      1

      3      0      1      0      2
      1      4      3      3      4
      1      5      3      0     -1
      0      4      2      4      1
      1      2      1      1      1

      2      0      1      4      0
      0      2      3      1      3
      1      0      2      2      0
      0      1      1      1      1
      2      1      1      1      1

      2      0      3      2      2
      0      3      3      0      2
      2      5      1      2      0
      1      2      2      4      0
      1      1      2     -1      0

      0      1      1      2      0
      0      1      3      1      2
      2      0      0      1      0
      2      2      0      1      2
      0      1      1     -1     -1

      0      1      1      0     -1
      1      0      0      0      0
      0      1      0      1      1
      0      3     -1      2      0
      0      0      0      0      2

      0      0      0      4     -4
      1      0      3      0      3
      1      3      1      2      0
      0      2      0      3      0
      0      2      0      0     -3

     -2      2      3      4      0
      1      3      4      0     -1
      0      0      0      0     -1
      0      4      0      0      1
      0      0      0      1      0

      0      0      2      0     -1
      0      0      2      0      2
      0      1      2      0      0
      1      4     -1      2     -1
      1      1      1      0      2

      0      0      0     -3      1
      1      0      3      1      1
     -1     -1      2      0      1
     -1      1      0      0      0
      2      2      0      1      0

     -1     -2      1      3      0
     -2      2      2      0      0
     -2      1      2     -2     -1
     -1      1      2      3      0
     -1      1      2      0     -2

     -3     -3      0      0      0
      0     -1      3     -2      2
      0      0      0      0     -2
      0      0     -2      0      1
      0      3      0      1      0

     -2      1      0     -1     -3
     -2      2      3      0      0
     -1      2      0     -1     -2
      0      1      2      0      1
      1     -1     -1      0      0

      0     -2      1      1     -1
     -1      0      0     -1      1
      2      0     -1      1     -1
     -1      1      2      2      0
      0      1      1     -1      1

