;
; ENVI ASCII Output of file: E:\Imaging\ROI_AVIRIS_TestSet\5_4_1.img [Wed Dec 06 10:32:49 2017]
; File Dimensions: 5 samples x 5 lines x 224 bands
; Line Format    : (5i7)
;
    462    471    463    452    472
    495    478    462    485    481
    495    478    456    489    478
    483    468    467    451    451
    472    455    455    476    476

    538    544    541    548    555
    546    553    537    530    539
    546    553    557    550    548
    564    542    553    533    533
    538    540    540    551    537

    547    552    565    555    583
    571    562    565    567    578
    571    562    581    579    581
    579    555    583    560    560
    583    574    574    571    585

    695    706    713    714    711
    702    708    701    708    703
    702    708    707    709    727
    710    710    707    701    701
    724    700    700    721    713

   1012   1012   1016   1040   1036
   1029   1016   1020   1017   1031
   1029   1016   1014   1027   1026
   1016   1020   1032   1024   1024
   1043   1026   1026   1039   1042

   1043   1049   1051   1060   1069
   1053   1055   1055   1065   1062
   1053   1055   1053   1069   1072
   1047   1069   1056   1063   1063
   1056   1069   1069   1072   1083

    968    975    987    985    994
    977    985    986    983    991
    977    985    992    995    983
    987    985    996    986    986
    994    979    979   1003   1002

    888    892    900    903    914
    896    900    902    909    917
    896    900    906    910    907
    896    893    914    912    912
    910    903    903    917    922

    953    957    971    971    977
    960    968    964    975    984
    960    968    971    981    982
    970    968    982    980    980
    976    966    966    990    994

    972    970    984    992   1005
    974    978    984    990    997
    974    978    993    985    998
    986    985    984   1001   1001
    990    987    987   1008   1026

    934    932    946    948    959
    933    942    935    952    960
    933    942    949    957    963
    946    942    958    965    965
    956    945    945    974    987

    860    870    881    884    900
    870    876    884    885    900
    870    876    878    894    899
    879    889    894    900    900
    881    877    877    902    918

    808    821    830    837    847
    815    818    826    834    848
    815    818    833    841    842
    819    831    847    849    849
    833    838    838    857    867

    731    743    747    763    769
    746    749    752    760    771
    746    749    758    766    774
    751    758    760    778    778
    758    756    756    772    789

    673    688    695    704    721
    692    690    706    709    720
    692    690    703    710    711
    697    702    710    726    726
    705    702    702    726    746

    627    636    645    651    656
    639    642    650    650    660
    639    642    643    656    658
    642    640    656    659    659
    646    648    648    668    676

    567    572    585    591    595
    576    577    584    584    593
    576    577    586    589    596
    587    579    593    603    603
    589    586    586    600    609

    540    547    558    565    569
    552    554    558    563    569
    552    554    561    563    572
    557    555    568    575    575
    563    562    562    575    583

    512    521    531    537    543
    528    530    530    542    546
    528    530    535    535    547
    527    531    541    548    548
    536    537    537    549    556

    492    499    502    512    510
    497    495    504    510    516
    497    495    506    510    516
    502    499    516    514    514
    509    506    506    528    528

    451    459    470    473    480
    461    467    468    472    479
    461    467    473    470    477
    460    463    473    482    482
    468    474    474    481    488

    425    427    435    439    441
    424    429    432    438    445
    424    429    438    442    443
    432    436    442    449    449
    439    440    440    449    457

    404    406    409    420    418
    408    407    416    416    427
    408    407    413    419    419
    405    407    417    423    423
    417    416    416    425    431

    364    368    379    382    384
    370    375    380    382    381
    370    375    375    377    383
    377    376    380    382    382
    377    373    373    383    390

    348    352    355    363    362
    356    354    360    361    364
    356    354    354    361    363
    356    353    360    360    360
    359    360    360    362    370

    339    346    351    353    354
    343    344    345    350    354
    343    344    346    347    348
    348    344    353    347    347
    352    350    350    352    360

    317    319    325    330    330
    325    326    326    332    330
    325    326    326    331    326
    325    325    331    328    328
    333    331    331    331    337

    295    304    301    308    307
    301    301    308    311    308
    301    301    299    305    305
    309    305    305    304    304
    308    306    306    310    312

    290    290    298    296    299
    295    294    296    296    296
    295    294    295    299    295
    295    294    297    297    297
    297    294    294    302    299

    267    274    273    274    280
    272    271    274    277    277
    272    271    271    272    273
    274    271    275    274    274
    277    277    277    277    278

    254    260    265    263    265
    259    260    263    264    263
    259    260    261    260    260
    260    261    266    260    260
    264    264    264    263    263

    251    255    259    260    258
    255    258    259    255    258
    255    258    256    256    256
    261    256    255    256    256
    263    257    257    262    261

    246    249    262    254    256
    254    255    253    251    257
    254    255    256    258    256
    257    251    250    251    251
    263    256    256    263    262

    250    253    258    259    258
    254    257    258    254    257
    254    257    256    256    256
    261    256    256    258    258
    262    257    257    262    260

    232    238    246    239    242
    234    238    236    235    244
    234    238    241    243    239
    245    240    238    239    239
    243    238    238    243    244

    207    210    217    216    216
    211    214    212    209    216
    211    214    212    221    214
    217    214    213    216    216
    215    213    213    219    214

    185    186    194    191    192
    189    187    187    188    189
    189    187    188    191    188
    192    189    192    191    191
    190    192    192    194    191

    178    178    188    184    186
    184    182    184    181    184
    184    182    188    186    182
    188    186    184    186    186
    187    184    184    187    184

    166    162    173    169    169
    165    167    167    166    168
    165    167    170    169    167
    171    171    169    172    172
    169    170    170    171    167

    128    128    135    131    131
    127    133    132    128    132
    127    133    133    133    128
    134    132    132    134    134
    132    135    135    136    132

    140    137    146    137    141
    140    140    140    136    139
    140    140    142    144    135
    143    143    142    146    146
    140    143    143    142    139

    154    149    157    151    153
    152    154    154    150    151
    152    154    157    162    148
    154    152    155    158    158
    153    154    154    157    150

    153    152    159    153    154
    152    153    153    149    154
    152    153    156    157    149
    158    157    157    159    159
    152    155    155    157    151

     95     90     98     96     94
     90     92     95     92     90
     90     92     96     98     89
     97     94     97    100    100
     93     96     96     95     92

    122    118    127    121    123
    119    122    122    119    118
    119    122    124    127    117
    125    123    125    126    126
    122    123    123    125    118

    128    124    134    126    126
    125    128    128    126    124
    125    128    133    132    121
    129    130    136    134    134
    124    131    131    132    124

    119    115    125    117    116
    117    118    118    113    114
    117    118    122    122    110
    122    119    123    123    123
    113    117    117    122    114

    111    105    116    110    107
    108    108    111    108    106
    108    108    112    115    102
    115    111    114    118    118
    105    111    111    113    107

    104     97    106     99     99
     97     99    102     97     97
     97     99    103    107     93
    102    102    105    108    108
     98    101    101    103     96

     81     79     86     78     81
     79     81     80     77     76
     79     81     84     83     76
     83     81     84     86     86
     78     81     81     79     77

     83     79     85     79     81
     80     83     83     79     77
     80     83     86     85     75
     84     83     86     88     88
     77     84     84     83     79

     89     85     90     84     83
     83     87     87     82     83
     83     87     90     89     79
     89     87     90     92     92
     79     86     86     85     83

     97     90     99     89     88
     92     91     95     88     86
     92     91     96     95     86
     95     94     98     98     98
     84     93     93     91     88

     92     87     92     83     85
     86     89     87     84     81
     86     89     89     90     79
     90     87     92     93     93
     81     87     87     88     81

     91     83     91     85     81
     84     86     86     83     78
     84     86     89     91     75
     86     88     90     92     92
     79     85     85     85     82

     88     78     85     78     77
     80     81     80     78     75
     80     81     82     84     73
     83     82     89     86     86
     73     82     82     80     76

     83     75     85     74     73
     76     75     76     72     71
     76     75     79     80     67
     78     78     84     84     84
     70     77     77     75     71

     64     57     64     56     57
     58     61     59     56     55
     58     61     63     61     52
     61     60     61     68     68
     54     62     62     59     55

     56     46     54     48     48
     47     50     52     48     47
     47     50     53     51     45
     49     50     53     53     53
     47     51     51     52     48

     49     44     49     41     43
     43     46     47     42     44
     43     46     47     49     41
     46     44     45     51     51
     43     47     47     46     44

     45     39     43     36     39
     38     41     40     36     37
     38     41     43     43     36
     41     40     42     46     46
     36     44     44     40     38

     29     26     25     24     27
     22     26     28     26     26
     22     26     27     32     25
     24     26     26     31     31
     24     27     27     29     27

     18     16     17     16     15
     13     17     17     16     17
     13     17     15     19     17
     18     15     18     20     20
     15     17     17     19     16

     21     19     21     17     20
     17     20     21     21     21
     17     20     20     22     21
     20     20     20     24     24
     18     21     21     22     21

     39     34     38     31     35
     33     34     35     34     33
     33     34     36     37     34
     36     34     36     40     40
     33     36     36     34     33

     47     39     42     37     37
     39     42     42     36     38
     39     42     40     44     37
     41     40     43     46     46
     36     40     40     40     39

     59     48     52     42     46
     47     49     48     43     46
     47     49     51     50     44
     49     48     51     56     56
     44     49     49     47     45

     61     52     57     45     48
     53     51     52     47     47
     53     51     54     54     46
     53     54     55     59     59
     46     54     54     52     48

     59     50     56     44     47
     51     53     50     46     45
     51     53     52     52     43
     53     52     53     57     57
     46     51     51     50     47

     59     49     56     43     47
     50     51     52     45     46
     50     51     53     52     44
     53     52     55     57     57
     44     51     51     50     45

     59     49     54     43     44
     49     49     51     44     44
     49     49     51     50     43
     51     50     51     56     56
     43     51     51     47     46

     55     46     52     40     42
     47     48     47     42     43
     47     48     49     46     39
     48     47     49     53     53
     41     47     47     46     43

     57     45     52     39     41
     46     47     46     40     40
     46     47     47     48     40
     49     45     49     50     50
     41     47     47     44     42

     55     43     48     39     38
     45     44     44     39     38
     45     44     45     45     36
     45     44     48     50     50
     37     44     44     41     38

     53     42     47     35     37
     43     42     43     37     38
     43     42     45     43     37
     45     44     45     48     48
     38     45     45     40     39

     49     38     44     33     35
     38     39     39     35     34
     38     39     40     39     33
     41     38     40     44     44
     33     39     39     38     34

     45     35     40     30     32
     35     36     36     31     31
     35     36     37     36     31
     38     35     37     41     41
     31     37     37     35     33

     41     31     35     28     30
     30     34     34     28     28
     30     34     34     34     29
     34     32     33     38     38
     29     34     34     33     31

     31     24     27     21     24
     23     25     26     23     24
     23     25     26     27     22
     26     24     25     30     30
     22     27     27     26     24

     17     13     14     13     14
     13     15     16     13     14
     13     15     16     16     14
     16     15     15     19     19
     12     15     15     16     16

      4      3      4      4      5
      4      5      5      6      5
      4      5      6      7      5
      5      5      6      8      8
      5      6      6      6      5

      5      2      3      3      4
      3      5      4      5      4
      3      5      5      7      5
      4      4      4      8      8
      3      5      5      6      5

      6      4      5      4      5
      4      6      6      6      6
      4      6      6      7      5
      6      6      6      9      9
      5      6      6      8      6

      6      4      5      4      6
      4      6      6      7      7
      4      6      6      8      6
      5      5      6      7      7
      4      6      6      7      7

      9      8      8      7      9
      7      8      9      9      9
      7      8     12     12      9
      9      9     10     13     13
      7      9      9     10      9

     20     13     17     13     15
     13     16     16     15     15
     13     16     17     18     15
     16     15     17     21     21
     13     17     17     17     16

     22     16     20     15     18
     17     18     19     17     18
     17     18     20     21     17
     19     18     21     25     25
     16     20     20     20     19

     21     15     17     14     16
     14     17     17     16     16
     14     17     18     18     16
     18     17     19     24     24
     15     17     17     18     17

     22     16     18     15     17
     16     19     17     17     16
     16     19     19     20     16
     20     18     21     24     24
     16     19     19     19     18

     18     14     17     13     15
     14     15     16     14     15
     14     15     17     18     15
     16     15     17     21     21
     14     16     16     16     15

     21     16     18     14     17
     16     17     18     16     17
     16     17     20     21     16
     18     17     20     24     24
     15     19     19     19     18

     24     16     20     15     17
     17     18     19     16     18
     17     18     20     22     17
     19     18     21     24     24
     16     19     19     20     18

     28     18     23     18     20
     20     21     22     18     19
     20     21     22     23     18
     22     21     23     29     29
     17     22     22     22     20

     27     18     22     17     20
     19     21     22     19     19
     19     21     23     23     18
     23     20     23     28     28
     17     22     22     22     21

     26     18     21     16     19
     18     20     20     19     18
     18     20     21     22     18
     21     20     22     25     25
     16     21     21     21     21

     23     15     19     13     16
     16     19     18     17     18
     16     19     21     22     17
     18     18     20     26     26
     15     19     19     20     18

     26     18     21     16     19
     17     20     20     19     18
     17     20     21     22     18
     21     20     22     26     26
     16     21     21     21     21

     27     22     25     19     18
     20     19     18     19     17
     20     19     21     17     17
     22     22     19     17     17
     19     25     25     20     19

     25     24     21     19     19
     20     20     20     17     15
     20     20     18     17     19
     25     21     20     19     19
     17     20     20     18     18

     28     22     23     20     16
     19     22     19     14     18
     19     22     20     21     18
     23     23     23     18     18
     20     20     20     18     20

     25     21     23     19     18
     22     22     17     18     16
     22     22     20     15     17
     20     20     20     19     19
     16     19     19     18     18

     19     19     18     16     14
     15     18     13     14     15
     15     18     18     12     15
     18     17     17     17     17
     14     17     17     14     14

     17     14     15     14      8
      8     16     13     15     10
      8     16     14     13     13
     13     14     13     13     13
      8     14     14     13     16

     -2     16     41     34     44
     28     33     17      1      0
     28     33     62     46     54
     54     51      5     22     22
    -13     19     19      2     22

      7      4      7      8      4
      3      7      7      6      4
      3      7      9      7      7
      7      7      7      7      7
      7      5      5      5      7

      5      3      3      5      3
      1      3      3      3      3
      1      3      3      3      2
      6      3      5      4      4
      1      3      3      3      6

      1      0      0      0      0
      0     -1      0      1     -1
      0     -1      1      1      2
      1      1      0      1      1
      0      2      2     -1      2

      1      0     -1      0     -2
     -1      0      0      0     -2
     -1      0      0      0      1
      0      0      1      2      2
      0      0      0      0      0

      1      0      0      2      0
     -3      0      0      1     -3
     -3      0      0      2      0
      0      1      0     -1     -1
      0      0      0      1      0

      2      0      1      0      0
      0      0     -1      1     -1
      0      0      0      0      0
      0     -1      0      3      3
      0      1      1     -1      0

      0     -2      0      1     -1
     -4      0      0     -1     -3
     -4      0     -4     -1      0
     -2      2      3      3      3
      2      4      4      0      5

      4     -4     -1     -4      1
     -4      1      0      0      0
     -4      1      1      0      1
      0      1     -3      0      0
     -1      0      0      0      0

      1     -3      0      0     -2
      0     -1      0      0     -2
      0     -1      3      0     -1
      1     -1      1      2      2
     -2      0      0     -1      2

      2      0      3     -1      0
      0      0      0      1     -5
      0      0      1     -1      3
      1      0      0      4      4
      1      0      0      0      1

      2     -1      0      2      0
     -4     -1      1      0      0
     -4     -1      1      0      0
      3      0      1      1      1
     -1      1      1      1      1

      0      0      0      0      2
      0      0      2      0      0
      0      0      1      1      2
      1      1      2      2      2
      0      1      1      1      1

      0      1      2      1      1
      4      4      4      1      4
      4      4      5      5      3
      4      6      3      5      5
      3      2      2      2      4

      4      1      4      2      5
      2      4      2      5      1
      2      4      4      4      2
      4      2      2      3      3
      1      2      2      5      3

      3      4      4      4      3
     -2      2      3      0      1
     -2      2      5      5      4
      6      0      3      2      2
      1      2      2      1      5

      6      6      2      4      2
      0      2      2      2      2
      0      2      6      7      4
      4      2      4      3      3
      4      5      5      4      4

      9      8      8      7      6
      5      6      7      6      4
      5      6     10     10      7
      9      7      9     10     10
      9      8      8      7      8

     18     13     13     12     11
     11     11     14     11      9
     11     11     11     12     11
     14     12     13     13     13
     11     13     13     11     12

     21     17     15     14     13
     15     16     15     14     10
     15     16     13     15     14
     14     15     17     14     14
     13     15     15     14     14

     22     22     20     18     15
     19     19     17     13     14
     19     19     18     16     16
     18     18     17     15     15
     14     17     17     16     15

     27     21     19     16     17
     20     16     18     16     16
     20     16     20     15     16
     19     18     17     17     17
     17     19     19     15     17

     30     23     24     21     15
     24     20     18     19     15
     24     20     21     20     18
     24     24     22     15     15
     14     21     21     16     14

     29     24     24     19     17
     24     18     21     17     16
     24     18     17     16     14
     22     20     20     16     16
     18     22     22     18     16

     28     23     23     20     16
     22     18     19     17     16
     22     18     17     16     16
     20     20     18     18     18
     17     20     20     14     17

     23     19     21     15     13
     22     17     17     16     13
     22     17     17     14     15
     18     19     17     13     13
     15     19     19     14     15

     25     21     21     18     15
     20     19     18     15     12
     20     19     17     15     15
     18     16     17     19     19
     16     18     18     14     16

     25     22     19     17     15
     21     15     17     17     14
     21     15     16     14     15
     20     17     18     14     14
     16     19     19     17     16

     23     21     17     16     14
     18     18     17     13     12
     18     18     16     13     13
     18     16     15     14     14
     14     16     16     13     14

     23     19     17     15     12
     20     18     17     13     14
     20     18     15     13     14
     19     17     15     13     13
     15     20     20     15     13

     24     22     19     15     16
     20     19     19     16     14
     20     19     16     13     17
     20     15     17     16     16
     15     17     17     16     18

     23     20     18     15     16
     19     16     16     15     15
     19     16     17     14     16
     17     17     16     13     13
     17     15     15     15     16

     22     20     16     14     11
     16     15     15     14     11
     16     15     13     13     11
     16     13     15     14     14
     14     16     16     13     14

     23     19     17     13     11
     17     15     15     13     11
     17     15     14     11     12
     16     14     16     14     14
     13     17     17     13     13

     21     17     17     12     13
     16     13     14     12     10
     16     13     12     13     11
     17     15     12     12     12
     13     15     15     12     13

     21     16     16     14     12
     14     12     16     13     10
     14     12     12     11     11
     15     13     13     12     12
     12     14     14     13     14

     18     17     15     13     11
     14     14     12     11     11
     14     14     15     11     13
     15     13     14     10     10
     14     14     14     11     14

     15     12     14     10     10
     10     12     10     10      8
     10     12     12     13     11
     12      8     10     12     12
     10     12     12     10     11

     13     12     11     10     10
      9      8     10      9      8
      9      8     10     10     10
     11     12     10      8      8
     10     11     11      9     12

     11     12     10     11      7
      8     10      9      7      9
      8     10      9     10      9
      9     10     10     10     10
      9     10     10      8     11

     10     11     10      8      9
      6      8      7      8      5
      6      8      6      9      9
      9      8      9      8      8
      8      8      8      7      8

     10     11      8      8      7
      7      7      7      6      6
      7      7      8      9      9
      8      8      8      6      6
      7      9      9      8      7

      8      6      8      6      7
      6      5      8      6      3
      6      5      7      9      7
      9      7      7      9      9
      6      7      7      4      4

      8      7      8      7      5
      7      5      6      6      5
      7      5      8      7      7
      6      7      8      7      7
      6      7      7      7      8

      8      7      4      7      7
      5      4      8      5      3
      5      4      6      5      5
      4      7      7      7      7
      5      7      7      7      4

      4      4      7      3      4
      3      4      5      3      3
      3      4      5      5      5
      5      4      4      7      7
      4      6      6      4      5

      6      4      2      3      3
      1      3      5      3      2
      1      3      4      3      5
      4      3      5      4      4
      2      1      1      6      4

      3      1      3      3      1
      0      1      1      2      0
      0      1      3      2      0
      3      3      3      2      2
      0      2      2      3      3

      0      0      1      1      3
      0     -1      2      0     -1
      0     -1      2      1      0
      0      0      3      3      3
      0      1      1      1      0

      1     -3      0      0      0
     -3      0      0      0     -2
     -3      0      1      1      0
      0      0      0      2      2
      0     -1     -1      0      0

      0      0      0      0      0
     -1      0      0      0      0
     -1      0      0      1      0
      0      0      0      1      1
     -1      0      0      0      0

      0      0      2      1      0
     -2     -2      0      1      0
     -2     -2      1      1      0
      1      0      0      0      0
      0      1      1      0      1

     -2     -2     -2     -1     -3
     -2      0      0      0      0
     -2      0      1      0     -1
      0     -1      0     -1     -1
     -2      1      1      1      0

      0     -1      1      0      1
     -2     -2      2      0     -2
     -2     -2      1      0      0
      1      0      0      1      1
      0     -2     -2      0      0

      0     -2      0      0      0
     -1     -1      0      0     -1
     -1     -1      1      0      0
     -2      0      0      2      2
     -1      1      1      1      1

      0      0      0      0     -3
     -1     -1      0      0      0
     -1     -1      0      1      2
      1      0      0      1      1
      0      0      0      0      1

      0      0      1      0     -1
     -2     -1      0      0     -1
     -2     -1      1      2     -1
      1      0     -1      2      2
     -1     -1     -1      1      0

      0      1      0      0      0
     -1     -1      0      0     -1
     -1     -1      1      1      0
     -1      0      1      0      0
      0      0      0      0      0

      0      0      0      0     -2
      0      0      0      0      0
      0      0      0      0      0
      0      0      1      1      1
      1      0      0      1     -1

      0      0      1     -1     -1
      1      0     -1      0     -1
      1      0      0      0      0
      0      2      1      0      0
      0      1      1     -1     -2

      0      1      2     -1      0
      1      0      2      0     -1
      1      0      0      0      0
      0      2      0      2      2
      0      0      0     -1     -1

      0      0      0      0     -1
      2      0      0     -1      1
      2      0     -1      0      0
      0      1      1      1      1
      0      0      0     -2     -2

     -1      0      0      0     -1
      1      0      0      0      0
      1      0      0      1      0
      0      0      1      0      0
      0      0      0      0      0

      0      0      0      0      0
      0      0      0      0     -1
      0      0      0      0     -1
      1      1      0      1      1
      1      0      0      0     -1

     -1      0     -1      1      0
      1      0      1      0      0
      1      0      0      0      0
      0      2      1      1      1
      0      0      0      0      0

      0      1      0      0      0
      1      0      0     -2      0
      1      0      0      1      0
      1      2      1      1      1
      1      0      0      0      1

      0      0     -1      0      0
      0      0      0      0      0
      0      0      0      2      1
      0      2      1      1      1
      0      0      0      0      0

      0      1      1      2      1
      2      2      3      0      1
      2      2      3      2      1
      1      3      2      1      1
      3      2      2      1      1

      1      4      2      3      3
      5      2      4      3      3
      5      2      3      5      2
      5      4      4      4      4
      4      2      2      2      3

      4      5      5      4      4
      6      6      7      4      5
      6      6      6      7      6
      5      5      4      5      5
      6      4      4      3      5

      2      2      2      3      4
      3      4      5      3      4
      3      4      3      5      2
      3      6      4      3      3
      2      4      4      1      1

      0      1      0      1      0
      1      3      1      2      2
      1      3      1      2      1
      1      2      1      2      2
      1      1      1      0      0

      2      2      1      2      1
      2      2      3      3      2
      2      2      2      2      2
      2      5      1      2      2
      1      3      3      2      2

      5      5      5      5      5
      6      5      6      6      5
      6      5      5      6      7
      6      6      7      7      7
      6      6      6      5      5

      7      7      6      6      6
     10      8      8      8      8
     10      8      9     10      8
     10     10      9      8      8
      8      7      7      7      9

      6      7      5      5      6
      7      7      6      6      7
      7      7      6      8      7
      8      8      8      6      6
      6      5      5      6      8

      5      5      3      5      5
      7      6      6      5      5
      7      6      5      6      4
      5      6      6      6      6
      6      5      5      4      4

      5      4      4      4      4
      6      7      6      6      6
      6      7      4      7      4
      6      6      6      7      7
      6      7      7      4      6

      7      8      6      6      6
      7      8      6      7      6
      7      8      6      8      8
      7      8      8      8      8
      7      8      8      5      8

      8      8      7      6      7
      9      8      8      8      8
      9      8      8     10      8
      9      9      9      9      9
      8      8      8      7      9

      8     10      7      7      7
      9      9      9      9      9
      9      9      8     11      8
     11     10     10      9      9
      9      9      9      7      9

     11      9      7      8      7
     11     10     10      8      9
     11     10      7     10      9
     10     10     10     10     10
     10      9      9      8      8

      8      8      6      7      8
     10      8      8      9      8
     10      8      7     10      9
      9      9      8      9      9
      7     10     10      8      8

     10      9      8      7      6
     11      8      8      8      7
     11      8      8     10      9
      8     10      9     10     10
     10      9      9      7      9

      9      9      9      7      9
     10      8      6      9      7
     10      8      8      8      9
      7     10      9      9      9
      9     10     10      8      8

      9      8      7      8      7
      8      9      8      8      6
      8      9      8      8      8
      7      9      7      8      8
      7      9      9      7      7

      7      8      8      7      7
      9      7      7      7      7
      9      7      7      8      7
      6      9      8      9      9
      8      7      7      6      6

      6      7      7      7      7
      7      7      7      7      8
      7      7      7      8      7
      8      8      6      8      8
      7      7      7      8      7

      7      7      6      7      4
      9      7      6      5      8
      9      7      6      7      7
      7      6      6      7      7
      8      7      7      7      7

      8      8      6      4      5
      8      7      9      6      6
      8      7      5      8      5
      7      8      5      5      5
      6      7      7      4      6

      8      7      7      7      5
      9      6      6      5      7
      9      6      5      7      6
      7      7      7      6      6
      8      6      6      4      4

      8      7      6      5      6
      8      7      6      7      7
      8      7      7      7      6
      6      7      6      7      7
      7      5      5      5      6

      7      7      5      4      5
      7      8      8      5      6
      7      8      6      9      6
      6      8      7      7      7
      6      6      6      6      5

      7      6      7      6      7
      9      7      6      5      4
      9      7      5      6      4
      7      7      5      6      6
      7      6      6      7      6

      6      6      5      6      4
      8      6      6      5      5
      8      6      6      7      3
      8      8      6      5      5
      7      7      7      5      6

      7      7      9      6      5
      7      5      5      7      6
      7      5      3      5      5
      6      5      6      7      7
      7      6      6      4      5

      6      5      5      4      4
      7      4      5      4      3
      7      4      4      4      4
      4      7      5      6      6
      5      6      6      3      2

      4      5      5      4      4
      4      5      3      5      3
      4      5      3      4      2
      6      5      3      5      5
      4      3      3      3      4

      4      4      5      3      3
      5      5      3      5      4
      5      5      4      2      2
      6      3      4      3      3
      5      4      4      4      3

      4      5      4      2      3
      3      2      3      3      4
      3      2      2      6      1
      5      5      2      3      3
      2      4      4      3      3

      3      1      3      1      1
      1      2      4      4      2
      1      2      3      4      1
      3      3      4      3      3
      3      4      4      2      4

      3      3      3      4      0
      3      3      1      2      4
      3      3      3      6      3
      5      3      2      5      5
      4      4      4      3      3

      2      5      2      4      3
      5      3      5      2      2
      5      3      2      5      0
      3      4      4      4      4
      2      5      5      1      2

      2      3      3      1      3
      4      2      2      1      3
      4      2      2      3      3
      3      2      5      2      2
      4      1      1      0      5

      3      1      2      3      2
      3      2      3      2      1
      3      2      0      2      0
      4      3      3      3      3
      2      2      2      1      2

      1      3      4      2      1
      4      1      2     -2      0
      4      1      1      4      3
      3      2      2      3      3
      2      2      2      0      0

      1      1      1      1      0
      3      3      2      2      2
      3      3      0      3      0
      3      1      2      0      0
      2      3      3      0      0

      2      0      3      0      0
      1      0      3      1      2
      1      0      1      4      3
      2      1      2      3      3
      2      1      1      0      1

      1      0      1      2      0
      0      2      1      1      0
      0      2      2      2      1
      2     -1      3      3      3
      1      0      0      2      2

      1      0      2      1      0
      2      2      0      0      0
      2      2      0      2      0
      3      0      0      0      0
      0      1      1      1      3

      1      2      2      0      2
      3      0      1      0      0
      3      0      2      4      0
      0      2      2      1      1
      0      0      0      0      1

      0      0      1      1      0
      2      0      2      1      1
      2      0      1      1      0
      1      0      4      3      3
      0      0      0      0      0

      0      3      0      0     -1
      0      0      0      0      1
      0      0      0      2      0
      3      0      2      1      1
     -2      0      0      0      1

      3      1      1      1      1
      0      1      1      0      0
      0      1      1      2      2
      1      2      3      2      2
      0      3      3      0      0

     -1      2      0      2      0
      4      0     -4      2      2
      4      0      1      1     -2
      2      1      3     -2     -2
      1      2      2      0      0

      0      0      0      0      0
      2      0      0      0      0
      2      0      0      0      0
      3      0     -1      1      1
      1      1      1      1      0

      3      0      1     -1      3
      3      1     -1      3      0
      3      1      1      3      0
      1     -1      0      0      0
     -1      1      1      1      0

      0      1      0      1      2
      0      2      0      1     -2
      0      2     -1      2      0
      0      0      0      0      0
     -3      1      1      0      0

     -1      2      1      3      0
      0      0      0      0      1
      0      0     -2      2      0
      1      3     -2      2      2
      1      0      0      0      1

      0      0      2      1     -1
      2      0      0      2      0
      2      0      0      3      0
      0     -1      1      2      2
      2     -1     -1     -1     -1

      1      0      2      2     -1
      0      0      0     -1      2
      0      0      0      0      0
      0      1      1      0      0
      1     -2     -2     -2      0

