;
; ENVI ASCII Output of file: E:\Imaging\ROI_AVIRIS\5_4_15.img [Fri Nov 17 12:08:43 2017]
; File Dimensions: 5 samples x 5 lines x 224 bands
; Line Format    : (5i7)
;
    459    453    476    459    472
    471    461    486    455    450
    477    459    468    461    476
    471    467    456    480    460
    463    457    452    453    474

    532    530    547    527    566
    548    554    557    537    554
    528    544    533    547    532
    538    536    561    549    546
    533    536    545    535    558

    592    573    579    583    599
    572    573    577    583    584
    579    585    597    577    574
    579    588    572    580    580
    580    575    569    574    579

    727    719    721    733    758
    705    721    720    737    734
    730    719    717    735    731
    725    743    729    732    707
    733    719    724    706    714

   1059   1048   1059   1056   1067
   1052   1049   1061   1063   1073
   1054   1055   1060   1052   1062
   1061   1068   1065   1062   1052
   1074   1062   1059   1051   1047

   1094   1098   1100   1107   1124
   1084   1093   1104   1101   1109
   1108   1099   1110   1094   1107
   1103   1110   1111   1116   1105
   1105   1116   1111   1100   1098

   1018   1020   1033   1037   1069
   1019   1026   1033   1041   1052
   1025   1042   1042   1030   1044
   1050   1044   1049   1043   1035
   1057   1043   1047   1037   1037

    941    945    945    959    974
    944    941    956    967    967
    951    952    965    957    958
    971    970    968    957    960
    972    963    959    957    958

   1034   1024   1026   1039   1051
   1018   1024   1027   1042   1059
   1031   1037   1041   1044   1055
   1052   1051   1053   1050   1045
   1061   1059   1055   1040   1038

   1041   1045   1050   1059   1088
   1048   1047   1050   1064   1078
   1046   1061   1072   1065   1075
   1075   1077   1073   1069   1067
   1091   1088   1081   1070   1058

   1011   1009   1014   1026   1045
   1007   1012   1019   1038   1055
   1014   1028   1030   1037   1051
   1051   1053   1038   1034   1045
   1059   1059   1049   1037   1031

    942    944    950    962    986
    947    945    953    967    982
    953    964    970    973    989
    984    987    986    978    982
    995    990    985    970    971

    893    889    896    911    926
    895    900    905    916    942
    911    911    918    925    939
    929    930    933    934    936
    956    938    941    925    925

    820    816    823    833    856
    818    823    823    839    850
    822    828    845    840    848
    856    849    853    848    847
    867    861    859    852    842

    762    758    766    776    793
    758    763    764    777    792
    763    772    777    776    795
    791    791    794    790    786
    803    793    794    782    778

    687    692    703    706    721
    695    700    697    708    715
    695    706    711    706    713
    719    720    719    713    717
    730    720    723    710    706

    620    621    630    634    647
    629    622    630    638    644
    630    635    635    638    643
    645    642    643    642    636
    656    653    648    642    633

    595    597    605    611    618
    598    598    606    612    618
    602    610    611    611    617
    618    619    616    616    608
    632    624    620    614    608

    570    573    579    586    589
    567    573    581    585    592
    573    584    586    582    592
    589    594    589    589    579
    607    593    592    585    581

    543    542    551    546    564
    544    543    548    551    559
    539    549    555    554    555
    560    561    554    558    555
    572    572    560    549    549

    505    506    507    514    519
    504    497    508    515    519
    508    513    515    516    517
    521    522    521    518    513
    527    526    518    510    511

    469    470    475    478    481
    472    471    472    475    484
    467    473    471    481    480
    482    484    480    479    476
    490    490    486    471    469

    444    447    448    447    452
    442    440    448    453    450
    445    443    452    449    451
    453    454    449    446    447
    463    463    455    445    443

    400    399    405    405    411
    396    400    405    401    408
    400    402    407    407    404
    412    415    410    403    399
    417    413    409    401    397

    383    383    384    386    389
    381    376    379    384    386
    381    384    387    382    380
    391    387    383    383    381
    392    392    383    376    376

    371    371    373    374    380
    370    373    377    377    374
    372    375    376    372    374
    379    381    374    371    367
    383    383    374    363    366

    350    351    352    351    354
    348    349    350    353    352
    347    347    352    350    346
    355    353    351    347    342
    359    357    348    344    337

    332    323    326    330    329
    325    321    326    324    332
    325    324    323    323    329
    331    334    327    323    319
    336    333    323    316    317

    317    313    320    316    321
    316    310    317    313    316
    316    312    313    312    313
    317    318    315    313    309
    320    322    311    305    306

    298    294    293    291    298
    287    289    295    293    297
    291    291    289    287    293
    292    294    291    288    287
    299    299    291    281    280

    283    282    281    278    283
    284    274    284    282    284
    279    276    277    278    282
    282    281    278    278    273
    288    289    276    268    268

    281    275    277    272    279
    275    275    279    276    278
    272    273    275    273    277
    279    280    272    277    270
    282    283    270    266    267

    281    273    271    272    271
    268    273    275    276    279
    269    269    278    271    272
    277    275    270    274    272
    279    278    266    265    267

    281    276    276    272    278
    276    275    278    276    278
    272    273    274    274    277
    279    280    272    276    269
    282    283    269    266    267

    269    261    261    254    261
    259    259    263    260    260
    254    255    259    257    262
    264    264    253    259    254
    265    267    258    253    251

    241    230    230    227    235
    232    233    232    231    232
    230    226    232    232    232
    233    234    225    229    224
    233    238    227    223    224

    215    207    201    202    205
    208    206    209    207    206
    201    199    206    204    205
    205    207    201    203    197
    209    211    201    198    194

    206    204    194    192    195
    201    201    199    200    197
    202    196    196    200    198
    201    200    193    194    192
    204    201    196    192    187

    190    187    180    180    178
    182    181    184    183    179
    179    179    179    182    181
    184    185    177    179    174
    180    185    179    172    173

    151    144    142    140    136
    146    141    141    143    138
    140    137    138    143    141
    142    143    135    137    135
    143    143    136    136    133

    161    157    149    152    147
    156    151    154    153    149
    150    150    150    153    152
    152    154    148    147    142
    152    157    150    146    142

    181    175    168    168    161
    174    166    169    166    165
    168    163    165    170    164
    169    170    161    163    155
    167    174    162    158    156

    186    177    168    170    163
    175    166    171    170    163
    171    167    165    173    163
    170    173    163    162    156
    171    174    164    160    158

    113    109    104    104     98
    107    102    104    102     99
    102    100    100    103    100
    102    105     97     97     93
    101    106     99     97     96

    148    144    134    133    128
    140    134    136    134    131
    135    129    129    138    130
    135    137    129    127    122
    134    139    129    125    124

    157    152    141    143    134
    147    142    146    142    135
    142    136    136    146    138
    142    142    138    135    133
    139    150    137    134    130

    150    140    132    129    121
    138    129    131    129    127
    129    126    125    135    126
    131    132    124    124    118
    128    137    125    124    120

    139    134    120    125    112
    129    118    125    122    115
    119    116    116    127    116
    122    122    116    115    111
    118    128    116    111    111

    127    121    112    112    101
    119    109    113    110    106
    109    105    104    113    106
    111    113    106    104     99
    110    115    105    104    100

    101     95     89     89     83
     93     86     89     86     83
     87     84     84     91     84
     88     89     83     81     78
     86     92     83     81     80

    103     99     91     90     84
     95     91     94     88     86
     89     85     84     94     86
     89     93     87     83     81
     87     94     84     82     82

    110    105     98     96     86
    102     94     98     95     89
     98     89     90    101     89
     95     97     91     86     82
     93    100     92     87     84

    122    112    102    104     93
    109    102    105    101     95
    103     96     94    108     98
    102    103     97     93     89
     98    110     96     92     91

    116    109    101     97     86
    103     94     99     96     90
     95     91     91    100     92
     98     97     93     88     83
     94    102     91     86     87

    115    107     97     97     85
    102     94     97     94     88
     96     91     89     98     90
     95     97     88     87     82
     92    100     89     87     82

    109    101     91     90     79
     94     87     93     88     81
     89     85     83     92     83
     90     91     83     81     76
     87     94     83     81     79

    104     98     87     86     76
     91     83     88     83     80
     83     82     81     87     81
     87     85     80     75     71
     84     91     78     77     74

     80     74     68     66     58
     70     63     67     64     60
     64     60     60     68     63
     63     68     59     59     55
     64     68     59     59     58

     66     62     55     56     50
     59     55     58     53     51
     55     52     51     56     51
     56     57     50     48     46
     53     58     49     48     49

     60     58     49     48     47
     51     50     49     47     46
     49     46     47     52     48
     50     50     46     45     42
     49     51     44     43     45

     54     50     43     44     41
     47     46     45     41     41
     41     41     40     45     41
     45     45     42     38     38
     44     44     39     39     42

     31     31     28     29     32
     26     30     27     32     33
     29     27     28     32     33
     28     29     30     26     26
     29     27     25     24     31

     18     20     17     17     17
     17     20     18     18     16
     17     17     17     19     20
     16     20     17     17     18
     15     17     15     15     20

     24     25     22     23     22
     23     23     23     23     24
     24     21     22     24     25
     22     23     21     20     20
     22     20     18     21     23

     48     46     40     39     39
     42     40     40     36     40
     38     36     34     42     38
     39     38     35     33     33
     40     38     31     34     39

     56     52     46     45     44
     49     47     46     43     47
     44     41     39     48     44
     45     45     40     40     38
     45     46     38     40     43

     71     64     57     54     51
     60     56     55     51     52
     54     49     49     56     51
     55     54     50     44     42
     56     55     45     48     49

     78     69     62     58     51
     65     57     59     54     53
     59     54     51     64     53
     58     59     53     49     45
     57     60     49     51     49

     76     68     60     57     51
     62     56     60     51     54
     56     51     50     60     52
     58     55     52     47     44
     57     57     47     51     50

     78     68     60     57     51
     63     57     58     51     52
     57     52     51     59     52
     58     56     51     46     45
     56     58     48     49     48

     77     68     58     55     48
     62     56     56     52     52
     54     50     50     60     51
     55     55     50     46     42
     55     56     45     46     47

     72     63     55     51     48
     58     52     54     47     47
     51     48     45     56     48
     53     51     46     40     39
     51     53     43     44     45

     72     62     54     51     46
     59     52     52     46     48
     51     46     45     55     48
     51     52     45     42     38
     51     51     43     43     44

     69     60     52     47     43
     55     50     50     43     45
     48     43     42     52     43
     48     49     43     38     36
     48     49     40     41     40

     66     60     51     48     43
     54     49     49     43     44
     47     44     42     50     43
     47     48     43     38     35
     45     48     39     42     41

     61     55     44     41     39
     48     43     44     39     41
     42     39     37     46     39
     44     43     37     36     33
     42     44     35     37     36

     56     50     42     39     36
     45     40     41     36     39
     39     36     34     43     37
     40     39     35     32     30
     39     40     32     34     34

     51     45     39     36     34
     42     37     38     33     36
     35     33     31     39     35
     37     36     32     28     27
     36     36     29     31     32

     37     35     29     29     26
     31     29     28     25     30
     28     25     23     31     29
     28     28     24     22     21
     27     27     23     23     25

     21     21     17     17     16
     19     18     17     17     19
     15     15     15     17     18
     16     17     15     14     14
     17     15     13     15     16

      5      5      6      6      6
      6      5      5      6      4
      5      6      5      5      6
      7      6      5      5      4
      4      5      5      5      6

      5      4      4      4      3
      4      6      4      5      4
      4      4      4      6      5
      4      5      4      4      4
      4      5      2      3      5

      6      9      6      6      6
      6      5      6      7      6
      6      5      6      8      7
      7      7      6      5      5
      5      6      5      6      6

      5      7      6      6      5
      6      6      5      6      5
      6      6      6      8      6
      6      6      6      5      5
      6      5      4      5      6

     11     12      9     12      9
     11     11     11     10     10
     10      9     10     13     13
     11     11      9      9      8
     10      9      8      9     10

     24     22     19     19     17
     21     19     20     18     21
     18     17     15     21     18
     18     18     16     14     14
     18     17     14     16     18

     28     27     23     23     20
     24     22     22     21     24
     21     20     18     25     22
     22     21     19     17     16
     21     20     16     20     21

     26     26     21     20     18
     21     22     20     19     23
     19     19     17     23     20
     19     18     16     15     15
     20     18     15     17     17

     29     26     21     22     19
     23     22     21     20     22
     20     18     18     24     23
     22     21     19     17     17
     20     20     17     18     19

     24     24     19     19     18
     21     20     18     17     21
     18     16     15     21     18
     19     19     17     15     14
     18     18     14     15     16

     27     27     23     20     20
     24     21     21     21     22
     20     19     18     24     22
     21     22     18     17     16
     20     21     16     19     20

     31     28     22     22     21
     27     22     22     22     23
     22     19     19     24     23
     22     21     18     17     16
     21     20     17     18     20

     34     32     25     24     22
     29     26     26     23     25
     24     21     20     28     26
     25     24     21     18     18
     24     23     18     21     22

     36     33     27     24     23
     29     25     24     23     25
     23     21     20     29     25
     26     23     22     18     17
     23     23     19     21     22

     33     30     25     24     22
     26     24     24     22     26
     22     20     20     28     23
     24     22     19     18     16
     21     21     17     20     21

     28     26     22     22     19
     24     22     22     21     24
     20     19     17     24     22
     21     20     18     15     16
     21     18     15     18     21

     33     30     25     24     22
     26     24     24     22     26
     22     20     20     28     23
     24     22     19     18     16
     21     21     17     20     21

     28     29     23     17     25
     23     19     23     20     24
     21     19     21     17     18
     23     16     22     19     18
     22     27     21     20     16

     32     26     25     19     27
     21     24     25     22     24
     19     19     24     19     18
     19     21     17     19     19
     22     20     20     20     17

     29     25     24     15     20
     22     21     23     23     23
     21     19     22     18     19
     22     22     17     15     18
     18     22     18     15     20

     33     28     22     18     20
     23     20     22     20     20
     21     18     25     20     18
     19     20     19     17     17
     20     22     21     16     16

     22     19     16     15     13
     18     17     19     18     17
     17     15     14     17     16
     16     20     18     16     11
     17     16     14     14     14

     19     16     15     13     13
     18     12     14     14     16
     16     13     14     14     13
     12     10     11     14     14
     13     15     13     13     10

     43     38     26     12     14
     45     35     40     44     36
      0     -5    -11    -22    -24
     32     37     34     32     27
     19      6     10     11     12

      7      8      7      6      7
      7      7      9      6      6
      7      4      7      6      6
      6      7      4      6      4
      7      6      7      5      6

      6      5      3      5      4
      4      3      4      4      5
      3      3      3      1      3
      4      5      3      5      2
      3      5      5      3      2

      2      1      0      0      0
     -1      0      1      0     -1
      0      0      0      2      0
      0      0      0      0      0
      1      0      0     -2      0

     -1      1      0     -1     -1
      0     -3      2     -2      0
      0      0      0     -1      1
      0     -1     -1     -1     -1
     -1      0      0      0     -1

      1      2     -2     -2      3
      0     -2      0     -2      0
      2     -2      0      0      0
     -2      0     -1      0      0
      0      0      0      2      0

      1      0      0     -1      0
      2     -1      0      0      0
      0      0      0      0      0
      0      0      0      0      0
     -1      0      0      0      0

      3      4      4      2      1
      0     -3      2      2     -4
      0     -1     -2      2      3
      5      1      7      2     -2
      0     -2      0     -2      2

      1      0     -1      0      0
      2      0      2      0      0
      0      0     -1     -1     -1
      0      0      1      2      0
     -1     -1      2     -1      0

      4      0      0     -1     -1
      1     -4      2      0      0
      0      1      1      1      0
     -1      0      1      0      0
      0      1     -1      0      1

      2      1     -2     -1      0
      2      0      0      2      1
      3      1      0      1      0
     -1      1      0      3      1
      2      1      0      1      0

      1      2      0     -1      1
      2      0      2      1      2
      1      2      0      2      0
      1      1     -1      0      0
      0      2      3      1      0

      3      0     -1      1      2
      2      0      4      2      2
      1      4      0      2      0
      1      1      1      1      0
      1      1      0      1      0

      1      1      4      1      3
      3      1      5      2      2
      3      0      1      3      1
      3      2      0      3      1
      2      3      3      2      3

      3      5      4      2      2
      4      1      5      4      5
      4      2      2      5      4
      6      5      6      4      1
      3      1      4      4      2

      3      3      3      1      2
      3      2      2      2      1
      3      5      1      4      2
      2      1      1      3      1
      3      3      4      2      1

      6      2      4      2      5
      4      2      5      5      5
      6      4      4      5      5
      6      5      5      4      4
      3      5      4      4      4

     13      8     11      8      9
     10      7     11      9     10
      9      6      8      7      8
      8      9      7     10      8
      8     11      9      7      7

     18     15     15     11     13
     15     11     15     14     15
     15     12     12     14     13
     14     12     12     12     11
     14     13     13     11     10

     24     18     17     15     17
     19     14     17     18     19
     16     15     16     15     16
     17     14     16     16     13
     15     17     17     13     16

     27     22     20     18     18
     20     20     22     16     17
     18     15     17     17     18
     18     19     19     18     15
     18     19     16     16     15

     29     25     22     19     18
     20     20     23     18     18
     19     17     17     20     17
     18     17     19     16     15
     19     20     19     16     16

     35     23     21     21     18
     24     18     22     19     15
     21     19     17     22     18
     19     22     21     19     16
     18     25     23     16     12

     34     26     23     18     21
     23     20     22     20     21
     21     20     22     21     18
     22     20     22     19     17
     23     23     21     18     20

     30     26     24     19     21
     24     20     24     19     21
     19     18     19     19     18
     19     19     19     18     15
     19     23     17     16     18

     29     22     19     17     17
     20     19     19     17     18
     18     16     19     17     18
     19     20     17     16     13
     18     20     17     15     15

     30     22     19     18     21
     20     18     21     19     19
     19     17     17     17     18
     17     19     16     17     13
     19     22     17     16     15

     31     26     22     19     19
     21     20     21     19     18
     18     17     18     18     19
     19     20     19     17     17
     18     19     18     14     14

     28     23     21     17     17
     20     15     19     17     18
     17     17     16     16     18
     18     18     17     15     15
     18     20     16     15     15

     28     21     19     17     16
     18     16     19     16     17
     15     13     14     14     16
     18     17     15     13     16
     17     19     17     14     14

     30     24     21     16     20
     20     19     19     19     18
     18     15     17     18     17
     20     19     16     15     17
     18     18     18     17     15

     27     21     19     17     18
     19     17     18     18     20
     15     13     16     15     16
     18     20     15     17     15
     19     19     18     15     16

     25     21     19     14     15
     19     18     17     17     16
     17     13     14     15     15
     16     16     15     15     14
     18     20     16     13     13

     25     21     19     15     18
     17     14     18     15     17
     15     14     15     16     16
     16     15     16     18     13
     19     17     16     14     14

     26     19     16     14     15
     18     15     17     16     17
     15     12     14     15     15
     16     15     15     15     12
     17     17     17     12     12

     22     19     16     12     15
     18     15     16     15     17
     15     11     14     12     15
     15     16     15     14     11
     15     17     15     12     13

     23     20     15     12     15
     16     14     16     14     17
     15     13     14     15     15
     14     15     14     15     14
     15     16     16     13     11

     18     15     12     11     15
     14     13     13     13     14
     11     14     13     12     11
     14     14     14     12     13
     14     16     15     10     11

     17     15     12     10     15
     12     12     13     13     13
     12     12     11     11     15
     13     12     14     13     12
     14     13     12      9     12

     14     14     11      9     11
     12     10     13     11     14
     11     11     11     14     13
     11     11     11     12      9
     12     13     13     10     10

     13     11      9      9     10
      9      8     10     12     11
     10      9      9      9     10
     12     12     11     11      8
     10     14     12      9      8

     14     12     10      9     11
     11      8     11      9     12
     10     10     10     11      9
     11     10     11     10      8
      9     10     11      8      8

     11      8      9      7      9
      9      6      8      9      7
      9      7      9      9      9
      9     11      8      8      5
      9     12     10      7      6

     11      9      8      7      9
      9      6     10      7     11
      9      7      7      9      6
      9      8      8      7      6
      8     10     11      8      7

      9      7      6      6      8
      6      7      8      8      9
      8      3      7      7      7
      6      7      7      7      7
      8      8      8      7      7

      8      4      6      4      5
      7      5      7      6      4
      4      4      5      6      5
      6      6      5      8      5
      7      5      6      3      6

      5      4      3      3      3
      5      3      6      5      5
      5      2      2      5      4
      5      3      2      5      4
      3      5      3      2      3

      4      2      0      0      0
      3      4      2      3      2
      4      1      1      2      2
      1      2      2      3      1
      0      2      2      0      0

      3      0      0      0      2
      3      1      1      0      0
      2      0      0      0      0
      2      1      0      1      0
      2      1      2      1      1

      1      0     -1      0     -1
      1     -2      2      0      0
      0     -1      0      1      0
      0      0      1      0     -1
      0      0      0      0      0

      1      0      0      0      0
      0      1      1      0      0
      0     -1      0      0     -1
      0      0     -1      0     -1
      0     -1      1      0     -2

      1      0     -1     -3      0
      0     -1      2      1      0
      0     -1      1      0      1
      0      0     -1      0      0
      0      0      0     -1      0

      1      0     -1      0      0
      2     -1      0     -1      0
      0     -1     -1     -2     -1
     -1      0      0     -1     -1
      1      0      2     -4      0

      0     -1     -2     -2      0
      1     -1      0      0      0
      1     -2      0      0      0
      1      0      1      1      0
      1      0     -1     -1      2

      2      0     -1     -1      0
      2      0      1      0     -1
      0     -1      0      0      0
      0      0     -1      2      0
      0      0      2      0     -1

     -1      2      0     -1      0
      1      0      0      1      0
      0      0      0      0     -3
     -1      0     -1      1     -1
      0      1      1      0      0

      0      0      0     -1      0
      0      0      1      0      0
      0      0      2      0      0
      0      0      1      0     -1
     -2      1      0      0      2

      0      0      0      0      0
      0      0      0      0      0
      1      1      1      0      0
      0      0      0      0      0
     -1      1      0     -1     -3

      1     -1      0      0      1
      0      0      0      0      0
      0      0      3      0      0
      0     -1     -1      0     -1
      0      1      0      0      0

      1      0      0      0      0
      0     -1      0      1      0
      0      0      1      0      1
      0      0      0      0     -1
     -1      0      0      0     -1

     -1      0      0      0      0
      0      0      0      2      1
     -1      1      2      0      0
      0      0      0     -1      1
     -1      1     -1     -2     -2

      0      0     -1      0      0
      1      0      0      0     -2
      0      1      1      1      0
      0      0      0      0      0
      0      0      1      0     -2

      0      0      0      0      0
      0      0      0      0      0
      0      0      0      0      0
      0     -1      0      0     -1
     -1      0      0     -1      0

      0      0      0      0      0
      0      0      0      1      0
      0      2      1      0     -1
      0     -1      0      0      0
     -1      1      0      1     -1

      0      0      0      0      0
      0      0      0      0      0
      0      1      1      1      0
      0      0      0      2      0
      0      1      0      0      0

      1      1      1      0      1
      0      0      0      2      0
      0      1      0      0      0
      0     -1      0      0      0
      0      0     -1      0     -2

      1      0      0      0     -1
     -1      0      1     -1      0
      0      2      1      0      0
      0      0      0      1      1
      0      0      0      1      0

      3      2      1      1      1
      0      3      2      3      0
      2      3      3      4      3
      2      2      1      2      2
      3      0      0      3      2

      2      3      2      2      3
      3      2      2      5      2
      5      6      6      3      4
      3      5      4      4      2
      4      4      5      4      4

      5      4      4      4      3
      5      3      4      6      5
      5      6      7      5      4
      4      6      5      4      5
      5      5      7      5      4

      3      4      3      2      2
      2      2      3      3      2
      3      5      6      4      3
      2      3      3      2      2
      4      3      3      3      2

      2      1      0      0      0
      1      1      0      2      2
      1      3      3      2      0
      0      2      1      3      0
      0      1      2      0      2

      1      1      2      1      3
      2      1      2      5      0
      2      3      3      2      1
      1      2      1      2      1
      3      2      1      2      1

      5      6      5      4      4
      6      4      5      9      5
      5      6      6      6      5
      5      7      5      5      5
      6      6      6      7      6

      8      8      7      7      6
      8      7      8     10      8
      9     10      9      8      7
      8      8      8      8      8
      7      8      7      8      7

      8      7      6      6      5
      7      7      8      9      7
      7      8      8      7      6
      6      8      8      8      5
      8      8      8      7      8

      6      5      5      4      4
      6      5      6      7      5
      7      6      7      6      7
      7      6      5      5      4
      5      6      4      6      5

      6      6      5      6      5
      5      4      6      6      6
      6      6      7      6      6
      6      6      5      6      5
      7      5      6      6      6

      9      8      8      8      6
      7      7      8      9      7
      7      9      9      8      7
      9      7      7      8      6
      9      9      7      7      7

     11     10      8      7      7
      9      9     10     10      9
      8      9     11      8     10
      8     10      9      8      8
      9      9      9      9      9

     11      9      8      7      8
      8     10     10     13      9
      9      9     11     10      9
     10     10     11      9      9
      8     10      8      8      9

     10     10      9      9      8
     10     10     10     10      9
      9     10     11     10     10
      9      9      9     10     10
      9     11      9      9      8

     11      8      8      8      8
      9      8      9     10     10
      7      9     10      8      9
      9      9      9      9      9
      9      9      9      8      8

     11     11     10      8      8
      9      9     10     11     11
      9     10     10     10     11
     10     10      9      9      8
      9     11     10     10     10

     12     11     10      9      9
      9      9     10     12     10
      8     11     12     10     11
     10      9      7      9      9
     10     11      9     10     10

     11      9     10      9      8
      9     10     10     12     12
      7     10     11     10     10
     10      8      9      9      9
     10     10      8     10      9

     11      9     10      8      7
      9      8     10     11      9
      8      9     11      8      9
      9      9      8      8     10
      9     10      8      7      9

      8      8      9      8      8
      8      7      9     10      9
      8     11      8     10     10
      9      8      9      7      8
     10      8      8      8     10

      9      8      8      6      8
      9      9      9     11      9
      7      8     10     10     10
      8      7      8      7      8
      8      9      8      8      7

      9      8      8      8      7
      7      8      6      9      9
      8      8      9     10      7
      8      8      8      8      8
      8      9      9      6      7

      9      8      8      6      7
      8      9      7      9     11
      6      8      9      7      8
      7      7      8      9      7
      9     10      8      7      7

     11      8      9      8      7
      8      6      7     10      9
      7      8      9     10      8
      7      8      8      9      8
      8     10      8      7      6

      9      9      9      8      9
      8      8      7      9     10
      7      9      9      7      9
      8      8      6      9      8
     11      8      8      8      9

     10      9      8      6      9
      9      7      7      8     10
      8      9      9      8      9
      9      8      9      6      6
      8     11      8      8      7

     10      9      8      8      8
      7      7      8     10      7
      7      7      9      7      8
      8      7      8      8      6
     10      8      7      6      7

      9      9      9      7      8
      7      6      7      7      8
      6      8      8      8      8
      8      6      6      7      6
      9      9      8      7      7

      6      9      7      7      8
      7      5      5      8      7
      7      5      7      7      7
      7      8      7      6      6
      7      7      6      4      5

      5      6      6      5      6
      4      5      6      6      5
      3      7      6      6      6
      6      6      5      5      4
      6      6      4      6      5

      7      5      5      5      6
      6      3      4      6      6
      5      6      5      4      6
      7      5      5      6      5
      6      8      6      6      5

      6      7      4      4      4
      4      5      3      6      6
      5      5      5      5      5
      6      6      5      5      3
      7      7      3      4      3

      6      5      5      4      2
      6      3      4      4      2
      5      5      5      4      3
      5      6      5      4      5
      6      4      4      4      4

      3      5      3      3      4
      4      4      4      3      4
      4      5      8      4      4
      4      3      3      5      4
      5      4      4      4      2

      5      5      2      4      3
      3      1      2      5      2
      2      4      5      3      1
      4      4      4      2      3
      4      5      2      5      3

      6      3      5      2      3
      3      2      3      6      5
      3      4      5      4      4
      6      6      5      1      4
      6      3      3      3      1

      4      4      3      3      4
      1      2      3      4      2
      3      4      4      4      3
      4      4      2      3      2
      4      5      5      3      2

      4      2      2      0      4
      4      0      4      4      2
      2      2      4      1      2
      4      4      3      2      3
      4      5      1      4      2

      3      4      3      3      1
      3      2      3      4      3
      3      1      3      3      3
      2      3      4      3      2
      2      3      0      2      2

      2      2      1      3      2
      4      1      2      3      1
      2      3      4      3      1
      6      4      1      2      4
      4      2      1      2      2

      1      2      3      1      1
     -1      0      1      3      2
      0      3      3      1      1
      2      3      2      1      1
      4      1      2      2      0

      0      2      2      1      2
      1      0      1      4      3
      0      0      3      1      0
      2      0      2      1      1
      2      4      2      0      1

      2      3      3      0      1
      3      1      1      2      0
      1      1      2      0      2
      0      1      4      1      1
      1      4      1      3      1

      1      1      1     -2      2
      1      0      1      0      1
      2      1      0      1      1
     -1      1      4      2      3
      2      2      0      1      1

      1     -1     -1      0      0
      1     -1      2      2      1
      0      1      4      1      0
      1      0      0      0      0
      3      2      0      1      0

      1      2      0      0     -1
      0      2      0      3      0
      1      2      1      0      0
      1      1      1      2      0
      2      0      1      2      1

      0      2      0      1      0
      2      0     -1      3      2
     -2      2      5      1     -3
      0      1      1      1     -1
      0      3      1      3     -1

      3      4      1     -1     -2
      0     -1     -1      2      1
      1      3      1      0      2
      0      1      0      1      1
      0      0      1      0      0

      1      1      2      1      0
      1     -1      0      0      2
      1      4      2      0      1
      0      0      1      0      0
      0      0      0      2      0

      1      0      0      0     -1
      2      1      0     -1      0
     -1      0      1      0      0
      0      0      1      0      0
      0      1      1      0      0

     -1      0      2      1      0
      1      0      0      0     -3
      3      0      0      0      0
      0      0      0      0      0
     -1      1      0      0      0

      0      0     -1      1     -1
      0     -1      0      0      0
      1      1      0     -2      0
      0      0      0      3      0
     -1     -1      0     -1      0

      0      0      2     -2      0
     -2      0     -1      1      1
      0      0      0     -2     -1
      0      0      0      0     -1
      0      1      0      2     -1

