;
; ENVI ASCII Output of file: E:\Imaging\ROI_AVIRIS\5_4_14.img [Fri Nov 17 12:08:35 2017]
; File Dimensions: 5 samples x 5 lines x 224 bands
; Line Format    : (5i7)
;
    485    469    474    470    464
    470    473    487    476    455
    463    476    480    474    464
    450    480    463    467    468
    491    456    456    481    473

    541    560    553    549    545
    573    551    544    541    547
    541    556    538    540    526
    532    528    547    545    558
    543    534    544    551    550

    583    595    588    560    592
    574    560    565    574    581
    551    581    551    569    583
    560    577    572    574    569
    590    567    556    572    565

    718    712    727    710    703
    709    704    695    710    700
    697    720    711    717    711
    716    708    710    706    691
    709    697    706    703    716

   1021   1023   1023   1032   1028
   1026   1029   1025   1029   1026
   1028   1024   1024   1016   1029
   1025   1030   1017   1024   1016
   1029   1018   1028   1027   1034

   1062   1068   1069   1065   1070
   1068   1075   1062   1062   1059
   1066   1075   1063   1061   1064
   1060   1063   1059   1053   1070
   1053   1052   1057   1069   1059

    980    988    999    981    995
    999    992    988    989    985
    978    996    988    988    989
    982    992    990    998    984
    983    982    986    997    983

    896    915    914    909    920
    905    907    904    910    906
    899    912    909    909    898
    902    898    899    900    901
    896    892    903    892    906

    972    974    979    973    980
    972    977    987    981    970
    965    977    968    976    967
    970    967    967    975    970
    969    963    963    970    975

    984    989    993    988   1004
   1001    996    988    990    996
    989    988    992    986    978
    983    986    997    986    994
    977    984    983    985    976

    944    950    958    955    958
    952    955    956    953    955
    942    951    952    947    939
    935    951    945    945    941
    943    937    941    947    944

    880    883    891    888    898
    890    887    891    890    886
    875    885    886    882    883
    872    874    880    884    879
    878    872    874    875    881

    825    836    840    837    847
    832    838    840    838    844
    827    832    824    831    830
    819    819    833    831    825
    821    821    824    828    825

    748    758    757    766    776
    758    763    764    770    766
    751    756    757    749    756
    748    748    750    749    752
    743    743    743    749    755

    693    703    709    702    716
    712    711    709    710    717
    690    702    696    698    708
    693    694    701    696    698
    692    687    687    699    703

    640    641    645    649    655
    640    647    648    647    645
    643    643    644    638    643
    631    633    638    637    639
    637    629    635    633    637

    575    582    581    583    580
    578    578    583    581    582
    572    584    578    573    579
    574    575    571    579    571
    570    573    572    574    576

    548    556    558    556    559
    553    556    558    557    560
    548    557    553    550    554
    549    548    551    553    548
    546    547    547    549    552

    520    530    534    528    537
    527    533    532    532    537
    524    528    527    527    528
    523    520    531    527    523
    521    520    522    522    528

    494    491    500    505    507
    496    502    504    506    504
    489    501    498    503    500
    497    492    497    493    490
    493    493    492    500    499

    460    468    463    465    473
    463    462    467    465    467
    461    469    464    464    464
    455    457    463    456    461
    457    455    460    459    463

    426    431    429    436    436
    430    432    432    437    436
    430    430    434    431    429
    424    427    426    428    425
    425    422    429    430    429

    408    405    410    408    416
    412    407    410    409    414
    407    409    403    408    405
    401    406    404    403    403
    401    407    404    408    405

    367    369    370    371    375
    372    370    370    369    368
    373    375    368    368    371
    367    369    372    370    367
    368    364    370    372    367

    348    354    350    352    352
    353    347    354    350    354
    350    360    355    350    352
    351    353    353    351    352
    351    347    346    353    354

    339    337    342    341    351
    343    337    345    340    338
    344    349    346    346    342
    346    346    348    344    341
    343    343    340    346    344

    320    318    320    315    323
    322    315    322    322    319
    323    332    326    323    321
    320    321    324    322    318
    322    321    322    325    324

    297    298    298    297    299
    299    295    300    297    296
    299    305    302    299    298
    302    301    301    299    300
    298    300    300    302    303

    287    284    291    287    295
    290    284    292    292    285
    295    298    292    291    287
    295    292    297    290    292
    292    292    289    294    294

    269    264    269    270    271
    269    263    268    269    266
    277    279    274    267    268
    271    281    273    270    274
    275    274    269    274    274

    252    255    254    255    259
    253    249    258    256    257
    264    265    263    260    258
    259    261    259    260    261
    259    263    259    261    263

    251    252    253    255    253
    252    247    253    251    251
    255    261    256    253    257
    261    264    261    255    258
    260    259    257    259    260

    247    250    249    253    255
    248    248    252    252    249
    254    256    251    247    253
    259    261    253    252    251
    256    254    255    255    260

    251    252    252    255    252
    251    247    253    250    251
    254    260    256    253    256
    262    263    260    256    258
    260    259    257    258    260

    234    235    237    234    238
    238    231    239    239    235
    238    245    237    237    243
    246    248    244    239    240
    244    244    247    240    245

    207    208    208    210    210
    213    203    211    209    209
    216    219    214    209    221
    219    221    222    212    214
    221    219    218    219    219

    187    188    185    184    186
    187    182    190    190    187
    188    199    189    187    193
    193    196    198    191    190
    197    193    193    191    200

    179    181    178    177    177
    182    175    182    181    179
    187    191    187    184    186
    188    192    193    187    188
    193    191    193    187    191

    163    166    161    163    162
    166    161    169    167    162
    172    179    171    169    172
    177    181    179    176    174
    178    173    177    175    176

    128    129    127    130    129
    131    126    132    130    130
    133    139    137    134    132
    140    144    140    135    135
    139    140    141    136    143

    138    136    134    136    135
    140    132    141    138    140
    144    152    147    144    145
    147    152    153    146    147
    154    148    153    147    151

    149    147    144    148    144
    153    145    154    154    153
    155    169    159    159    159
    163    171    171    159    161
    168    162    170    165    168

    152    149    148    149    145
    152    144    154    151    152
    158    173    164    160    161
    167    174    175    162    166
    172    166    173    169    169

     92     89     91     90     89
     96     86     95     94     92
     99    107    101     99     98
    100    110    107    101    103
    107    102    109    102    106

    120    118    114    116    114
    124    112    125    122    120
    127    144    132    129    129
    132    145    144    127    135
    140    133    147    136    137

    124    124    120    120    118
    130    118    129    130    127
    133    152    141    136    136
    141    153    156    135    141
    152    142    155    147    147

    116    113    112    110    111
    119    110    119    117    117
    123    141    130    126    122
    131    146    145    126    132
    142    133    145    133    137

    108    106    103    104    100
    111    100    111    111    110
    117    133    123    118    118
    122    138    138    118    125
    133    125    137    126    129

     99     98     94     95     90
    102     91    104    101     99
    107    125    115    109    105
    112    128    128    108    113
    125    117    126    117    119

     81     75     75     75     73
     81     72     81     82     78
     88    101     90     88     87
     92    107    103     86     92
    101     93    102     93     97

     80     77     77     77     74
     84     74     83     85     81
     87    103     95     91     88
     93    110    110     90     95
    106     97    109    100    101

     86     80     78     79     78
     88     76     89     89     87
     93    114    103     96     93
    101    120    122     94    100
    115    104    117    107    108

     89     86     84     86     81
     91     83     93     94     93
    101    121    109    103    101
    109    133    131    103    107
    124    111    128    116    117

     86     82     79     79     76
     88     79     90     89     87
     95    122    108     97     95
    104    128    129     96    102
    119    107    125    110    113

     83     79     77     77     75
     88     74     88     88     85
     95    120    105     95     95
    105    130    130     94    103
    119    107    123    111    115

     80     75     74     73     70
     82     71     85     83     82
     89    118    102     92     88
     99    125    124     89     99
    118    101    121    107    112

     76     71     69     68     68
     77     68     80     79     79
     86    114     96     88     86
     95    123    123     84     94
    112    100    118    104    107

     58     55     57     55     53
     60     52     63     63     58
     69     85     76     69     64
     78     96     93     69     74
     85     80     92     79     82

     50     44     47     46     45
     50     43     54     53     50
     59     73     62     57     52
     66     82     74     57     65
     71     68     75     68     72

     44     41     43     43     43
     44     41     49     49     43
     54     66     57     53     48
     62     76     64     52     61
     64     62     66     59     67

     38     38     38     40     37
     41     35     44     42     38
     51     60     48     48     43
     57     66     56     47     56
     59     56     60     56     61

     26     29     29     26     24
     27     22     30     25     21
     33     30     29     30     26
     38     33     27     33     39
     36     35     33     32     38

     16     18     16     18     15
     15     16     18     15     16
     19     19     17     19     17
     26     22     20     18     24
     21     21     22     21     23

     19     19     20     19     17
     19     18     22     20     18
     28     28     23     24     20
     35     33     26     29     31
     32     30     30     30     34

     32     32     33     31     32
     34     30     40     35     32
     49     53     46     43     37
     62     66     51     46     56
     56     56     58     55     61

     38     37     37     37     36
     38     34     46     43     38
     60     67     54     52     44
     74     84     63     55     64
     69     66     68     64     72

     44     41     43     43     42
     46     39     54     50     45
     70     86     68     61     55
     85    107     85     62     77
     87     80     87     80     89

     47     47     46     46     44
     49     42     59     55     50
     74     95     73     69     57
     89    118     95     67     81
     97     87     99     86     99

     47     46     44     44     44
     48     42     58     55     48
     74     93     71     66     57
     90    118     94     66     82
     95     86     96     86     98

     46     43     44     44     42
     49     41     58     54     47
     74     96     73     66     58
     89    118     97     66     80
     97     85     98     86    101

     45     43     42     44     42
     47     40     57     52     47
     71     95     71     65     56
     90    118     94     66     81
     97     84     99     87    100

     42     40     41     40     38
     44     36     53     49     44
     68     90     68     61     53
     87    115     92     63     76
     93     83     95     84     96

     43     40     39     39     39
     44     35     52     49     43
     69     91     68     62     53
     86    115     93     63     77
     95     83     95     82     97

     40     37     37     37     36
     41     32     51     47     41
     64     90     66     58     50
     82    110     92     60     73
     91     78     92     79     94

     39     37     38     37     36
     40     32     49     45     40
     64     87     64     57     49
     81    110     87     57     73
     91     78     89     80     93

     36     32     34     33     32
     37     30     47     41     36
     61     80     60     53     45
     79    104     80     54     69
     83     75     84     73     86

     32     30     32     31     29
     34     27     43     38     33
     57     73     55     49     41
     75     96     73     51     65
     77     70     77     68     81

     29     28     29     28     26
     30     25     38     35     31
     53     66     49     45     37
     70     88     65     48     61
     71     65     70     63     76

     23     20     23     22     20
     22     19     29     26     22
     42     48     37     35     27
     56     66     47     37     50
     53     49     53     49     60

     14     14     14     13     13
     13     11     18     15     14
     26     27     21     20     15
     36     36     25     23     32
     31     28     30     29     35

      5      5      5      5      4
      5      4      7      4      4
      5      5      6      6      4
     10      7      6      7      8
      7      9      9      8      8

      4      4      4      4      3
      4      4      5      3      4
      5      4      3      5      4
      6      6      5      6      6
      7      6      5      5      6

      6      6      6      6      5
      5      5      6      5      6
      6      6      7      6      5
     12     10      7     10     10
     10      9      9      9     12

      5      6      5      5      4
      5      4      7      5      4
      7      6      6      7      5
     11      9      8      9     10
     10      9      9      9     11

      8      9      9      7      8
      7      7      9      9      7
     14     14     11     12      9
     23     20     14     16     20
     17     18     18     18     22

     15     14     15     14     12
     14     12     20     16     15
     26     30     22     22     18
     39     40     27     27     35
     35     32     34     32     41

     19     17     17     16     14
     16     14     22     18     16
     33     34     26     27     21
     46     47     33     31     40
     40     37     40     38     47

     15     14     16     15     14
     14     13     21     17     15
     29     31     24     23     19
     42     43     30     27     36
     35     34     34     34     43

     16     15     17     16     15
     16     13     22     18     15
     30     32     25     26     19
     42     45     31     30     37
     38     35     36     36     45

     14     13     14     14     12
     13     12     19     16     13
     27     30     24     22     17
     41     41     29     26     35
     34     32     33     32     40

     16     17     16     15     13
     17     13     23     18     14
     32     33     26     26     19
     44     46     31     30     39
     37     37     37     38     47

     17     16     16     17     14
     16     13     23     20     16
     33     39     30     29     21
     49     53     37     30     41
     44     41     43     40     52

     19     18     18     17     16
     19     15     25     22     18
     40     44     33     33     25
     56     64     44     35     49
     52     47     49     49     61

     20     18     18     17     16
     18     15     26     22     19
     40     47     35     33     25
     58     68     46     38     51
     54     49     51     48     62

     18     18     18     17     15
     18     14     25     20     17
     39     44     33     31     23
     56     65     44     36     49
     53     48     49     49     61

     15     14     16     15     14
     15     12     23     18     15
     36     37     28     27     20
     54     56     36     35     47
     45     42     43     45     57

     18     18     18     17     15
     18     14     25     20     17
     39     43     32     31     23
     56     65     43     36     49
     53     48     49     49     61

     22     16     20     18     17
     19     16     20     21     19
     34     39     28     25     26
     45     63     41     33     42
     43     43     45     45     51

     19     16     16     15     17
     18     13     16     27     14
     38     44     28     26     31
     45     64     41     31     42
     46     43     48     45     49

     18     17     14     16     14
     18     13     19     21     16
     37     44     34     29     26
     46     72     44     37     43
     49     42     48     48     56

     15     17     19     18     18
     20     12     22     22     21
     41     47     28     28     28
     46     66     47     33     38
     50     41     48     45     51

     13     13     14     16     13
     15     10     19     18     15
     34     39     26     19     24
     37     56     37     26     33
     41     35     42     39     42

     10     11     14     12     10
     12      9     11     13      8
     25     29     21     17     18
     31     42     25     22     26
     30     28     32     30     32

     66     46     40     44     47
     26     -6     11      6     28
     23     27     36     29     37
    -11      9     -5     -6     14
     62     43     16     85     90

      4      5      6      6      5
      5      5      7      5      3
     10     12      9      7      9
     14     18     13     10     12
     15     12     13     13     15

      2      3      2      2      4
      2      2      6      2      1
      8      5      5      6      5
      7     10      8      6      8
      6      7     10      6     10

      0      0      1      1      0
      0     -1      0      0     -1
      1      0      2      0      0
     -1      0      2      0      0
      0      1      0      1      0

      0      1      1     -1      0
      0     -1     -1      0     -1
      0      0      1      0      1
      0      0      0     -1      0
     -3     -1      0     -1      0

     -1      0      0      1      0
      0      0     -2     -1      1
      0      0      0      0      2
     -1      1      0      1      0
      0      0     -1      3      0

     -1      0      1      0      0
      0      0      0      0      0
      1      1      0      0      0
      0      1      0      0      0
      0     -1      0      0      1

     -3      0     -1     -4     -4
      1      4      2      1      0
      5      5      2      0      5
     -3     -2      1      0     -2
      0     -1      0      0      0

     -1     -1      0     -1     -1
      0     -1     -1      2      0
      3      2      0      0      0
      0      0      3     -3     -2
     -1      0      0     -1      3

      0      1      0     -1     -1
      0     -3     -1      0      0
     -1      0      2      0      0
     -1      1      1      0      0
     -2      0      1      1      0

      2      2      1      1      0
      1      0      0      0      1
      0      1      0      2      1
      0      0      2      2      2
      0      0      0      0      2

      3      0      1      0      2
     -1      0     -1      2      0
      0      1      0     -1      0
      0      0      1      1      0
      0      1      4      2      0

      1      0      3      2      0
      2      1      0      3      1
      3      0      0      1      2
      1      1      2      3      2
      1      1      2      0      3

      2      7      2      5      3
      0      1      1      4      2
      3      5      4      2      1
      2      4      4      4      4
      2      4      7      1      5

      2      1      3      4      4
      4      2      1      4      4
      5      5      4      3      4
      0      5      7      6      7
      5      7      7      8      8

      2      2      3      3      2
      1      3      4      4      4
      5      3      3      1      3
      5      3      5      1      2
      2      5      5      3      5

      2      2      5      4      6
      4      3      4      4      5
      4      6      4      6      5
      6      8      7      5      7
      8      8      8      8      9

      7      8      7      6      7
     10      7      7      9      5
     16     16     15     13     12
     16     20     16     12     16
     19     15     17     16     21

     11     11     10     10     12
     13      9     11     16     11
     19     26     19     16     15
     27     35     27     21     26
     26     25     28     26     31

     11     11     14     13     15
     14     12     15     15     16
     30     34     27     21     23
     36     48     33     25     31
     38     33     35     37     41

     14     13     14     14     15
     17     13     17     18     17
     33     42     31     26     27
     42     58     41     27     36
     44     37     41     42     47

     16     17     15     16     15
     18     11     18     18     17
     37     46     31     28     22
     45     66     46     31     40
     48     40     44     46     49

     19     18     16     15     21
     28     17     19     29     28
     30     57     41     32     32
     37     75     69     23     28
     63     44     59     51     54

     16     16     18     18     19
     18     13     21     23     19
     42     52     33     30     28
     50     77     54     32     40
     56     48     51     53     58

     16     13     14     16     18
     18     13     20     23     14
     42     52     35     30     27
     50     74     51     30     41
     55     44     51     50     57

     14     15     14     15     16
     16     13     19     20     14
     36     46     33     28     24
     45     68     46     30     38
     51     43     43     47     50

     14     16     13     14     16
     16     13     17     20     15
     37     49     33     27     26
     47     73     51     28     40
     50     43     47     46     53

     15     14     14     14     17
     18     12     19     22     15
     39     52     32     29     25
     47     72     51     32     40
     53     46     48     48     55

     15     14     14     13     16
     17     11     18     19     15
     36     46     33     26     26
     46     70     50     29     38
     53     41     47     45     52

     13     12     13     13     16
     15      9     18     16     15
     34     46     31     26     23
     45     71     46     27     37
     48     42     46     44     52

     13     11     14     14     15
     15     12     17     21     17
     38     49     34     27     26
     50     73     50     32     40
     53     44     47     50     55

     14     14     15     13     15
     16      9     19     18     16
     35     47     30     27     26
     46     69     47     27     39
     50     44     46     43     53

     13     12     14     12     13
     13     13     18     18     15
     33     44     29     25     23
     40     64     45     25     35
     47     38     46     42     48

     12     11     12     13     13
     15     12     15     18     14
     33     41     27     23     21
     43     64     42     26     36
     44     36     43     40     49

     14     10     12     13     13
     14     12     16     16     13
     34     38     27     21     22
     39     56     40     25     33
     41     38     40     39     45

     12     10     14     10     13
     14      8     15     16     10
     29     36     25     22     19
     35     50     35     22     33
     38     32     34     36     42

     13     11     11     10     13
     13     10     16     14     11
     27     33     23     20     20
     31     42     33     23     28
     31     29     31     31     38

     11     10     11     10     10
     11      9     11     12     10
     21     26     19     19     16
     22     28     25     17     23
     25     22     25     22     27

      8      8      8      8     11
     10      8     13     11      8
     19     18     17     15     13
     21     23     20     17     18
     19     19     21     19     23

      8      8     10      9      8
     10      7      9     10      8
     15     16     15     14     12
     17     21     15     15     15
     17     15     17     17     19

      8      6      9     10      9
      8      7     10      9      9
     14     15     12     10     11
     13     15     14     13     13
     13     12     14     13     16

      8      7      8      7      8
      6      8      8     10      6
     13     12     12      8      9
     12     16     15     10     12
     13     12     13     12     17

      8      7      8      5      9
      5      7      7      9      7
     16     20     14     13     14
     14     20     17     11     13
     14     12     14     14     14

      7      7      8      5      6
      6      5      6      6      6
     14     13     10      7      9
     12     16     13     11     12
     12     12     13     13     14

      6      5      6      4      5
      6      4      5      6      5
     10     12      9      7      7
     12     13     11     10     10
      9     11     11     13     13

      4      4      6      7      5
      4      4      4      5      5
      8      8      7      7      7
      9      9      9      9      8
      7      8      9     10      9

      2      4      3      2      4
      5      2      3      4      3
      6      7      7      3      3
      5      9      6      4      4
      6      6      5      5      9

      2      3      2      2      2
      1      2      1      3      2
      4      3      3      3      4
      3      5      4      3      3
      2      2      3      5      5

      0      2      0      0      1
      1      0      0      0      0
      3      0      1      2     -1
      1      1      2      1      0
      1      0      0      2      1

      0      0      0      0      0
      0      0      1      0      0
      0      0      1      0      1
     -2      0      1      0      0
      0      0      0      0      0

      0      0      0     -1      0
     -1     -1      0      0      0
     -1      0      1      0     -1
      0     -1      0     -1      0
     -1      0     -2     -1      0

     -1      0      1      0     -2
      0      0      0      0      0
      0      0      0      0      0
     -1      0      0     -1     -1
      0      0      1      1      0

      0      0      0      0      0
     -1     -4     -1      0      0
     -1     -1      1      0      0
     -3      0     -1     -1      0
      0     -1      0     -2      0

      0      0      1     -1     -1
     -2      0      0      0      0
      0      0      0      1      0
     -2      0      0      1      0
      0     -2      0      1      0

      1      0      0     -1      0
      0     -2     -1      0      1
      0      0      0      1      0
     -1      0      0      0     -1
      0      0      0      1      0

      0      0      0      0      0
      0     -1      0      0     -2
      0      0      0      0      1
      0      0      1      0     -1
     -1      0      0      0      1

      1      0      0      0      0
      0     -2     -1      0      1
      0     -1      0      0     -1
     -2      1      2      0     -1
     -1     -1      1     -1      1

      0      0      0      0      3
     -1      1      1      0      0
     -1      0      0     -1      0
      0      0      1      0      0
     -1      2      0      3      1

      1      0      0      0      1
      0      1      0      1      0
      2     -1      1      0      0
      0      1      1      0      0
      0      0      0      0     -1

      0      0      0      0      1
      0      0      0      0     -1
      0      2      0      0      0
      1      0      0      0      0
      0      1      0     -1      0

      2      0      1      0      2
      0      0      1      1      0
      1      0      1      0     -1
      0     -1      1      0      0
     -1      1      0      0      0

      0      2      1      1      0
      0      0      0      0      0
      0      0      1      0      0
      0      0      0      0      0
      0      1     -2      0      0

      0      0      0      0      0
     -1      0      0      0     -1
      0      0      1      0      1
     -1      0      1     -1      0
      0      3      0      0      0

      0      0      1      0      1
      0      2      2      0      0
      0      0      0      0      0
      0      1      0     -1      0
      0      1     -1      0      0

      1      0      0      0      0
      0      0      0      0      0
      0     -1      1      1     -1
     -1      1      1      0      0
      0      2      0      0      0

      1      1      0      0      0
      0      1      1      0     -1
      1      0      0      1      1
      0      0      0      0      0
      0      1      0      0      0

      0      2      1      0      1
      0      1      0      1      1
      0      0      0      0      0
      0      0      1      1      0
      2      1      0      1      0

      2      1      3      4      3
      1      2      2      2      1
      4      2      2      0      1
      1      1      3      5      2
      2      3      2      4      2

      2      2      4      3      4
      3      3      4      4      2
      4      4      4      4      4
      7      5      7      6      7
      6      8      7      7      7

      5      6      6      4      4
      2      4      5      4      4
      5      6      6      4      5
      8      8      8      6      8
     10     11      9      9     10

      3      3      4      3      2
      1      1      3      3      4
      5      4      4      4      4
      6      6      6      7      4
      5      8      6      6      6

      2      1      1      1      1
      1      2      2      2      1
      2      2      1      1      2
      1      2      4      5      2
      3      4      3      2      3

      3      1      2      2      3
      2      3      2      1      2
      2      2      2      1      1
      4      2      5      4      4
      5      5      4      4      4

      4      5      4      3      5
      3      5      4      5      3
      9      9      7      7      6
     12     10     11     11     11
     10     14     12     10     14

      5      7      6      5      7
      6      7      7      7      5
     12     12     12     11     11
     15     17     17     15     17
     17     19     17     17     20

      6      5      5      4      6
      4      5      7      6      4
      9     12      9     10      8
     14     14     13     12     15
     15     16     17     16     16

      4      5      4      4      5
      2      4      4      5      4
      9      8      7      6      5
     11     11     11     11     12
     11     14     12     12     14

      5      5      4      3      6
      1      4      6      4      4
     10     10      8      6      7
     11     12     13     12     12
     14     14     15     14     15

      5      6      6      5      8
      5      7      7      7      5
     12     12     11     10      8
     17     18     16     16     16
     17     21     18     20     20

      7      6      8      6      7
      6      8      8      7      4
     15     14     12     11     10
     18     20     20     18     20
     20     21     20     20     23

      7      7      6      7      7
      7      6      8      9      6
     15     15     14     11     12
     21     23     21     20     21
     23     22     24     23     26

      7      6      7      6      8
      7      7      8      8      5
     16     15     14     13      9
     20     24     22     19     22
     21     24     24     24     24

      6      5      6      8      9
      5      5      9      8      6
     16     16     13     12     10
     20     22     20     19     21
     21     22     22     23     24

      7      5      7      6      9
      7      6      8      7      5
     18     17     13     13     12
     22     23     21     18     23
     23     22     24     23     27

      7      6      6      7      8
      6      6      9      8      6
     15     17     13     12     12
     23     23     21     18     21
     22     22     21     24     26

      7      7      7      8      7
      7      6     10      7      5
     16     16     12     10     11
     19     21     20     18     20
     20     20     22     22     23

      7      5      6      5      6
      7      6      8      7      6
     13     14     12     11     10
     18     21     16     16     18
     17     20     21     19     22

      6      6      8      6      6
      5      5      7      7      6
     12     15     12      9      9
     17     17     15     14     18
     17     19     17     19     21

      7      7      5      4      7
      6      6      8      6      5
     13     13     12     11     10
     18     19     16     16     17
     18     18     19     18     20

      6      4      7      6      6
      7      6      8      7      6
     13     13     11     10     10
     16     16     15     16     16
     18     20     19     19     20

      5      5      6      6      8
      6      3      8      8      5
     12     13     11      9      9
     17     18     16     14     16
     15     17     17     17     19

      7      4      4      5      6
      5      6      7      6      6
     14     16     14     10      9
     17     20     16     15     17
     18     18     19     19     20

      7      4      4      7      8
      6      5      9      6      4
     13     14     12     11     10
     17     19     17     15     18
     19     18     19     19     20

      6      7      6      7      8
      5      6      8      7      5
     14     15     11     10      9
     18     18     16     15     17
     17     18     17     18     19

      5      4      5      8      5
      5      4      8      7      5
     14     14     12      9      9
     16     17     15     12     15
     16     15     15     15     18

      6      5      6      4      7
      5      6      8      9      5
     12     12      9      7      9
     11     14     11     12     13
     13     15     13     14     16

      4      3      5      6      5
      3      5      6      5      4
      9      9     11      8      9
     13     11      9      9      9
     10     11      8      9      9

      3      5      5      4      5
      4      4      6      5      5
      6      8      7      5      5
      6      7      6      6      6
      7      6      7      5      6

      5      5      4      4      5
      2      5      5      4      2
      4      5      5      4      4
      5      4      4      6      4
      4      6      4      4      5

      3      4      3      3      4
      2      4      5      4      2
      4      4      3      5      3
      4      4      5      5      2
      3      5      5      3      4

      4      3      4      2      3
      2      3      4      2      2
      6      4      2      3      3
      2      3      4      2      1
      4      4      3      4      3

      2      3      3      2      5
      2      4      4      2      3
      2      3      2      3      4
      2      2      4      3      1
      5      4      2      3      5

      2      5      3      3      3
      3      5      3      4      2
      3      3      3      2      3
      2      3      4      4      4
      2      3      2      3      3

      3      4      1      3      5
      1      2      4      4      3
      3      3      3      1      2
      3      4      3      3      3
      4      5      4      1      2

      2      4      3      3      2
      1      4      2      3      1
      4      2      4      3      3
      3      2      5      4      3
      1      4      2      1      0

      0      1      0      2      4
      0      3      2      0      0
      3      4      2      2      2
      3      0      2      4      1
      0      2      1      1      3

      2      2      1      1      4
      3      2      2      2      2
      3      1      2      3      1
      1      0      3      3      4
      2      2      2      0      3

      2      2      1      4      3
      0      0      3      1      0
      2      3      3      1      2
      3      0      3      0      2
      3      2      2      1      2

      0      1      1      1      3
     -1      4      0      1      3
      2      0      0      0      2
      0      1      2      2      1
      2      2      2      2      1

      0      2      0      1      1
      0      0      0      1      2
      1      2      2      2      1
     -1      1      2      2      0
      2      3      0      1      2

      3      1      1      0      2
     -1      2      2      1      0
      1      2      0      4      3
      0      0      3      1      2
      2      3      0      2      1

      1      3      2      0      3
      0      1      1      3     -1
      2      1      0      2      2
      2      0      2      2      0
      0      3      2      1      1

      0      2      1      3      3
      0      2      1      0      2
      0      0      0      2      2
      0      1      0      0     -2
      0      2      1      0      0

      3      0      3      0      2
      1      2      2      2      0
      2      2      1      2      3
      1      2      3      4      1
      0      3     -1      2      0

      1      0     -1      3      4
     -1      2      1      0      2
     -2      2      3      1      0
     -3      0      1      1      2
      3     -1      0      2      2

      2      1      0      0      3
      1      0      0      1     -1
      0     -1      1      1      1
     -1      2     -1      1     -3
      2      1      1      0      0

      0      2      0      0      1
      2      1      0      0      0
      2      0      1      0      0
      0      1      1      2      1
      0      1      0      2     -1

      1      1      2      0      0
      1      1      0      0     -2
      2      1      2      0      1
      0      0      1      1     -1
     -1      0      2      0      0

      0     -2      0     -1      0
      0      0      0      4      0
     -1     -2      0     -1     -2
      1      0      2      0      3
      0      1      0      1      0

     -2      0      0     -3      0
      0     -1      2      2      0
      1     -2      0      1      0
      0     -3     -1      0      0
      0      1     -1     -1      0

      0      0      0      0     -1
      0     -1      1      0      0
     -2     -1      0      0     -1
      0      0     -1     -1     -3
     -1      1      0     -1      1

