;
; ENVI ASCII Output of file: E:\Imaging\ROI_AVIRIS\5_4_16.img [Fri Nov 17 12:08:50 2017]
; File Dimensions: 5 samples x 5 lines x 224 bands
; Line Format    : (5i7)
;
    455    455    445    436    436
    459    453    453    455    436
    467    445    448    450    458
    467    463    453    454    466
    451    463    453    454    444

    534    542    544    530    530
    536    542    542    528    530
    534    522    530    538    520
    534    528    532    534    528
    540    528    532    534    524

    561    569    569    561    561
    575    576    576    568    561
    560    569    560    583    573
    560    581    558    568    579
    554    581    558    568    553

    729    742    731    718    718
    725    726    726    712    718
    734    722    712    721    709
    734    714    710    716    707
    717    714    710    716    703

   1068   1061   1054   1053   1053
   1061   1059   1059   1057   1053
   1054   1052   1048   1052   1048
   1054   1054   1051   1046   1042
   1054   1054   1051   1046   1032

   1137   1120   1133   1099   1099
   1127   1108   1108   1108   1099
   1113   1098   1094   1100   1095
   1113   1097   1102   1092   1081
   1102   1097   1102   1092   1090

   1077   1064   1052   1028   1028
   1062   1053   1053   1049   1028
   1051   1044   1029   1035   1026
   1051   1022   1035   1013   1018
   1019   1022   1035   1013   1013

    994    977    988    960    960
    972    969    969    965    960
    966    959    939    945    939
    966    950    945    944    953
    946    950    945    944    936

   1083   1069   1069   1040   1040
   1060   1060   1060   1062   1040
   1052   1041   1028   1034   1022
   1052   1022   1025   1019   1023
   1038   1022   1025   1019   1006

   1106   1099   1095   1061   1061
   1096   1076   1076   1076   1061
   1071   1058   1054   1047   1053
   1071   1041   1039   1040   1035
   1046   1041   1039   1040   1030

   1080   1055   1063   1029   1029
   1061   1047   1047   1052   1029
   1040   1032   1018   1020   1008
   1040   1009   1011   1003   1016
   1020   1009   1011   1003    998

   1016    992    998    970    970
    999    982    982    988    970
    971    963    954    949    948
    971    941    938    939    942
    947    941    938    939    934

    971    942    949    919    919
    941    934    934    937    919
    920    917    905    894    892
    920    892    890    880    886
    900    892    890    880    877

    878    865    865    833    833
    859    843    843    859    833
    856    832    825    818    816
    856    811    809    812    818
    822    811    809    812    798

    809    798    796    775    775
    800    792    792    790    775
    786    779    760    759    759
    786    754    750    752    757
    762    754    750    752    745

    733    725    723    704    704
    736    713    713    717    704
    717    711    701    693    699
    717    692    688    692    690
    694    692    688    692    684

    651    646    651    634    634
    650    649    649    639    634
    649    639    628    629    626
    649    629    625    627    628
    633    629    625    627    619

    623    621    620    604    604
    624    618    618    614    604
    623    610    609    603    600
    623    604    600    601    600
    607    604    600    601    592

    593    595    589    573    573
    598    587    587    587    573
    596    581    589    576    573
    596    579    574    574    571
    580    579    574    574    563

    561    552    556    544    544
    562    552    552    551    544
    562    555    551    547    539
    562    548    542    540    547
    545    548    542    540    532

    516    514    514    507    507
    519    510    510    512    507
    520    518    507    511    503
    520    514    506    499    502
    510    514    506    499    501

    476    476    477    469    469
    475    475    475    473    469
    484    479    478    472    468
    484    473    472    468    472
    473    473    472    468    464

    446    445    445    445    445
    450    445    445    441    445
    457    452    456    450    442
    457    449    447    447    445
    448    449    447    447    441

    399    400    404    400    400
    401    402    402    398    400
    414    408    411    404    405
    414    406    407    405    405
    410    406    407    405    401

    377    376    378    375    375
    380    377    377    373    375
    391    388    387    388    384
    391    386    389    384    384
    389    386    389    384    380

    361    366    364    369    369
    369    366    366    366    369
    381    381    378    382    375
    381    379    382    378    373
    382    379    382    378    376

    340    339    348    340    340
    347    346    346    341    340
    359    358    356    356    355
    359    357    359    354    355
    361    357    359    354    346

    315    317    318    322    322
    319    318    318    320    322
    334    330    332    334    327
    334    335    335    333    325
    332    335    335    333    327

    300    305    310    310    310
    309    309    309    307    310
    323    323    322    320    316
    323    323    319    322    317
    321    323    319    322    320

    281    283    287    289    289
    288    286    286    285    289
    300    304    298    299    295
    300    299    303    301    296
    299    299    303    301    295

    272    267    271    272    272
    272    269    269    271    272
    287    285    288    289    279
    287    287    289    283    283
    289    287    289    283    281

    264    264    267    270    270
    265    267    267    270    270
    287    286    284    285    281
    287    285    282    280    278
    285    285    282    280    282

    260    260    261    270    270
    258    268    268    268    270
    281    278    279    280    275
    281    283    280    272    273
    281    283    280    272    278

    264    263    266    269    269
    265    267    267    269    269
    287    287    284    284    281
    287    285    282    279    278
    284    285    282    279    282

    247    247    250    252    252
    247    253    253    254    252
    269    268    268    265    269
    269    267    270    264    262
    268    267    270    264    264

    218    217    221    227    227
    220    224    224    224    227
    240    238    239    237    240
    240    239    240    234    236
    240    239    240    234    244

    192    193    194    199    199
    193    196    196    197    199
    211    214    214    209    213
    211    212    215    207    211
    214    212    215    207    214

    183    186    188    189    189
    187    190    190    192    189
    208    209    208    209    214
    208    207    209    204    207
    208    207    209    204    207

    166    169    168    174    174
    168    174    174    175    174
    188    194    192    192    194
    188    193    194    191    192
    188    193    194    191    187

    127    131    134    134    134
    132    135    135    133    134
    147    150    150    149    151
    147    147    147    149    150
    149    147    147    149    151

    138    142    140    143    143
    143    144    144    143    143
    157    162    162    164    167
    157    161    163    159    163
    161    161    163    159    161

    154    156    155    157    157
    156    160    160    157    157
    174    180    180    184    188
    174    180    185    179    185
    176    180    185    179    179

    154    155    156    161    161
    159    161    161    158    161
    179    182    181    187    195
    179    181    184    184    187
    177    181    184    184    183

     94     94     92     96     96
     96     99     99     95     96
    109    109    114    116    121
    109    111    116    112    116
    112    111    116    112    114

    120    123    122    127    127
    126    127    127    121    127
    143    148    147    157    165
    143    147    152    151    154
    147    147    152    151    151

    129    131    129    135    135
    131    136    136    130    135
    149    155    156    168    174
    149    158    161    159    165
    157    158    161    159    159

    116    121    115    125    125
    121    123    123    118    125
    137    144    146    155    163
    137    142    148    149    153
    144    142    148    149    148

    109    112    107    115    115
    112    116    116    112    115
    129    136    137    148    156
    129    135    142    139    147
    135    135    142    139    138

    103    103    101    107    107
    104    107    107    100    107
    118    124    127    136    143
    118    121    129    132    133
    122    121    129    132    128

     82     79     80     84     84
     81     82     82     82     84
     93     98    101    110    114
     93     98    104    104    105
    100     98    104    104    102

     82     81     81     85     85
     84     85     85     81     85
     96    102    104    116    119
     96    100    108    110    112
    102    100    108    110    102

     85     87     82     90     90
     88     89     89     86     90
    101    109    111    126    137
    101    109    116    120    121
    109    109    116    120    113

     92     92     92     98     98
     95     99     99     93     98
    108    120    122    137    149
    108    116    126    131    133
    117    116    126    131    122

     86     87     84     93     93
     89     91     91     85     93
    103    111    118    134    145
    103    111    121    125    129
    113    111    121    125    117

     84     86     84     91     91
     87     89     89     84     91
    104    110    116    135    147
    104    110    121    127    130
    110    110    121    127    116

     79     82     77     88     88
     84     83     83     79     88
     98    108    109    130    143
     98    104    114    122    123
    105    104    114    122    112

     78     79     72     84     84
     80     81     81     77     84
     95    102    108    124    138
     95    101    112    118    121
    103    101    112    118    105

     58     59     55     63     63
     64     62     62     60     63
     73     78     80     95    103
     73     77     87     92     88
     79     77     87     92     81

     51     49     47     56     56
     51     50     50     51     56
     62     67     70     81     81
     62     65     72     75     72
     64     65     72     75     68

     48     43     43     51     51
     46     49     49     47     51
     56     63     65     74     75
     56     59     68     68     64
     61     59     68     68     63

     41     38     39     44     44
     43     42     42     40     44
     51     56     58     65     62
     51     55     58     61     55
     53     55     58     61     55

     28     24     26     29     29
     30     31     31     29     29
     38     39     38     30     30
     38     36     34     32     28
     37     36     34     32     35

     18     14     16     18     18
     18     17     17     16     18
     22     22     23     20     18
     22     21     20     20     17
     20     21     20     20     18

     22     19     21     23     23
     22     23     23     22     23
     30     31     35     30     27
     30     28     31     29     25
     28     28     31     29     27

     38     33     34     39     39
     38     38     38     37     39
     50     55     61     62     55
     50     52     60     58     48
     52     52     60     58     53

     43     38     38     47     47
     43     44     44     42     47
     58     65     74     78     68
     58     62     72     70     58
     60     62     72     70     64

     52     45     45     59     59
     53     51     51     50     59
     69     77     87    101     97
     69     74     88     93     78
     74     74     88     93     79

     54     49     49     62     62
     53     56     56     53     62
     72     83     91    112    108
     72     80     95    101     87
     81     80     95    101     84

     54     49     47     62     62
     53     54     54     53     62
     70     81     91    110    107
     70     79     96     99     85
     79     79     96     99     84

     52     46     48     60     60
     54     53     53     51     60
     69     80     91    111    110
     69     80     95    103     85
     79     80     95    103     85

     51     45     47     60     60
     52     53     53     51     60
     70     79     88    111    107
     70     79     95    102     84
     79     79     95    102     83

     48     42     41     58     58
     48     49     49     47     58
     66     78     86    109    106
     66     75     91     99     82
     75     75     91     99     80

     47     42     42     58     58
     49     50     50     47     58
     66     76     86    108    106
     66     76     92     99     81
     75     76     92     99     80

     44     40     39     53     53
     45     46     46     44     53
     62     72     83    104    105
     62     71     87     97     78
     71     71     87     97     76

     44     39     39     52     52
     44     44     44     44     52
     61     72     80    102    100
     61     70     86     93     76
     70     70     86     93     75

     39     34     36     49     49
     41     42     42     40     49
     58     67     77     96     92
     58     66     83     88     69
     64     66     83     88     68

     37     31     33     45     45
     38     39     39     38     45
     53     62     72     88     84
     53     62     77     80     63
     59     62     77     80     63

     34     28     30     41     41
     36     35     35     35     41
     48     58     67     80     76
     48     57     71     73     57
     54     57     71     73     58

     27     23     23     31     31
     27     27     27     27     31
     37     47     53     60     51
     37     44     55     52     39
     43     44     55     52     45

     17     13     15     18     18
     17     17     17     16     18
     23     29     33     31     26
     23     27     31     28     21
     25     27     31     28     24

      6      4      4      6      6
      6      5      5      5      6
      9      7      9      5      6
      9      6      8      6      5
      7      6      8      6      7

      5      2      3      4      4
      5      5      5      5      4
      8      6      5      4      4
      8      6      5      5      5
      5      6      5      5      5

      7      5      5      5      5
      6      7      7      5      5
     10     10     10      6      7
     10      9      8      8      7
      8      9      8      8      7

      7      4      6      6      6
      7      6      6      5      6
      8      9     10      6      6
      8      7      9      7      7
      8      7      9      7      8

     10      7     10     11     11
     11     10     10     11     11
     16     18     18     15     13
     16     16     18     15     12
     15     16     18     15     15

     17     14     15     20     20
     18     19     19     18     20
     27     31     35     34     30
     27     29     36     31     24
     28     29     36     31     28

     19     17     19     23     23
     21     21     21     22     23
     32     38     42     42     36
     32     34     42     39     30
     33     34     42     39     34

     18     15     17     21     21
     20     19     19     20     21
     30     33     39     38     34
     30     33     39     36     26
     30     33     39     36     31

     19     16     18     23     23
     21     22     22     21     23
     30     37     41     40     36
     30     34     41     38     30
     32     34     41     38     34

     17     14     15     19     19
     18     18     18     17     19
     29     33     37     37     33
     29     31     37     35     26
     29     31     37     35     30

     19     15     18     23     23
     20     21     21     21     23
     31     37     42     42     36
     31     35     42     39     30
     33     35     42     39     33

     21     16     18     24     24
     22     22     22     22     24
     32     40     46     50     43
     32     38     46     44     34
     34     38     46     44     38

     23     18     20     28     28
     24     25     25     23     28
     37     45     51     56     51
     37     44     52     51     37
     40     44     52     51     43

     23     16     20     28     28
     24     24     24     24     28
     37     47     53     59     52
     37     44     56     54     39
     42     44     56     54     45

     22     17     20     27     27
     22     24     24     22     27
     37     43     51     57     48
     37     43     54     50     36
     40     43     54     50     41

     18     15     18     24     24
     22     21     21     21     24
     34     42     48     47     40
     34     38     47     42     30
     35     38     47     42     36

     22     17     20     27     27
     22     24     24     22     27
     37     43     51     57     48
     37     43     54     50     36
     40     43     54     50     41

     16     16     14     24     24
     18     17     17     25     24
     27     35     49     53     43
     27     38     49     46     33
     40     38     49     46     31

     18     18     12     29     29
     24     21     21     22     29
     33     42     47     56     44
     33     40     50     48     30
     39     40     50     48     35

     17     16     18     27     27
     20     20     20     23     27
     33     40     50     61     44
     33     42     46     50     33
     40     42     46     50     35

     18     18     15     28     28
     19     15     15     22     28
     28     33     49     60     48
     28     39     45     49     34
     38     39     45     49     37

     16     12     12     21     21
     14     16     16     19     21
     25     30     41     48     37
     25     33     39     40     24
     30     33     39     40     32

     12     12     12     18     18
     15     14     14     17     18
     23     24     31     35     26
     23     27     29     29     19
     26     27     29     29     23

     34     51     30     60     60
     63     51     51     45     60
      3     27     35     37     27
      3     -8     14     26     18
    -15     -8     14     26      1

      3      5      5      6      6
      6      6      6      8      6
      9     12     13     12     12
      9     11     12     11      8
      8     11     12     11     10

      2      3      4      4      4
      3      5      5      4      4
      9      7      7      9      5
      9      9      7      6      6
      4      9      7      6      7

      0      0     -1      0      0
      0      1      1      1      0
      0      1      2      0      1
      0      3      1      1      1
     -2      3      1      1      1

      0     -2     -1      0      0
      0      0      0      1      0
      0      0      0      0      0
      0      1      0      1      0
     -1      1      0      1      3

      0     -1     -1     -2     -2
      1      1      1      1     -2
      3      2      3      2     -1
      3      0      0     -2      2
      0      0      0     -2      0

      0     -1      0      1      1
      2      0      0      2      1
      2      0      0      0      0
      2      2      1      2      1
      0      2      1      2      0

      0      0      2     -2     -2
     -1      2      2     -1     -2
     -2     -1      3     -2      0
     -2      5      0      1      0
      4      5      0      1      1

     -1      0     -2     -1     -1
      2     -2     -2      0     -1
     -3      0      0     -1      1
     -3      3      0      2      3
      0      3      0      2      3

      2     -2      0     -1     -1
     -1      3      3      0     -1
     -1      0      3      3     -1
     -1      0     -1      3      3
      0      0     -1      3      4

      1      0      1      0      0
      2      0      0      1      0
      0      0      2     -1      3
      0      2      0      3      2
      0      2      0      3      3

     -1      0     -1      1      1
      0      0      0      0      1
      0      1      0      0      1
      0      3      1      3      0
      0      3      1      3      2

      2      1      1      0      0
      3     -1     -1      2      0
      1      0      2      1      2
      1      2      1      3      4
      0      2      1      3      6

      3      3      4      4      4
      4      3      3      5      4
      6      3      4      1      6
      6      5      5      5      2
      3      5      5      5      7

      1      1      2      2      2
      4      4      4      3      2
      6      5      5      5      6
      6      5      3      7      5
      6      5      3      7      8

      2      2      0      2      2
      2      1      1      1      2
      4      2      3      3      3
      4      4      4      5      4
      2      4      4      5      6

      4      2      3      5      5
      4      5      5      5      5
      5      6      8      8      5
      5      7      7      8      6
      4      7      7      8      9

      8      7      7     11     11
      8      7      7     11     11
     11     15     13     16     14
     11     13     18     18     12
     13     13     18     18     13

      8     10     11     14     14
     13     12     12     11     14
     19     20     27     29     27
     19     24     24     28     20
     22     24     24     28     21

     13     13     12     19     19
     13     13     13     16     19
     24     27     36     41     32
     24     31     34     37     28
     30     31     34     37     28

     13     15     15     22     22
     17     18     18     17     22
     26     30     39     50     39
     26     35     41     45     32
     32     35     41     45     30

     14     15     18     23     23
     16     16     16     20     23
     28     32     43     54     42
     28     39     44     46     34
     35     39     44     46     34

     17     18     14     19     19
     17     19     19     18     19
     19     28     34     60     69
     19     37     45     63     56
     41     37     45     63     36

     16     19     18     26     26
     19     17     17     22     26
     30     37     47     66     52
     30     43     51     55     41
     39     43     51     55     38

     15     17     16     25     25
     18     17     17     19     25
     28     35     45     62     49
     28     41     50     55     37
     38     41     50     55     37

     14     14     14     22     22
     15     16     16     19     22
     27     32     42     59     45
     27     38     46     49     35
     34     38     46     49     34

     14     13     14     25     25
     15     16     16     18     25
     26     32     44     60     47
     26     37     46     52     36
     37     37     46     52     35

     15     14     15     21     21
     18     15     15     20     21
     30     33     46     63     47
     30     40     49     50     36
     37     40     49     50     35

     14     14     14     23     23
     13     16     16     18     23
     26     31     42     60     47
     26     37     46     48     34
     34     37     46     48     34

     13     14     12     20     20
     13     16     16     17     20
     25     31     43     58     45
     25     36     44     50     32
     34     36     44     50     33

     16     16     15     25     25
     15     16     16     18     25
     28     34     47     62     46
     28     40     47     51     33
     38     40     47     51     37

     13     13     14     22     22
     16     15     15     18     22
     28     35     44     59     46
     28     37     44     50     32
     35     37     44     50     33

     14     13     13     20     20
     14     13     13     19     20
     26     29     42     57     45
     26     34     43     47     33
     32     34     43     47     32

     13     12     13     19     19
     14     14     14     16     19
     25     29     41     54     40
     25     36     41     45     27
     31     36     41     45     30

     14     12     12     18     18
     13     13     13     16     18
     23     29     38     49     39
     23     34     40     44     30
     30     34     40     44     30

     12     11     13     18     18
     13     13     13     15     18
     24     27     37     46     33
     24     32     37     41     28
     27     32     37     41     28

     11     12     13     16     16
     12     12     12     14     16
     21     24     33     39     31
     21     28     31     36     24
     25     28     31     36     27

     13     11     10     16     16
     11     11     11     13     16
     17     22     27     32     23
     17     24     25     27     21
     22     24     25     27     22

     10      9      9     15     15
     12     11     11     12     15
     16     20     24     25     20
     16     21     23     22     18
     20     21     23     22     21

     10      8     11     10     10
      9      9      9      9     10
     16     17     17     18     13
     16     20     18     19     17
     17     20     18     19     15

      9      8      6     11     11
     10      8      8      9     11
     12     16     15     17     15
     12     15     16     15     16
     13     15     16     15     14

      5      7      9     10     10
      9      7      7     10     10
     12     14     17     17     12
     12     14     15     15     12
     13     14     15     15     14

      4      3      7     10     10
      7      5      5      9     10
     14     15     18     16     14
     14     14     12     14     13
     13     14     12     14     14

      7      6      8     10     10
      8      7      7      8     10
     11     12     15     15     11
     11     12     14     14     11
     12     12     14     14     12

      4      4      7      8      8
      4      6      6      6      8
     10     12     13     11     10
     10     11     11     11     10
     10     11     11     11     10

      4      2      4      5      5
      4      4      4      4      5
      8      7     10      8      8
      8     10     11      9      7
      9     10     11      9     10

      3      4      3      4      4
      3      3      3      2      4
      4      6      6      6      7
      4      6      7      6      5
      5      6      7      6      7

      1      2      2      3      3
      1      1      1      2      3
      3      5      6      2      2
      3      4      5      4      4
      4      4      5      4      5

      2      1      0      0      0
      3      0      0      1      0
      2      1      2      0      1
      2      2      1      0      0
      0      2      1      0      0

      0      0      0      0      0
      1      0      0      0      0
      0     -1      0      0      1
      0      2      0      1      0
      1      2      0      1      0

     -1      0      0     -1     -1
      0      0      0      0     -1
      0      1      0      0      0
      0      0      0      1      0
      0      0      0      1      2

     -1      0      0      0      0
      0     -2     -2      1      0
      0      0      1      0      0
      0      0      0      1      0
      0      0      0      1      3

      0     -1      0      0      0
     -1     -1     -1      0      0
      0      0      0     -2     -1
      0      1     -1      1      0
     -2      1     -1      1      0

     -1      0      0      0      0
      0     -1     -1      0      0
      0      1      0     -2      1
      0      0      0      0      0
      0      0      0      0      2

      0      0      0      0      0
      0     -2     -2      0      0
     -1      0      0      0      0
     -1      0     -1      1      0
      0      0     -1      1      2

      0      0     -1     -1     -1
     -1      0      0      0     -1
      2     -2      0      0      1
      2      0      0      1     -1
      0      0      0      1      3

      1      0      1      0      0
     -1     -2     -2     -2      0
      0      0      0      0      1
      0      1      3      1      0
     -1      1      3      1      1

      0      1      0      0      0
      1      0      0      0      0
      0      1      1      0      1
      0      1      0      0      0
      0      1      0      0      0

     -1      0      0      0      0
      0      0      0      0      0
      0      0      0      0      0
      0      0     -1     -3      0
      0      0     -1     -3     -2

      0      0      0      0      0
      1      0      0      0      0
      0      0      0      0      0
      0      0      0     -2     -1
      2      0      0     -2      0

      0      2     -2      0      0
      1      0      0      0      0
      0      0      0     -1      0
      0      0      0     -2      1
      2      0      0     -2      0

     -1      1     -1      0      0
      0      0      0      1      0
      0      1      0     -1      0
      0      0      0      0      0
      0      0      0      0      0

     -1      0      0     -1     -1
      0     -1     -1      0     -1
      0      0      0      0     -1
      0      1      0     -1      0
      0      1      0     -1     -1

      0      1      0      0      0
      0      0      0      2      0
      1      1      0     -2     -1
      1      0      0     -1     -1
      1      0      0     -1      0

      0      0     -1      0      0
      0      0      0      2      0
      0      0      0     -1      1
      0      0      0     -1      0
     -1      0      0     -1      0

      0      2      0      0      0
      0      0      0      1      0
      0      1      0     -1      0
      0      1      0      0      0
      0      1      0      0      1

      0      2      0     -1     -1
      0      0      0      1     -1
      0      0      2      0      0
      0      0      0      0      0
      0      0      0      0      0

      1      3      2      1      1
      2      1      1      1      1
      2      2      3      3      3
      2      2      4      3      4
      3      2      4      3      2

      3      3      3      4      4
      3      2      2      4      4
      7      5      7      4      5
      7      6      4      4      6
      6      6      4      4      3

      5      5      4      4      4
      4      4      4      5      4
      9      8      8      6      7
      9      9      7      5      8
      8      9      7      5      5

      2      5      3      3      3
      3      4      4      3      3
      6      4      6      4      5
      6      6      6      5      6
      6      6      6      5      3

      1      2      2      1      1
      1     -1     -1      1      1
      3      3      1      1      3
      3      2      2      0      2
      2      2      2      0      1

      2      3      3      3      3
      1      2      2      2      3
      2      3      3      3      3
      2      4      3      2      2
      4      4      3      2      2

      4      5      6      6      6
      5      4      4      5      6
      8      9      9      8      8
      8     11     10      8      8
     10     11     10      8      9

      7      8      7      9      9
      7      8      8      9      9
     13     14     15     14     14
     13     17     13     13     12
     14     17     13     13     13

      5      5      4      7      7
      7      7      7      8      7
     11     11     13     11      9
     11     12     12     10     10
     13     12     12     10     11

      3      5      5      5      5
      5      4      4      5      5
      8      9      8      7      8
      8     11      9      9      9
      9     11      9      9      9

      4      4      4      6      6
      6      6      6      6      6
      9     10      9      9      8
      9     11     12      9      9
      9     11     12      9      9

      5      8      7      8      8
      7      7      7      9      8
     12     13     14     14     11
     12     15     12     12     12
     13     15     12     12     11

      7      8      8     10     10
      8      9      9      9     10
     14     15     16     15     13
     14     18     18     16     12
     17     18     18     16     13

      8      9      9     10     10
      7      7      7      9     10
     14     17     17     17     15
     14     18     17     16     14
     15     18     17     16     14

      7      9      8     10     10
      8      9      9      9     10
     15     16     17     17     14
     15     17     19     17     14
     17     17     19     17     12

      7      9      7     10     10
      7      7      7      9     10
     15     16     19     16     15
     15     17     18     15     14
     17     17     18     15     13

      6     10     10     12     12
      7      9      9     10     12
     16     18     18     19     14
     16     18     19     18     15
     18     18     19     18     14

      7      8      8     10     10
      8      9      9     10     10
     15     18     18     17     16
     15     18     20     18     16
     18     18     20     18     14

      7      9      7      8      8
      8      8      8      8      8
     15     16     17     18     14
     15     17     18     17     13
     18     17     18     17     14

      6      9      6     10     10
      8      8      8      8     10
     14     18     17     15     13
     14     15     16     16     13
     17     15     16     16     13

      6      6      7      8      8
      7      6      6      8      8
     11     14     17     13     13
     11     16     15     14     13
     14     16     15     14     11

      6      7      8      9      9
      5      7      7      8      9
     12     14     15     15     14
     12     14     16     13     12
     16     14     16     13     11

      5      7      6      8      8
      7      6      6      7      8
     12     14     15     13     13
     12     14     16     13     10
     14     14     16     13     12

      3      6      7     10     10
      5      6      6      7     10
     11     15     15     15     14
     11     15     17     15     11
     15     15     17     15     11

      5      7      7      7      7
      6      6      6      7      7
     13     15     17     15     13
     13     16     17     16     14
     15     16     17     16     12

      5      5      7      8      8
      7      8      8      7      8
     13     14     15     16     14
     13     14     16     16     12
     14     14     16     16     11

      3      7      5      9      9
      7      8      8      7      9
     12     16     17     16     13
     12     17     15     16     12
     15     17     15     16     12

      4      6      6      8      8
      5      6      6      7      8
     12     14     15     15     11
     12     15     16     14     12
     14     15     16     14     11

      4      6      4      6      6
      7      5      5      7      6
     10     12     13     13     13
     10     12     13     12     11
     12     12     13     12     10

      3      5      5      5      5
      5      4      4      6      5
      7      9     12      9     11
      7     10     12     10     10
     10     10     12     10      9

      4      4      4      5      5
      4      6      6      5      5
      7      9      8      7      7
      7      9      9      8      6
      7      9      9      8      9

      2      4      4      4      4
      4      3      3      3      4
      5      7      7      5      5
      5      7      5      5      4
      6      7      5      5      5

      3      3      4      6      6
      2      2      2      5      6
      5      3      6      4      7
      5      6      7      6      5
      5      6      7      6      5

      2      2      2      1      1
      5      3      3      1      1
      4      7      5      4      4
      4      8      3      4      5
      5      8      3      4      3

      3      2      4      4      4
      2      2      2      3      4
      5      4      5      4      5
      5      5      4      3      6
      6      5      4      3      4

      1      4      2      1      1
      3      2      2      5      1
      5      5      4      1      2
      5      4      5      3      5
      3      4      5      3      4

      1      3      3      4      4
      2      2      2      0      4
      5      5      4      3      5
      5      7      4      3      3
      5      7      4      3      4

      4      3      0      3      3
      4      4      4      3      3
      4      4      3      2      5
      4      4      4      2      4
      5      4      4      2      3

      1      2      0      3      3
      1      0      0      2      3
      3      3      2      0      0
      3      0      3      3      5
      2      0      3      3      3

      1      5      0      2      2
      5      2      2      1      2
      3      4      3      2      3
      3      5      3      3      3
      3      5      3      3      5

      2      2      1      1      1
      1      0      0      0      1
      2      4      4      2      1
      2      4      1      1      1
      3      4      1      1      2

      1      3      3      3      3
      2      0      0      2      3
      4      2      3      1      5
      4      4      3      1      2
      3      4      3      1      3

      1      3      1      1      1
      0      2      2      2      1
      1      3      3      1      0
      1      1      0     -1      0
      3      1      0     -1      1

     -1      2      1      1      1
      2      0      0      0      1
      3      2      3      1      2
      3      1      1      2      2
      4      1      1      2      3

      0      2      1      1      1
      0      3      3      1      1
      2      1      3      0      0
      2      2      4      1      1
      1      2      4      1      2

      0      1      1      0      0
      0      1      1      1      0
      0      0      1      3      0
      0      1      0      0      0
      1      1      0      0      1

      1      4      0      2      2
      0      0      0      2      2
      2      3      2      1      4
      2      3      0      0      0
      3      3      0      0      2

      0      0      1      1      1
      2      1      1      0      1
      0      4      1      0      0
      0      2      0      0     -1
      2      2      0      0      1

     -2      4      2      0      0
      0      0      0      2      0
      0      0      2      0      1
      0      1      0     -1     -2
      4      1      0     -1     -2

     -1      3      2      0      0
      1     -1     -1      1      0
      0      1      0      1      0
      0      2      2      0      0
      0      2      2      0      0

     -1      3      0      1      1
      0      1      1      1      1
      1      0      0      0      3
      1      1      1      0      0
      0      1      1      0      0

     -3      1      2      0      0
      2      1      1      0      0
      1      0      0      0      0
      1     -1      0      0      0
      2     -1      0      0     -1

      0      0      0      0      0
      2     -3     -3      0      0
      0      0      0     -1      1
      0     -1     -2      0      2
      0     -1     -2      0      0

      0      2     -1      2      2
      0      0      0      1      2
      0     -1      0     -3      0
      0      2     -2      0     -1
      0      2     -2      0     -1

