;
; ENVI ASCII Output of file: E:\Imaging\ROI_AVIRIS\5_4_7.img [Fri Nov 17 12:07:42 2017]
; File Dimensions: 5 samples x 5 lines x 224 bands
; Line Format    : (5i7)
;
    465    463    467    477    478
    466    448    446    454    456
    497    478    469    469    458
    466    480    459    474    480
    475    470    472    474    491

    548    550    538    543    545
    548    548    562    544    545
    550    540    556    546    560
    537    580    531    575    561
    568    563    540    548    571

    586    583    581    580    578
    591    579    584    580    578
    583    579    589    592    573
    591    607    596    589    585
    573    597    590    593    607

    709    709    719    719    722
    708    702    719    716    727
    726    738    734    730    735
    728    744    751    758    758
    728    740    741    757    761

   1040   1043   1044   1056   1049
   1037   1049   1056   1066   1051
   1056   1054   1064   1092   1063
   1045   1073   1085   1094   1112
   1053   1060   1082   1106   1115

   1086   1081   1081   1080   1086
   1076   1097   1090   1109   1099
   1101   1097   1107   1127   1129
   1084   1099   1109   1140   1154
   1075   1090   1122   1142   1142

   1018   1005   1008   1014   1017
   1006   1025   1022   1035   1022
   1015   1025   1049   1060   1052
   1010   1019   1036   1072   1100
   1013   1021   1038   1086   1075

    938    923    923    919    922
    935    934    928    954    950
    939    953    952    979    970
    927    948    956    987   1015
    921    936    953    990    986

   1016    990    996    999    993
    994   1009    999   1033   1026
   1004   1019   1033   1063   1040
    995   1016   1027   1065   1097
    984   1006   1014   1073   1063

   1039   1017   1024   1020   1015
   1021   1029   1018   1042   1045
   1039   1023   1051   1070   1067
   1016   1024   1046   1087   1111
   1006   1012   1038   1092   1075

   1000    972    977    982    975
    980    988    988   1013   1005
    997    996   1003   1043   1036
    980    995   1008   1054   1079
    968    978   1000   1056   1035

    938    912    910    908    912
    916    922    922    948    947
    937    926    944    977    971
    913    925    943    988   1016
    900    915    933    986    964

    890    858    857    862    850
    870    876    869    897    875
    875    880    891    926    913
    863    875    886    940    966
    849    865    879    937    914

    811    780    776    777    776
    798    796    787    814    801
    799    794    807    842    826
    783    791    808    847    872
    767    781    800    855    827

    749    720    719    722    718
    733    737    730    754    741
    744    735    751    773    769
    728    740    748    780    799
    708    724    750    777    767

    678    657    653    655    657
    669    667    671    689    671
    680    679    679    698    693
    659    676    682    713    726
    657    660    677    706    696

    607    589    593    592    593
    597    601    597    615    604
    610    600    611    621    614
    596    611    614    633    646
    587    601    615    632    625

    577    563    569    567    567
    572    575    575    586    579
    581    579    584    594    587
    570    586    586    605    611
    565    572    589    603    598

    547    536    543    541    540
    547    548    552    557    553
    552    557    557    565    559
    542    560    558    577    576
    542    542    562    573    571

    521    511    507    512    510
    510    516    519    528    519
    528    521    532    530    524
    518    525    533    542    544
    507    519    528    541    534

    481    469    475    470    476
    472    481    480    486    483
    487    485    487    494    486
    475    486    488    496    503
    476    480    487    500    495

    440    437    439    441    441
    440    446    447    457    449
    453    449    452    457    448
    447    453    460    462    459
    435    445    453    455    454

    421    412    416    418    416
    414    417    424    425    421
    425    427    426    429    422
    419    434    427    432    429
    415    421    428    434    430

    378    376    381    376    379
    380    380    388    387    384
    387    385    387    382    380
    388    393    390    390    381
    378    383    385    388    385

    360    357    359    360    362
    355    363    363    363    364
    361    370    367    366    360
    366    371    370    367    354
    359    366    363    366    363

    345    350    354    354    354
    345    350    357    358    355
    354    358    353    358    349
    355    360    353    352    347
    351    356    354    352    352

    326    329    330    329    335
    328    330    332    330    328
    332    336    329    333    328
    334    340    337    328    320
    330    332    334    324    327

    299    305    307    308    309
    302    307    308    312    308
    309    311    310    308    303
    314    318    310    307    301
    305    309    310    301    304

    291    297    295    300    303
    289    299    300    298    297
    300    301    298    296    293
    304    300    300    295    285
    298    300    296    291    292

    272    271    276    278    280
    270    279    279    276    280
    280    282    281    275    269
    283    283    279    272    264
    276    278    278    273    271

    258    264    264    267    271
    262    261    261    264    265
    267    264    263    258    256
    269    270    266    256    251
    268    268    263    254    255

    253    258    261    265    263
    258    257    261    258    257
    262    259    259    254    253
    259    261    260    250    245
    263    264    257    251    250

    254    254    263    261    258
    258    256    255    256    254
    259    251    259    253    255
    258    259    260    247    244
    264    259    258    250    248

    253    257    261    266    263
    259    257    260    259    257
    262    259    259    254    254
    259    261    260    250    245
    263    263    256    251    250

    235    233    246    248    246
    244    237    239    242    242
    247    241    242    241    237
    241    249    242    235    230
    246    247    241    236    234

    211    215    217    222    221
    216    210    213    215    214
    219    212    216    213    210
    212    224    221    210    204
    220    218    217    211    209

    187    188    195    198    198
    187    184    191    192    190
    192    193    191    188    186
    191    201    196    185    179
    197    200    192    188    186

    176    182    192    191    193
    181    180    186    186    182
    187    182    189    184    180
    186    196    191    184    168
    189    191    188    180    184

    161    168    176    177    174
    166    165    167    172    166
    173    171    172    165    165
    170    179    173    169    156
    175    175    171    165    167

    127    132    141    144    137
    130    127    131    137    130
    132    133    137    130    126
    134    140    137    133    123
    135    138    135    130    133

    131    141    152    154    150
    138    136    141    143    139
    142    144    146    141    137
    142    150    147    141    128
    148    150    147    138    141

    145    157    164    167    164
    149    150    156    160    152
    156    158    161    155    149
    156    168    162    156    142
    161    166    161    152    155

    145    156    163    170    168
    148    150    157    160    154
    158    161    160    155    151
    159    168    160    157    142
    163    166    163    152    158

     89     97    102    105    101
     91     90     96     99     95
     95     98     99     93     90
     98    105    100     97     85
    101    104    102     93     95

    111    125    135    137    135
    116    116    128    130    122
    124    125    131    123    118
    124    134    132    127    110
    131    133    131    125    126

    118    131    143    145    143
    125    121    134    136    130
    133    133    137    132    125
    133    142    138    134    118
    135    142    141    132    133

    109    123    131    134    132
    113    110    124    125    120
    119    125    125    119    115
    121    132    126    124    108
    128    134    130    121    123

    102    113    126    129    126
    105    103    116    120    111
    112    116    119    113    107
    114    123    120    116    101
    119    125    125    113    115

     91    105    113    119    117
     97     97    108    109    104
    104    107    108    101     98
    105    114    112    106     92
    110    115    114    103    107

     75     83     93     97     95
     80     79     87     86     84
     81     89     87     81     76
     85     92     89     86     73
     90     94     92     81     86

     75     86     96     99     97
     79     79     89     89     85
     83     89     93     85     79
     86     92     94     87     75
     95     96     97     85     86

     77     90    101    106    104
     81     80     98     94     90
     89     94     98     88     85
     93    101    101     95     79
     99    104    104     90     92

     83     99    107    116    112
     89     87    104    100     96
     93    102    103     94     91
    102    111    107    104     81
    108    114    115     99    101

     77     94    104    111    109
     82     82    100     95     90
     87     96    101     92     84
     93    103    105    100     76
    104    108    112     95     95

     78     95    105    111    107
     81     82    101     94     89
     89     95     99     89     83
     94    105    104    101     76
    103    108    113     94     94

     72     87     98    106    105
     78     75     96     91     84
     80     93     96     85     77
     90     99     99     94     71
    100    105    108     92     89

     67     87     95    104    100
     73     74     93     86     81
     77     88     93     82     75
     88     94     96     91     67
     98    101    105     89     86

     55     67     72     80     79
     60     59     72     67     63
     63     69     70     61     58
     67     74     73     69     53
     77     81     83     66     66

     46     58     62     66     67
     50     51     59     57     54
     52     58     59     52     48
     58     63     62     55     44
     65     69     69     54     54

     46     53     58     63     60
     46     47     55     50     52
     48     56     52     45     43
     51     58     57     50     40
     63     62     62     49     47

     40     47     52     56     55
     45     43     47     45     45
     45     48     48     42     40
     47     53     50     43     36
     55     56     55     42     45

     33     32     34     38     33
     34     33     25     30     36
     31     30     26     26     26
     30     31     25     25     24
     36     31     25     25     23

     18     20     19     21     20
     18     17     16     18     19
     18     18     17     18     17
     18     19     15     16     15
     19     19     16     15     16

     24     24     29     31     30
     26     24     23     24     26
     24     25     22     21     21
     25     26     23     21     19
     31     29     23     19     20

     40     46     51     56     57
     41     41     45     41     42
     42     47     40     36     34
     47     51     44     36     30
     58     58     48     33     35

     45     54     60     66     67
     48     50     54     48     49
     50     57     49     43     41
     57     61     57     44     36
     71     71     61     45     43

     49     65     70     83     84
     54     58     69     57     56
     56     69     63     49     46
     71     78     76     58     39
     89     89     85     57     53

     53     68     79     90     93
     56     62     77     63     61
     60     75     71     55     51
     81     84     85     67     42
     97     99     98     65     58

     53     66     77     88     91
     56     61     74     62     59
     58     74     67     52     49
     82     85     83     63     41
     97     99     96     61     57

     51     68     79     90     92
     56     60     76     63     59
     60     76     69     52     47
     84     86     87     66     41
     98    101    101     65     56

     49     67     77     89     92
     56     62     76     61     57
     60     75     68     52     49
     82     85     86     64     41
    102    102     98     62     55

     47     63     73     86     89
     51     57     72     58     55
     56     73     67     49     42
     82     84     81     63     36
     99     99     98     61     52

     46     65     73     85     91
     51     57     73     57     54
     56     72     65     48     43
     83     84     85     63     36
    100     98     98     60     52

     43     60     70     82     87
     49     54     70     54     51
     52     70     63     46     41
     82     80     81     62     34
     98     95     97     60     50

     44     61     69     83     85
     48     55     69     53     50
     52     68     61     44     42
     82     81     81     60     34
     96     94     95     59     49

     40     57     66     78     83
     45     50     62     51     46
     49     63     57     41     38
     78     76     76     54     30
     92     93     87     53     45

     38     53     61     73     78
     42     48     58     47     43
     46     59     52     38     35
     73     71     70     49     27
     87     86     80     48     40

     36     49     56     68     72
     39     45     53     43     41
     44     54     47     35     32
     67     66     64     44     24
     81     79     73     42     35

     29     37     44     53     56
     33     34     39     32     33
     34     41     33     26     25
     51     51     46     33     20
     62     61     54     29     25

     20     22     28     31     34
     21     20     21     21     20
     19     23     17     17     15
     29     28     22     16     12
     37     34     26     15     13

      7      6      8     10      7
      8      6      6      7      8
      7      5      5      8      6
      6      6      5      4      5
      5      6      5      4      5

      6      6      5      5      6
      6      5      5      6      6
      4      4      5      6      5
      5      5      3      4      4
      5      5      3      4      4

      7      9     10     12     10
      9      7      6      8      9
      6      7      7      9      7
      7      7      5      5      5
      9      7      6      5      5

      7      7     10     10     10
      9      7      5      8      9
      8      7      6      9      7
      7      7      6      5      5
      8      7      6      6      5

     13     14     17     20     22
     15     12     12     13     14
     11     13     11     11     10
     15     15     12     10      8
     19     16     12      9      9

     20     25     31     37     39
     24     23     24     20     23
     22     26     20     18     18
     32     32     26     18     12
     40     37     29     17     16

     24     29     34     42     44
     26     26     28     26     26
     28     31     24     21     19
     37     39     31     23     14
     48     42     35     21     18

     22     26     31     39     39
     23     24     26     23     24
     25     29     22     18     17
     32     34     28     20     14
     43     39     31     17     17

     24     29     33     40     42
     25     24     26     25     24
     26     28     24     21     18
     33     36     28     22     15
     43     40     32     20     18

     21     24     31     37     39
     23     22     24     22     23
     23     26     20     17     17
     30     32     26     19     13
     39     37     29     17     15

     22     28     35     42     42
     25     25     28     26     26
     25     29     23     21     19
     35     36     28     22     15
     45     43     33     20     18

     24     32     38     46     48
     26     28     31     27     28
     28     35     26     20     20
     41     42     35     25     16
     52     50     42     22     20

     28     35     43     54     58
     30     32     37     30     28
     32     40     31     24     22
     53     51     43     28     17
     64     60     51     27     21

     28     36     43     55     62
     32     32     37     30     30
     33     41     31     24     22
     59     56     45     29     15
     70     64     54     27     22

     27     35     42     53     60
     31     31     36     30     30
     33     39     29     21     20
     59     55     43     27     16
     68     65     52     25     20

     26     32     41     52     55
     30     30     30     28     28
     30     35     25     20     19
     51     47     35     24     15
     63     55     41     20     17

     27     35     42     53     61
     31     31     36     30     30
     33     39     29     21     20
     59     55     43     27     16
     68     64     52     25     20

     25     37     41     46     58
     25     33     35     24     28
     22     39     30     20     23
     54     45     45     24     17
     63     54     52     24     20

     23     33     36     46     51
     25     31     35     28     29
     25     34     30     22     20
     59     45     46     25     18
     63     63     53     24     23

     24     37     39     46     58
     23     31     36     25     29
     27     37     29     19     19
     66     48     44     26     13
     68     66     59     26     22

     19     32     34     45     51
     22     35     34     25     24
     25     37     31     22     15
     62     52     49     30     16
     66     69     63     31     22

     18     28     31     41     47
     18     25     31     24     21
     25     31     25     15     16
     51     40     34     21     13
     53     54     51     23     17

     15     23     23     32     38
     18     20     24     20     18
     16     22     16     13     14
     41     32     29     15     11
     41     43     35     17     13

      1     27     32     33     32
     28     52     28     28     23
     23     23     24      4      5
     74     61     60     77     61
     71     60     81     68     63

      8     10     11     15     16
      8      8      9      9     10
      9     10      8      7      5
     15     12     12      8      6
     16     18     15      5      8

      3      6      6     11      9
      5      5      6      3      6
      4      6      3      4      4
      8      6      6      5      3
      9     10      8      4      4

      0      0      0      3      2
      0      1      0      1      0
      0      1     -1      0      0
      0      2      0      2      0
      0      3      3      0      0

      1     -2      0      0      0
      1      0      1      2      1
      0      0     -1      0      0
      0      1      0      0     -1
      1      0      1     -2      0

      2     -1      0     -2      0
     -1      0      0      1      0
     -1     -2     -2      2      1
      0      0      0     -1      2
     -1      0      2     -2      1

     -1      0      0      1      0
     -1      0      0      1      0
      0      0      0     -1      0
      0     -1      0      0      0
      0      1      2      0      0

      1      2      7      8     10
      4      3      0      5      1
      5      6      0      1      4
     -1      0     -1      0     -1
      0      2      0      0      0

      1     -1     -1      0      0
     -1     -3     -3      3      3
      1      1      0      0      0
     -3      1      2      2      3
      0      0      1     -2      0

      1     -4      0     -1      3
      0      1      0     -1      0
     -1      2     -3      0      0
      0      1      0      2      4
     -2      0     -1      0      0

      0      0      2      1     -2
      1      0      0      1      1
      1      1      1      0      0
      1      1      2      0      2
      1      2      1     -2      0

      0      0      1      2      2
      1      2     -1      3      0
      2      2      2      0      2
      1      4      0      2      1
      2      2      1     -2      0

      1      1      2      2      1
      0      2      1      1      1
      1      2      3      1      3
      2      2      0      1     -1
      2      4      2      0      0

      3      3      4      5      6
      1      3      0      6      3
      5      5      2      2      4
      3      5      3      3      2
      4      5      2      0      4

      4      4      4      6      6
      2      2      4      4      6
      9      3      3      4      4
      6      6      5      2      6
      8      6      4      2      5

      3      2      5      5      7
      3      3      1      3      3
      3      4      4      4      3
      6      7      5      3      6
      4      6      3     -1      3

      3      7      6      5     10
      5      5      9      4      7
      6      5      4      4      5
      8     10      8      6      3
      8     10      9      2      3

      9     13     14     19     19
     12     13     12     12     13
     10     14     14      8      9
     19     15     16     12      7
     21     20     17      8     10

     13     20     22     27     32
     13     21     21     16     18
     17     21     19     11     11
     33     29     25     17     11
     34     35     33     15     14

     17     25     29     35     41
     21     28     28     21     21
     22     32     25     16     15
     46     36     35     20     12
     49     49     44     22     18

     18     29     34     41     48
     21     30     37     27     22
     23     34     30     17     15
     57     44     47     26     13
     58     60     56     27     20

     23     33     38     44     52
     22     31     38     26     25
     26     36     32     17     17
     65     49     52     28     16
     62     61     60     29     23

     10     33     38     39     49
     15     25     55     33     24
     22     37     53     25     17
     84     56     70     54     19
     69     74     88     56     35

     23     33     39     47     57
     24     32     43     27     26
     29     43     40     21     16
     79     57     59     32     14
     76     78     74     36     27

     22     36     39     46     60
     25     31     42     28     26
     29     41     38     21     17
     79     56     58     32     14
     75     76     75     37     26

     21     30     35     44     52
     22     31     39     26     23
     25     36     34     17     13
     74     52     55     28     13
     67     71     69     30     21

     20     33     38     45     54
     23     33     42     23     25
     25     38     33     18     15
     78     55     56     31     14
     71     71     70     31     23

     19     31     37     46     56
     24     32     41     27     26
     28     41     35     17     16
     79     58     58     29     14
     73     74     72     31     21

     21     31     37     44     54
     22     31     41     24     26
     27     38     34     18     12
     76     52     54     30     12
     72     72     70     29     20

     19     30     35     43     54
     22     28     37     23     21
     25     38     31     16     15
     75     52     56     27     12
     71     71     68     30     22

     21     33     36     46     58
     24     30     37     26     25
     28     38     33     18     18
     77     54     54     27     13
     74     73     69     28     20

     22     31     36     43     52
     21     31     36     24     25
     26     36     32     16     14
     71     50     52     24     12
     69     70     68     27     20

     18     28     33     42     48
     20     28     36     23     23
     23     35     31     16     12
     67     47     52     26     11
     64     66     64     27     19

     18     31     32     39     48
     20     26     35     23     24
     22     32     29     15     13
     59     44     45     23     12
     60     62     56     26     19

     20     28     32     36     45
     19     25     31     23     21
     22     31     27     14     12
     53     39     44     23     10
     53     56     50     22     18

     16     24     28     34     40
     18     23     27     19     20
     22     29     25     13     10
     41     34     34     20     12
     45     47     43     21     16

     16     22     25     31     31
     17     22     25     19     19
     21     25     21     13     12
     31     31     29     16     10
     37     40     36     16     17

     14     17     20     24     23
     15     18     18     15     17
     15     19     16     12     10
     20     21     19     12     10
     25     27     24     12     12

     13     15     18     19     20
     13     15     15     14     16
     15     16     14      8     10
     19     18     16     11      9
     18     19     16     11     14

     10     12     14     15     15
     12     11     14     13     13
     11     13     12     10      9
     14     14     15     11      7
     15     15     14      9     10

      8     11     12     12     12
     10     11     13     11     10
      9     12     10     10      7
     12     13     11     10      7
     13     15     11      7      8

      7     11     11     11     12
      7     10     10      9     11
     10     11      8      8      7
     12     12     10      8      8
     11     12     11      6      8

      8     10     12     12     13
      7      9     11      9     10
      7     10     11      7      7
     10     13     14      8      7
     12     14     13      7      9

      8      9     11     12     11
      9      8      9      8     11
      9     10      9      8      8
     11     10     12      6      6
     11     14     11      6      6

      6      7     10      9     10
      8      8     10      8      7
      5      9      7      5      3
     10     10     10      6      6
     10     10     10      5      7

      5      6      8      9      8
      5      6      8      6      8
      5      6      6      4      3
      7      8      5      6      4
      7     11      8      4      5

      3      4      6      5      6
      5      7      6      5      6
      4      7      4      4      4
      5      6      4      3      4
      6      8      6      4      3

      2      2      3      5      2
      0      1      2      2      3
      3      4      2      2      1
      4      3      3      2      4
      3      6      5      2      2

      1      1      1      2      0
      1      0      0      2      3
      1      1      1      0      1
      1      1      0      2      2
      0      2      1      0      3

     -1      0     -2      0      0
      0      0      0      1      1
      0      0      0     -1      0
      0      1      0      0      1
      1      0      1      0      0

      0      0      0      0     -2
      0      0      0      2      1
      2      0      0     -1      0
      0      1      1      0      1
      0      0      0      0      0

      0     -2      0      0      0
      0      0      0      0      0
      0      0      0      0     -1
      1      3      0      0      0
      0      1      0     -3      2

     -1     -2      0     -1      0
     -2      0      0      0      0
      0      0     -2      0      0
      0      1      0      0      0
      0      0      0      0      0

     -1      0     -2     -1     -1
      0     -1      1      0     -1
     -1      0      1      0      1
      0      2     -1      0      0
      0      1      0     -3      0

      0      0      1     -2      0
     -1      0      0      0      1
     -1      1      0     -1      0
     -1      0      0      0     -1
      0      0      0     -1     -1

      0      0     -1      0      0
      0     -3      1      0      0
      0      1     -1      0      0
     -1      0      0      0      1
     -2      2     -1     -3      1

      0     -1      0     -1      0
      0     -2      0      0     -1
     -1      0     -1      0     -1
      0      0      0      0      0
     -1      1      1     -1      0

      0      0      0      1      1
      0      0      0     -1      3
      0      0     -1      1      0
      2      1      0      0      0
      1      0      1      0     -2

      1      1      0      0      1
      0      0      0      0      3
      0     -1      0      0      0
      0      0     -1      1      1
      1      1      1      0      0

      0      1      0      0      0
      0     -1      0      0      2
      0     -1      0      0      0
      0      0     -1      1     -1
     -1     -1      0      0      0

      0      0      0      0      0
      0      0      1      0      1
      0      0     -1      0      0
      2      1      0      1      0
      0      0      1      0      0

      0      1      0      0      0
      0      0      1      1      1
      0      0      0      1      0
      0      0      0      2      0
      0      0      0      1     -1

      1      1      0      0      0
      0      0      1     -1      1
      0      0      0      1      0
      1      1      0      1      0
      0      0      0     -3      0

      1      1      0      0      1
      0      0      0      0      1
      1      0     -1      0      0
      0      0      0      1      0
      0      0      0     -1     -1

      0      0      0      0      0
      0      0      0      0      1
      0      0      0      0      0
      0      1      0      1      0
      1      1      0     -1      0

      1      0      0     -1      0
      0      0      1      0      1
      1      0     -1      0      0
      0      0      0      1      0
      0      0      0      0      0

      1      0      0      1      0
      0      0      1      1      1
      1      0      0      1      0
      1      0      0      1      0
      1      0      0      0      0

      2      2      2      4      3
      2      0      3      3      2
      2      1      2      3      1
      4      3      2      2      2
      1      2      1      1      1

      6      7      6      4      4
      5      4      6      4      5
      5      5      3      4      4
      5      6      4      4      3
      4      6      4      2      1

      7      7      7      7      7
      9      6      6      6      8
      5      5      5      4      4
      7      7      6      7      5
      8      5      5      5      3

      4      4      5      7      5
      3      4      4      4      4
      4      3      3      5      4
      4      4      5      2      3
      4      4      5      3      2

      2      2      2      4      2
      1      1      0      1      2
      3      1      1      2      3
      2      2      1      2      1
      3      2      2      1      1

      3      5      3      4      3
      2      2      4      3      3
      2      2      3      2      3
      2      3      1      2      2
      3      3      3      1      2

      8      9     10     10     10
      9      8      8      9      7
      7      6      6      6      6
      9      8      7      7      6
     11      8      7      4      3

     11     14     15     15     16
     13     12     14     11     11
     10      9     10      9      8
     13     12     10      9      7
     14     12     10      7      5

     12     12     14     13     13
     10      9     12      9     12
      9      8      8      9      7
     12     10      9      8      5
     13     12      8      7      4

      7      8     11     10     12
      8      7      8      7      8
      7      6      7      6      5
      9      8      7      6      5
     11      7      7      6      4

      9      9     11     12     13
     10      8      9      8      9
      8      8      6      6      6
     11      9      9      7      5
     11      9      9      5      5

     13     13     15     17     17
     12     12     14     12     12
     10     12     10      8      8
     14     13     12      9      6
     17     15     12      7      7

     14     17     18     18     21
     15     13     14     12     12
     12     13     12     10     10
     16     13     12     11      7
     18     16     12      8      6

     16     19     19     21     21
     16     14     17     12     15
     11     15     13     10      9
     18     15     14     11      8
     19     16     14      9      6

     15     17     19     20     22
     15     13     15     14     14
     12     13     12     11      9
     17     16     13     11      7
     21     16     15      9      7

     14     18     19     20     21
     15     12     15     13     15
     12     14     11      9      9
     19     15     13      9      7
     20     18     15      8      7

     16     18     21     21     24
     16     14     16     14     15
     12     13     11     10      9
     19     14     14     10      7
     20     18     16      9      8

     15     19     19     20     20
     16     14     17     14     16
     14     14     11     11      9
     17     16     14     10      8
     21     19     16      9      7

     13     16     16     18     18
     14     12     15     12     14
     13     10     12     10      8
     16     14     14     10      7
     17     16     13      7      7

     11     16     17     17     17
     12     13     13     12     13
     11     11     10      9      8
     15     13     12      9      7
     15     15     13      8      7

     12     13     16     15     16
     12     13     12     11     11
      8     11      9      8      8
     13     11     11      8      7
     16     14     13      9      8

     10     15     13     17     17
     12     11     13     12     12
     10     10     10     10      7
     14     14     11      7      5
     17     14     10      8      5

     11     14     14     16     16
     11     11     12     11     12
      9     10     11      8      6
     14     12     10     10      7
     15     14     11      6      7

     10     13     14     15     17
     10     11     12     11     11
     10     12     10      6      5
     14     11     11      7      4
     15     13     12      9      5

     13     12     16     17     17
     11     12     12     11     11
      9     11     11      8      6
     14     13     11      6      3
     17     16     12      7      5

     10     16     17     16     18
     12     12     13     12     12
     10     11     11     10      6
     15     13     12      9      4
     17     16     14      7      7

     10     14     13     16     17
     11     11     13     11     12
     10     10     10      8      7
     14     14     13     10      5
     17     15     14      8      7

      9     12     12     14     15
     10     11     11      9     10
      9      9      8      7      5
     13     11     13     10      4
     14     14     12      7      7

      8     10     10     12     12
      9      8     10      8      9
      6      8      9      8      5
     10     12      9      8      5
     11     11     10      6      4

      8      7      7      9      9
      7      6      8      6      8
      5      7      6      5      5
      9      8      7      7      4
     10     10      9      5      3

      5      6      5      6      6
      4      4      5      5      6
      5      6      5      4      2
      6      8      6      8      4
      7      7      6      3      5

      4      6      6      5      5
      4      5      7      5      6
      6      5      4      5      3
      5      6      7      8      5
      5      7      4      3      4

      5      4      3      3      4
      3      3      5      5      6
      3      5      3      5      4
      7      6      5      6      2
      6      5      3      3      2

      4      3      3      3      4
      0      2      3      5      4
      3      2      3      4      4
      5      5      3      4      5
      4      4      5      4      2

      4      2      3      4      3
      3      4      3      2      5
      4      4      4      4      3
      5      6      3      7      2
      5      6      3      0      3

      4      4      3      3      3
      3      2      3      4      7
      3      0      5      4      2
      4      5      5      5      2
      4      4      3      2      1

      3      3      4      1      4
      3      4      3      1      3
      3      2      1      4      2
      4      6      3      5      3
      3      4      2      4      2

      5      2      1      3      1
      3      1      2      3      3
      4      1      0      4      2
      5      4      3      5      3
      5      2      2      2      1

      2      4      3      1      2
      1      0      2      5      3
      0      0      2      3      3
      3      3      5      2      1
      3      2      1      3      2

      2      1      3      5      2
      3      2      3      4      2
      1      2      2      2      0
      4      3      5      4      1
      2      1      4      2      2

      4      2      1      0      2
      3      0      3      1      4
      2      1      2      3      1
      3      3      3      4      1
      1      1      2      0      2

      1      2      1      1      3
      1      0      4      0      1
      1      2      4      3      2
      3      4      0      1      1
      5      2      3      2      3

      2      0      1      0      1
      0      1      0      0      3
      1      2      0      3      0
      3      0      1      2      0
      3      2      1      0      0

      1      3      4      0      3
      2      0      3      3      3
      1      3      0      2      1
      1      3      0      2      0
      1      2      2      0      3

      5      3      0      1      3
      1      1      2      0      0
      1      0      1      0      3
      2      2      3      5      0
      0      4      2      0      3

      2      2      1      0      0
      1     -1      0      2      2
      0      0      1      0      0
      2      0      2      4     -1
      3      0      2      0      1

      2      0      2      3      0
      2      1      0      1      3
      2      2      1      0      0
      1      3      0      2      1
      2      3      0      0      1

      2      1      0      3      0
      0      0      0      0      0
      2      0      1      1      2
      0      2      0      0      1
      0      0     -1      0      0

      1      2      0      0      0
      0      0      0      1      1
      0      0      0      0      0
      0      2      0      0      2
      3      0      3     -1     -1

      1      2      0      1      0
      0      0      5     -1      0
      4     -1      0      2      1
      2      2     -2      2      1
      2     -1      0      2      0

      0      1      0      4     -1
      0      0      3      0      1
      0      1      0      0      0
      2      0      0      1      0
      0      2      1      0      2

      0      2      1      0      4
     -1      1      4      0     -2
      0      1      0      3     -2
      2      2     -1      1      0
     -2      0      2     -1      0

     -1      0      0      0     -1
      0      1      0      0      2
      0      2      0      0     -1
      5      0     -3      0     -1
      2     -1      0      0      2

     -1      0      1     -3     -1
      0     -1     -1      0     -1
     -1      2      0      0      1
      1      1     -1      2     -1
      2     -2      1      0     -3

