;
; ENVI ASCII Output of file: E:\Imaging\ROI_AVIRIS\5_4_18.img [Fri Nov 17 12:09:04 2017]
; File Dimensions: 5 samples x 5 lines x 224 bands
; Line Format    : (5i7)
;
    479    492    494    486    488
    478    509    500    482    488
    468    479    479    479    486
    484    500    500    509    499
    491    493    493    493    476

    575    551    582    572    593
    577    566    582    566    584
    557    575    575    597    596
    581    575    575    589    579
    570    582    579    579    566

    590    614    614    619    623
    587    605    605    606    623
    590    608    608    605    610
    605    614    614    626    622
    634    611    595    595    618

    743    713    740    750    784
    739    723    740    758    755
    736    751    751    748    767
    740    756    756    747    774
    784    747    748    748    751

   1075   1033   1044   1070   1109
   1040   1050   1051   1068   1065
   1052   1068   1068   1056   1068
   1085   1077   1077   1068   1069
   1112   1094   1070   1070   1067

   1111   1071   1070   1100   1135
   1080   1081   1076   1093   1091
   1096   1100   1100   1087   1097
   1130   1125   1125   1097   1092
   1177   1140   1108   1108   1099

   1056    992   1007   1039   1077
    999   1006   1001   1024   1026
   1029   1037   1037   1016   1024
   1061   1055   1055   1031   1027
   1102   1071   1039   1039   1031

    961    911    919    952    979
    930    927    916    937    944
    939    957    957    927    935
    983    975    975    949    945
   1019    989    958    958    947

   1046    987    990   1022   1061
   1007   1004    995   1008   1014
   1012   1029   1029   1006   1005
   1066   1050   1050   1023   1011
   1104   1069   1040   1040   1017

   1068   1005   1004   1030   1081
   1025   1010   1004   1017   1030
   1032   1044   1044   1016   1022
   1088   1075   1075   1027   1019
   1127   1098   1047   1047   1032

   1026    961    961   1000   1055
    984    975    964    981   1002
   1002   1014   1014    985    991
   1049   1036   1036   1001    986
   1091   1059   1025   1025    997

    970    907    897    921    983
    921    910    904    920    925
    938    944    944    923    916
    990    972    972    936    927
   1025    997    955    955    936

    915    846    852    878    931
    863    860    855    871    873
    888    896    896    862    862
    925    922    922    877    872
    964    938    894    894    886

    825    771    773    796    842
    787    776    765    789    798
    798    803    803    782    789
    828    825    825    793    792
    863    843    813    813    796

    752    713    712    739    776
    719    712    713    725    732
    732    736    736    717    724
    759    753    753    732    726
    783    774    743    743    730

    672    655    653    664    693
    651    650    643    661    662
    661    663    663    648    657
    682    672    672    660    647
    698    687    669    669    654

    601    591    587    593    617
    588    581    575    592    596
    584    591    591    579    587
    602    595    595    590    585
    619    601    603    603    587

    578    566    562    568    589
    561    558    552    569    572
    559    565    565    554    559
    572    567    567    561    559
    586    572    572    572    562

    553    540    536    541    562
    532    534    528    546    547
    533    539    539    528    531
    541    539    539    531    531
    552    542    540    540    537

    517    515    510    514    530
    508    500    502    518    512
    503    505    505    496    505
    509    500    500    500    499
    517    514    511    511    506

    481    482    475    479    489
    468    467    466    479    473
    463    467    467    464    465
    466    467    467    455    459
    475    474    469    469    460

    451    454    443    445    451
    437    436    434    442    445
    429    434    434    429    431
    428    428    428    428    426
    435    434    434    434    431

    422    430    425    419    423
    411    412    412    421    419
    402    406    406    401    404
    404    401    401    402    402
    409    409    408    408    401

    387    390    384    378    377
    382    371    371    379    377
    368    367    367    363    365
    362    361    361    360    360
    367    366    365    365    358

    370    378    367    357    351
    359    359    354    353    356
    346    340    340    346    344
    339    342    342    336    337
    341    340    338    338    335

    360    376    365    355    347
    354    353    344    355    353
    333    339    339    333    337
    328    332    332    330    330
    328    332    331    331    328

    341    360    344    329    324
    333    333    328    332    332
    317    319    319    316    319
    304    307    307    309    306
    305    312    313    313    308

    324    339    323    304    296
    311    308    308    312    305
    293    293    293    292    295
    286    288    288    284    287
    282    284    290    290    284

    315    332    318    298    285
    308    299    296    300    304
    283    289    289    282    288
    273    275    275    279    271
    272    274    279    279    273

    294    313    295    277    266
    286    282    281    278    279
    257    262    262    265    267
    251    260    260    257    257
    254    260    258    258    254

    283    304    287    264    255
    278    272    271    272    269
    251    252    252    253    250
    242    243    243    245    241
    239    240    249    249    244

    292    313    285    264    248
    277    269    267    264    267
    246    246    246    247    251
    240    240    240    237    238
    238    241    241    241    238

    286    305    272    258    236
    272    266    264    260    260
    243    248    248    244    245
    235    237    237    238    235
    236    240    238    238    235

    293    314    284    262    249
    277    268    267    262    265
    246    246    246    247    250
    240    240    240    237    237
    239    241    241    241    239

    273    310    275    251    232
    269    255    248    251    253
    230    232    232    229    238
    224    228    228    222    222
    224    228    225    225    223

    246    276    253    228    214
    242    231    229    227    226
    206    204    204    206    215
    201    194    194    199    199
    197    199    198    198    202

    220    256    232    205    194
    218    207    204    206    204
    185    183    183    184    187
    174    176    176    177    175
    175    175    175    175    179

    214    261    236    205    191
    218    205    199    201    200
    180    181    181    179    188
    171    168    168    171    173
    170    169    172    172    174

    200    246    223    193    180
    203    192    184    191    189
    171    167    167    162    173
    155    155    155    154    157
    158    154    156    156    162

    154    198    177    152    138
    162    151    148    152    147
    132    129    129    129    138
    121    122    122    121    125
    119    124    124    124    128

    173    222    199    167    155
    179    167    160    165    163
    145    140    140    141    148
    132    129    129    131    135
    130    127    130    130    138

    188    253    232    192    177
    202    189    178    188    179
    163    156    156    154    164
    141    144    144    143    149
    142    139    144    144    152

    193    263    243    198    179
    210    192    182    195    187
    167    157    157    155    168
    147    146    146    145    152
    144    140    144    144    158

    123    172    152    120    112
    131    119    114    122    117
    102     97     97     94    104
     89     87     87     87     94
     87     87     88     88     97

    160    230    215    170    151
    177    162    151    164    153
    136    127    127    122    141
    115    112    112    115    123
    113    113    112    112    125

    167    253    236    187    163
    190    178    162    179    170
    147    134    134    131    148
    121    119    119    122    128
    118    119    120    120    133

    157    237    222    175    153
    180    164    149    166    157
    137    122    122    121    139
    113    112    112    112    119
    111    109    108    108    125

    148    232    217    170    148
    173    156    141    163    150
    127    118    118    113    134
    106    105    105    105    114
    102    102    105    105    117

    139    219    202    158    132
    160    143    132    152    139
    118    105    105    105    123
     97     94     94     97    105
     95     91     94     94    109

    119    179    166    126    107
    129    115    106    121    113
     94     87     87     84    101
     78     75     75     78     85
     76     76     75     75     86

    118    192    181    136    111
    137    124    112    128    119
     97     88     88     85    105
     80     78     78     80     88
     78     75     77     77     90

    125    214    206    154    124
    153    134    118    146    130
    109     96     96     93    113
     85     84     84     85     93
     82     78     79     79     97

    137    237    225    168    132
    166    148    129    156    141
    118    104    104     99    123
     89     87     87     90    101
     85     84     85     85    104

    131    231    225    167    131
    161    145    126    157    140
    114     97     97     98    119
     86     84     84     86     96
     83     79     82     82    101

    132    236    231    171    128
    164    145    124    156    142
    112     96     96     95    121
     84     81     81     84     95
     80     77     79     79    100

    123    232    228    166    124
    158    142    119    154    136
    108     91     91     88    118
     82     75     75     79     90
     76     73     76     76     94

    123    226    224    163    122
    156    137    114    151    132
    105     87     87     88    114
     76     73     73     76     89
     73     68     71     71     90

    102    175    173    123     88
    119    101     91    115    103
     78     68     68     69     87
     58     56     56     60     67
     58     56     57     57     72

     92    153    143    100     70
     98     84     76     93     84
     65     56     56     61     75
     51     48     48     50     58
     50     48     49     49     61

     88    141    131     90     65
     90     76     72     84     76
     61     51     51     58     66
     46     46     46     48     51
     49     43     46     46     56

     81    128    117     78     56
     78     67     62     73     64
     52     45     45     53     59
     40     42     42     45     45
     42     40     43     43     45

     64     62     41     24     24
     37     32     35     28     27
     28     29     29     36     23
     36     29     29     30     23
     29     30     24     24     27

     45     44     26     15     17
     25     20     20     16     17
     17     18     18     18     16
     20     17     17     19     14
     20     18     15     15     16

     66     70     48     25     22
     40     33     33     27     26
     26     23     23     27     25
     22     23     23     23     20
     22     21     20     20     20

    102    144    117     64     45
     81     65     66     64     56
     49     43     43     52     48
     38     36     36     43     38
     38     35     36     36     39

    116    176    152     87     56
     98     80     79     83     73
     58     50     50     62     63
     43     44     44     47     47
     42     41     41     41     49

    126    221    204    127     76
    128    104     99    116     98
     74     60     60     73     84
     53     51     51     58     61
     50     46     51     51     62

    131    241    230    148     84
    141    116    103    131    110
     82     64     64     76     94
     57     54     54     62     68
     53     50     52     52     69

    134    242    230    145     82
    139    113    104    128    108
     81     63     63     78     92
     55     52     52     60     66
     51     50     51     51     68

    131    246    234    149     84
    140    117    105    133    112
     82     64     64     76     94
     53     52     52     61     68
     51     47     52     52     67

    131    245    234    149     81
    143    116    102    131    111
     81     62     62     78     94
     52     51     51     59     66
     51     48     51     51     66

    128    245    235    147     79
    138    113    101    131    107
     78     59     59     73     92
     49     49     49     54     63
     46     45     48     48     63

    128    245    237    149     80
    138    113    101    129    106
     80     60     60     74     91
     50     48     48     55     62
     47     44     48     48     64

    118    237    232    148     78
    136    111     97    128    105
     77     56     56     70     88
     47     45     45     52     60
     43     41     46     46     60

    122    239    226    140     73
    133    107     96    125    100
     75     56     56     69     85
     46     45     45     53     58
     42     40     44     44     61

    120    228    218    130     67
    126    101     91    113     92
     70     52     52     66     78
     42     42     42     50     54
     39     38     40     40     52

    113    214    203    119     61
    117     93     84    103     84
     64     48     48     61     71
     39     38     38     46     49
     37     36     37     37     48

    105    200    187    108     54
    108     84     77     93     76
     58     43     43     57     63
     36     35     35     43     43
     34     33     35     35     44

     89    156    141     74     37
     81     63     60     65     53
     43     35     35     45     44
     30     27     27     32     32
     28     25     27     27     32

     64     97     77     32     19
     46     36     33     29     25
     23     21     21     25     22
     17     17     17     18     15
     17     15     15     15     17

     17     11      5      3      7
      6      4      5      3      4
      4      5      5      5      3
      6      5      5      4      4
      5      3      5      5      4

      9      7      4      3      4
      5      4      4      3      3
      4      4      4      4      3
      5      4      4      5      3
      4      5      3      3      4

     25     20      9      4      5
     10      6      6      4      5
      6      6      6      7      4
      7      6      6      6      5
      6      5      5      5      6

     22     15      8      5      6
      9      6      7      4      5
      6      6      6      7      5
      6      5      5      6      4
      6      4      5      5      6

     45     55     33     13     11
     25     17     17     12     11
     12     11     11     14     10
     11      8      8     10      8
     12      9      8      8      8

     68    104     83     37     23
     51     39     37     33     29
     26     21     21     30     24
     18     19     19     20     17
     19     18     17     17     18

     79    122     96     45     27
     60     44     45     41     35
     32     27     27     34     31
     22     22     22     25     20
     23     19     19     19     24

     68    109     88     41     26
     55     41     41     39     32
     29     23     23     32     28
     21     20     20     22     19
     22     18     17     17     22

     75    113     89     43     28
     58     42     42     40     35
     29     26     26     34     29
     22     21     21     23     21
     22     19     20     20     23

     66    108     86     38     25
     54     39     40     37     31
     26     23     23     31     27
     19     19     19     22     18
     19     18     17     17     21

     76    118     93     44     29
     62     45     44     42     35
     31     25     25     35     30
     21     21     21     25     21
     23     20     18     18     24

     79    137    113     56     33
     69     51     51     51     41
     35     27     27     38     35
     23     22     22     26     24
     24     21     21     21     26

     90    161    137     69     38
     80     60     56     61     49
     40     31     31     43     42
     27     26     26     29     26
     25     24     22     22     30

     94    169    150     72     38
     83     63     60     62     49
     42     32     32     45     42
     27     25     25     29     27
     25     22     22     22     30

     94    170    147     68     32
     81     60     58     59     46
     39     30     30     44     39
     24     24     24     28     25
     23     21     22     22     27

     95    158    128     52     28
     72     52     50     44     35
     35     26     26     38     30
     22     22     22     24     19
     22     19     18     18     23

     94    170    146     67     32
     81     60     58     58     45
     39     30     30     44     38
     24     24     24     28     25
     23     21     22     22     27

     84    153    145     67     28
     75     61     55     56     42
     41     35     35     35     39
     26     22     22     25     26
     18     19     26     26     19

     80    158    150     74     32
     74     61     58     55     48
     41     36     36     39     41
     15     23     23     27     29
     18     19     25     25     20

     81    161    166     77     28
     74     64     59     65     53
     39     32     32     38     41
     22     24     24     29     29
     21     23     23     23     21

     69    157    170     89     33
     77     65     58     69     55
     39     29     29     38     48
     19     26     26     27     30
     18     18     26     26     26

     64    130    132     67     24
     59     53     48     54     41
     31     27     27     34     36
     18     16     16     24     23
     12     16     20     20     20

     55    101     92     45     20
     43     40     36     35     30
     22     23     23     28     27
     17     13     13     18     19
     11      9     15     15     16

     -2     44     60     34     36
     19     34     28     57     44
     -1     16     16     15     28
     16     16     16      9     30
     17     12     14     14     16

     27     39     34     17     11
     18     18     12     15      9
      9     10     10     11     12
      6      8      8      9     10
      7      6      8      8      6

     14     20     17     10      6
      9      8      9      7      5
      4      6      6      5      3
      4      5      5      5      3
      2      0      6      6      4

      0      1      2      0      2
      0      0      0      0      0
      1      0      0      2      1
      2      0      0      2      1
      0      0      0      0      0

      0     -2      1      1      1
      0     -1      0     -2     -2
      0      1      1      1      0
      2      0      0      1      1
      0     -2     -1     -1      0

      1      2      0      0      1
     -1      2      0     -2      0
     -1      2      2      2     -2
      0      0      0      1      0
      1     -2      2      2      0

      0      0      0      0      1
      0      0      0      0      0
     -1      0      0      0     -1
      0      0      0      1      0
      2     -1      1      1      0

      2      5     10      6      1
      2      2      0      0     -2
     -3      1      1      4     -4
      0      0      0      0      0
      1     -3      3      3      0

     -1     -1      0      3      1
      0      3      2     -2      0
      0      1      1      2     -1
      3      0      0      1      1
      0     -1      0      0      0

      0     -3      0      1      4
      0      1      0      0      1
      0      0      0      1      0
      0      0      0      0      2
      0      0      1      1      0

     -1      0      0      2      3
     -1      1      2      0      0
      2      2      2      4      0
      3      1      1      2     -1
      3     -1      0      0      0

      0      3      0      0      3
      3      2      0      1      1
      1      0      0      1      1
      2      0      0      3      3
     -1      0      2      2      2

      2      1      1      2      4
      0      3     -1      1      4
      4      3      3      2      0
      0      3      3      3      0
      1     -1      1      1      0

      5      6      7      3      3
      3      2      5      4      4
      3      1      1      4      3
      4      3      3      3      3
      0      1      2      2      5

      9     11     10      3      3
      8      6      3      6      6
      7      5      5      7      6
      5      2      2      7      5
      4      2      2      2      2

      4      7      6      4      4
      4      5      4      4      4
      3      2      2      4      4
      6      2      2      3      2
      2      1      3      3      1

      9     12     13      8      5
      9      8      6      7      8
      6      8      8      9      5
      5      5      5      5      4
      5      2      6      6      4

     21     35     30     20     12
     18     19     16     15     14
     13     11     11     14     13
     12      8      8     10     11
      6      8     10     10      7

     38     62     61     37     17
     33     33     28     28     24
     18     17     17     22     22
     12     14     14     17     18
     11     12     13     13     14

     47     87     85     52     22
     45     41     37     43     33
     26     23     23     26     28
     18     18     18     21     22
     16     13     20     20     17

     52    101    110     67     26
     56     50     46     51     46
     27     27     27     31     35
     19     17     17     22     25
     15     15     19     19     21

     55    116    132     74     26
     57     55     49     54     46
     33     30     30     32     39
     20     21     21     23     29
     15     16     20     20     22

     29    116    168    127     49
     73     66     53     92     67
     39     30     30     29     57
     20     18     18     23     33
     15     17     21     21     29

     60    140    160     92     34
     72     63     58     71     57
     37     32     32     39     45
     21     22     22     26     32
     18     20     24     24     25

     59    138    165     95     31
     74     64     59     72     57
     38     30     30     39     44
     20     21     21     26     29
     17     18     23     23     24

     55    128    151     85     30
     65     55     54     64     51
     32     29     29     34     44
     19     19     19     24     30
     17     18     22     22     22

     55    131    160     88     32
     68     60     55     68     54
     35     29     29     36     42
     21     19     19     24     29
     16     18     21     21     23

     61    141    166     92     30
     72     64     58     70     54
     36     30     30     39     45
     19     19     19     25     30
     17     18     21     21     22

     55    135    163     92     27
     68     60     51     69     52
     35     29     29     37     43
     19     19     19     24     28
     16     15     20     20     23

     54    133    159     89     29
     68     58     52     68     50
     32     25     25     35     42
     16     17     17     25     28
     15     17     19     19     22

     60    143    167     89     30
     72     60     59     66     53
     37     31     31     38     45
     18     22     22     25     28
     17     18     21     21     22

     56    136    163     87     29
     68     59     55     68     52
     32     28     28     36     41
     19     20     20     27     26
     17     15     20     20     21

     52    128    153     85     30
     66     55     54     65     53
     33     26     26     36     39
     19     18     18     23     25
     14     14     20     20     20

     54    125    145     78     24
     62     54     51     60     47
     31     28     28     34     39
     15     17     17     22     25
     16     15     18     18     19

     51    113    132     73     26
     60     53     46     56     46
     30     25     25     32     37
     17     19     19     21     26
     15     15     21     21     19

     47    103    111     62     25
     55     45     44     49     41
     29     24     24     29     34
     15     17     17     19     24
     13     15     17     17     17

     46     90     88     52     24
     48     41     40     45     37
     25     22     22     28     30
     14     16     16     20     22
     13     13     17     17     16

     37     65     63     37     21
     36     34     32     34     30
     23     19     19     24     25
     13     16     16     17     19
     12     12     15     15     15

     34     50     43     28     20
     31     28     29     28     24
     20     15     15     19     19
     12     13     13     16     16
     10     12     12     12     13

     29     40     33     22     16
     27     24     22     20     19
     16     13     13     18     18
     10     13     13     14     13
     10      8     13     13     14

     25     36     30     22     17
     24     21     21     17     19
     15     13     13     15     15
      9     13     13     14     14
     10      9     12     12     13

     22     30     24     18     12
     21     20     18     17     17
     12     11     11     17     13
     10     10     10     11     11
     10      7     10     10     10

     21     34     31     23     16
     21     20     18     18     18
     11     11     11     15     15
     11      8      8     11     12
      7      7     11     11     11

     21     30     25     17     12
     20     18     17     15     14
     13     12     12     15     12
      9      9      9     11      8
      7      7      8      8      7

     17     27     23     15     12
     16     15     15     13     13
     10     10     10     11     10
      6      7      7      9      9
      6      6      9      9      8

     17     17     15     12      9
     11     10     11     11      9
      8      7      7      9      8
      4      7      7      7      6
      4      3      7      7      6

     11     13     13     10      7
      9      9      8      7      8
      5      6      6      4      3
      2      6      6      5      5
      5      1      6      6      5

      7      7      5      4      6
      4      3      3      2      3
      4      0      0      6      2
      1      2      2      3      4
      3      2      3      3      3

      2      2      1      2      3
      0      2      2      0      1
      1      1      1      1      1
      1      1      1      2      0
      2      0      0      0      2

      1      1      0      0      1
      0      0     -1     -1      2
      0      0      0      1     -2
      0     -1     -1      0      2
      0     -1      1      1      1

      0      0      0      0      1
      0      1      0     -1     -2
      0     -1     -1      2     -1
      0      0      0      2      0
      0      0      0      0      1

      1      0      0      0      0
      0     -1      1      0      0
      2      0      0      0      0
      0      0      0      1      0
      0     -1      1      1      0

     -1      0      0     -1      0
     -1      0      0     -1     -2
      0      0      0      0     -1
      0      0      0      1      0
      0     -1      0      0     -1

     -1      0      0      0      1
      0      0      0      1      0
     -2      0      0      0      0
      0      2      2      2      0
      0      0      1      1      0

     -1      0      3      0      3
     -1      2      0     -1      0
      0      0      0      1     -1
      1      0      0      0     -2
      0     -2     -1     -1     -2

      1      1      0      0      1
      1      0      0     -1      0
      0     -1     -1      2     -1
     -1      0      0      0      0
      0      0      0      0      0

      0      3      0      0      0
      0      2      1     -3      0
     -1      0      0     -1      0
      0      0      0      0      0
      0     -1      1      1      1

      0      0      0      0      0
     -1      0      0      0      1
      0      1      1     -1      0
      0     -1     -1      0      0
      0      0      0      0      0

      1      0      0      0      1
      0      0      0      0      1
     -1      0      0      0      0
      0     -1     -1      0      0
      0     -1      0      0      0

      0      0      0      1     -1
      0      0      1      0      1
      0      1      1      0     -1
      0      0      0      0      2
      0      0     -1     -1     -1

      0      0      1      0      0
      0      1      0      1      0
      0      1      1      1      0
      0      1      1      0      1
     -1      0      0      0      0

      0      0      0      0      0
      0      0      1      0      0
      0      2      2      0      0
     -1      0      0      0      0
     -1      0      0      0      0

      0      0      0      0      0
     -1      0      1      0      1
      0      0      0      0      0
      0     -1     -1      0      0
      0      0      0      0      1

      0      0      0      0      2
      0      0      0     -1      1
      0      0      0      0      0
     -1     -1     -1      2      0
      0      0      0      0      0

      1      1      1      1      1
      0      0      0      0      0
      0      1      1      0     -1
      0      0      0      0     -1
     -2     -1      0      0      0

      1      0      0      0      0
     -1      0      0     -1      0
      0      0      0      0     -1
      0      0      0      0      1
      0      0      1      1      1

      0      1      2      1      0
      0      1      1     -1      0
      0      2      2      0      0
      0     -1     -1      0      0
      0      0      0      0      0

      1      1      3      1      0
      2      2      2      2      3
      2      1      1      2      2
      2      1      1      1      2
     -1      1      0      0      0

      5      5      6      5      2
      4      3      5      3      3
      4      4      4      4      3
      2      1      1      5      3
      4      3      2      2      3

      8      8      6      5      4
      6      6      5      5      6
      5      5      5      5      5
      3      4      4      3      3
      4      2      4      4      4

      7      6      5      4      2
      4      3      4      3      4
      4      3      3      3      3
      1      3      3      2      4
      3      2      1      1      3

      2      2      3      1      2
      1      2      1      1      1
      0      2      2      2      2
      0      2      2      1      0
      0      0      1      1      0

      6      4      3      4      1
      2      2      3      2      2
      2      3      3      2      2
      1      1      1      1      1
      2      2      1      1      2

     11     12     10      8      6
      9      8      8      6      7
      7      5      5      7      5
      2      5      5      4      5
      5      2      4      4      4

     16     19     16     11      6
     13     12     12     10     10
      9      9      9      8      8
      6      7      7      8      8
      6      7      8      8      6

     16     18     15      9      7
     11     10     10      7     10
      8      7      7      9      7
      5      5      5      6      5
      4      6      6      6      5

     13     15     11     10      4
     10      8      8      5      6
      6      7      7      7      6
      4      3      3      4      5
      4      5      3      3      5

     14     14     14      9      5
     10     10      9      7      9
      8      6      6      7      7
      3      5      5      5      5
      3      4      4      4      5

     21     24     19     12      8
     14     13     13     11     11
      9     10     10     10      9
      6      6      6      8      7
      6      5      6      6      5

     25     28     24     14      9
     18     14     14     14     13
     11     11     11     11     10
      7      9      9      8      7
      5      5      8      8      8

     27     31     25     17      9
     18     16     16     13     13
     12     13     13     12     11
      8      6      6      9      8
      8      7      8      8      7

     27     30     24     17      8
     20     16     15     15     14
     12     12     12     11     10
      8      7      7      9      9
      6      6      9      9      8

     26     32     26     16      9
     19     15     16     15     14
     13     11     11     11     11
      7      8      8     11      8
      7      7      7      7      8

     29     33     26     18      9
     22     18     15     14     13
     13     11     11     11     12
     10      8      8      9      9
      6      7      7      7      8

     28     35     29     17     10
     22     18     16     16     14
     13     12     12     11     10
      9      9      9      8      7
      7      7      8      8      7

     27     33     27     17     12
     20     17     17     15     14
     13     12     12     12     10
      6      7      7      8      8
      8      8      7      7      8

     24     30     24     16     10
     18     16     16     12     15
     12     11     11     13     11
      7      8      8      7      8
      6      7      7      7      8

     23     27     22     16      9
     20     17     16     13     13
     10     10     10     10      9
      6      8      8      8      8
      6      7      7      7      8

     25     30     23     16      8
     19     18     17     13     13
     12     10     10     11     10
      7      8      8      8      8
      7      8      6      6      7

     25     28     25     16      9
     20     18     16     14     12
     11     11     11     12     11
      7      8      8      9      8
      7      6      6      6      5

     24     30     24     17     10
     19     17     16     14     14
     11     10     10     11     11
      7      7      7      9      7
      7      8      7      7      6

     25     32     28     17     10
     19     16     15     17     15
     12     11     11     11     13
      8      7      7      9      8
      7      7      7      7      8

     25     34     26     20     11
     21     18     16     15     15
     14     12     12     14     12
      8      8      8     10      9
      6      6      9      9      8

     24     33     28     19      9
     21     17     16     17     15
     14     13     13     12     12
      8      8      8      7      7
      8      7      7      7      9

     24     31     27     18     10
     17     17     16     15     16
     12     12     12     13     10
      7      7      7      8      9
      6      8      8      8      7

     19     25     23     16     10
     17     14     13     13     15
     10     10     10     11      9
      6      7      7      8      8
      6      7      6      6      7

     16     20     18     15      9
     14     14     13     12     12
      8     10     10      9     10
      6      7      7      7      7
      4      6      6      6      7

     11     16     11     10      8
     10     10     10      9     11
      7      8      8      9      7
      4      6      6      6      4
      5      5      6      6      8

     11     10     11     10      6
      9      8      9      8     11
      9      9      9      7      8
      6      6      6      7      5
      4      5      6      6      6

      7     10      9      8      7
      7      7     10      8     10
      5      5      5      7      5
      3      5      5      5      5
      6      3      3      3      6

      8      7      9      6      6
      5      6      5      7      6
      5      6      6      6      5
      4      4      4      3      5
      3      4      5      5      4

      7      7      8      9      5
      6      6      8      4      7
      6      9      9      6      3
      4      5      5      4      4
      5      4      5      5      3

      4      8      7      6      6
      5      5      5      5      6
      5      3      3      5      4
      2      4      4      4      4
      3      4      3      3      4

      5      9      8      7      4
      6      5      6      4      6
      5      5      5      7      4
      2      2      2      5      4
      3      2      5      5      4

      4      7      7      6      5
      5      4      5      4      5
      3      6      6      5      3
      4      3      3      4      5
      2      3      5      5      4

      3      6      5      6      3
      3      3      4      2      4
      4      2      2      2      1
      1      2      2      1      3
      2      1      1      1      1

      3      5      7      6      3
      3      5      6      4      4
      4      3      3      3      4
      3      2      2      1      3
      3      2      3      3      4

      6      5      5      3      3
      6      5      3      4      6
      4      3      3      2      1
      2      3      3      4      3
      2      2      2      2      4

      1      3      4      2      3
      3      4      5      3      4
      2      3      3      6      0
      3      2      2      4      2
      0      0      3      3      3

      2      1      5      3      4
      4      1      2      2      1
      0      2      2      0      2
     -1      1      1      2      3
      1      2      1      1      3

      5      2      3      4      2
      2      3      1      2      6
      3      1      1      3      2
      2      0      0      2      3
      4      3      0      0      1

      0      1      0      4      2
      2      0      3      1      3
      1      1      1      2      0
     -4      1      1      2      0
      2      2      3      3      1

      0      2      0      1      3
      1      0      2      4      3
      0      0      0      2      0
      0      0      0      1      1
      0      0      1      1      0

      2      0      2      6      2
      1      0      5      3      4
      3      3      3      1      0
      0      0      0      2      3
      0      0      0      0      5

      3      1      0      1      0
      2      2      3      4      3
      2      0      0      1      2
      0      1      1      2      0
      2      3      0      0      1

      0      2      4      3      0
      0      2      0      3      2
      0      1      1      1      0
     -2      0      0      0     -1
      0      2      0      0      1

      1     -1      2      2      1
      2      1      0      0      3
      1      0      0      0      3
     -1      0      0     -2      1
      0      1     -1     -1      0

      0      0     -1      0     -2
      2      0      1      0      0
      2      0      0      2     -2
     -5      0      0      2      0
      0     -1      0      0      2

      0      0      0      0      0
      3     -1      1      1      0
      1      4      4      0     -1
     -3     -1     -1      0      0
     -1     -1      1      1     -1

      0      0      0      1      0
     -3     -1      1     -1      1
      0     -2     -2      0      0
     -1     -1     -1      0     -1
     -1      2      1      1     -1

     -3      0      2      0     -4
      0      0      1     -6      0
      0      1      1      0      1
     -4     -1     -1      0     -1
      1      1     -1     -1      0

