;
; ENVI ASCII Output of file: E:\Imaging\ROI_AVIRIS_TestSet\5_4_7.img [Wed Dec 06 11:46:17 2017]
; File Dimensions: 5 samples x 5 lines x 224 bands
; Line Format    : (5i7)
;
    535    535    540    542    542
    541    544    540    542    533
    533    540    542    542    533
    533    540    553    533    543
    542    544    535    533    543

    615    615    638    637    612
    638    638    639    633    634
    639    639    633    633    634
    639    650    652    628    621
    637    632    625    628    621

    665    665    650    686    657
    676    668    674    678    668
    660    674    678    678    668
    660    657    662    658    669
    657    673    665    658    669

    829    829    818    844    836
    839    833    840    839    835
    832    840    839    839    835
    832    831    835    826    846
    824    832    829    826    846

   1202   1202   1208   1207   1197
   1196   1198   1199   1213   1215
   1193   1199   1213   1213   1215
   1193   1206   1204   1217   1209
   1215   1214   1214   1217   1209

   1249   1249   1258   1265   1259
   1250   1250   1263   1272   1257
   1252   1263   1272   1272   1257
   1252   1248   1255   1246   1271
   1252   1277   1253   1246   1271

   1171   1171   1174   1180   1166
   1171   1174   1173   1178   1189
   1164   1173   1178   1178   1189
   1164   1170   1174   1177   1181
   1171   1172   1177   1177   1181

   1076   1076   1072   1082   1083
   1080   1085   1078   1087   1091
   1073   1078   1087   1087   1091
   1073   1078   1086   1085   1090
   1081   1085   1074   1085   1090

   1163   1163   1172   1173   1174
   1159   1168   1170   1165   1180
   1156   1170   1165   1165   1180
   1156   1168   1160   1168   1168
   1170   1173   1175   1168   1168

   1197   1197   1187   1202   1198
   1186   1180   1181   1204   1193
   1182   1181   1204   1204   1193
   1182   1193   1175   1198   1204
   1194   1199   1195   1198   1204

   1143   1143   1153   1143   1152
   1141   1135   1147   1148   1156
   1136   1147   1148   1148   1156
   1136   1144   1144   1148   1153
   1140   1153   1147   1148   1153

   1079   1079   1078   1078   1075
   1061   1072   1069   1076   1077
   1062   1069   1076   1076   1077
   1062   1067   1065   1072   1077
   1066   1079   1064   1072   1077

   1014   1014   1019   1023   1019
   1006   1010   1010   1012   1017
   1007   1010   1012   1012   1017
   1007   1011   1005   1008   1021
   1010   1015   1014   1008   1021

    926    926    930    927    929
    917    926    924    930    928
    913    924    930    930    928
    913    924    922    928    933
    919    933    926    928    933

    863    863    865    868    866
    857    864    859    869    869
    848    859    869    869    869
    848    860    863    860    872
    860    871    862    860    872

    805    805    803    800    802
    794    793    793    806    800
    788    793    806    806    800
    788    799    799    800    806
    799    803    802    800    806

    730    730    733    734    733
    724    726    721    730    728
    716    721    730    730    728
    716    721    725    725    732
    722    729    729    725    732

    699    699    703    703    701
    691    697    692    702    702
    688    692    702    702    702
    688    689    694    695    702
    694    700    696    695    702

    667    667    673    671    668
    658    667    663    672    675
    659    663    672    672    675
    659    656    663    663    670
    666    671    661    663    670

    639    639    642    639    634
    634    632    632    638    642
    627    632    638    638    642
    627    630    631    630    641
    637    635    637    630    641

    592    592    591    597    590
    587    585    595    591    589
    581    595    591    591    589
    581    582    589    586    597
    586    594    594    586    597

    557    557    552    549    551
    545    549    547    554    554
    541    547    554    554    554
    541    547    552    551    552
    549    552    548    551    552

    524    524    530    525    527
    518    524    523    528    525
    516    523    528    528    525
    516    518    520    524    526
    525    526    519    524    526

    477    477    480    478    483
    473    479    479    480    480
    475    479    480    480    480
    475    479    476    477    480
    476    480    479    477    480

    461    461    466    460    462
    455    456    457    462    458
    455    457    462    462    458
    455    451    458    459    458
    461    461    460    459    458

    450    450    450    450    447
    444    444    446    450    453
    442    446    450    450    453
    442    443    450    447    448
    446    450    445    447    448

    418    418    422    423    420
    423    417    424    421    416
    416    424    421    421    416
    416    415    421    417    422
    421    425    421    417    422

    388    388    393    395    392
    391    389    394    391    394
    384    394    391    391    394
    384    385    389    392    393
    389    395    391    392    393

    379    379    378    377    378
    377    377    377    383    376
    373    377    383    383    376
    373    376    378    378    383
    378    383    379    378    383

    351    351    355    354    354
    354    352    354    352    353
    350    354    352    352    353
    350    348    350    351    356
    350    358    352    351    356

    333    333    334    335    336
    337    335    336    338    337
    328    336    338    338    337
    328    333    332    332    339
    337    340    337    332    339

    332    332    333    334    331
    333    333    330    331    331
    330    330    331    331    331
    330    331    335    328    335
    335    336    329    328    335

    332    332    330    335    329
    330    332    334    329    330
    327    334    329    329    330
    327    332    332    333    332
    333    334    323    333    332

    332    332    333    335    332
    333    333    329    331    331
    330    329    331    331    331
    330    331    335    328    334
    335    336    329    328    334

    310    310    310    316    309
    312    310    311    311    311
    312    311    311    311    311
    312    310    317    311    313
    319    316    310    311    313

    279    279    277    284    276
    280    281    279    277    279
    281    279    277    277    279
    281    280    284    281    279
    283    282    277    281    279

    250    250    247    253    246
    249    250    250    244    248
    248    250    244    244    248
    248    246    253    247    245
    257    255    243    247    245

    242    242    238    244    238
    241    240    240    237    240
    244    240    237    237    240
    244    239    250    239    238
    244    245    240    239    238

    220    220    218    225    220
    221    223    219    219    220
    223    219    219    219    220
    223    222    227    222    215
    227    225    219    222    215

    175    175    174    177    172
    174    173    172    171    171
    175    172    171    171    171
    175    173    180    173    172
    181    175    173    173    172

    186    186    182    186    183
    187    184    181    182    184
    187    181    182    182    184
    187    185    188    186    179
    192    186    187    186    179

    202    202    200    207    200
    203    200    200    197    201
    205    200    197    197    201
    205    201    209    199    194
    209    209    201    199    194

    202    202    201    206    199
    204    200    197    200    203
    205    197    200    200    203
    205    200    210    202    196
    211    206    199    202    196

    124    124    122    128    122
    126    128    125    122    124
    129    125    122    122    124
    129    124    129    125    121
    132    125    126    125    121

    158    158    161    165    160
    162    159    158    159    158
    166    158    159    159    158
    166    162    167    163    155
    170    164    163    163    155

    168    168    170    173    166
    173    168    168    164    170
    177    168    164    164    170
    177    169    173    173    160
    181    174    171    173    160

    153    153    153    161    156
    158    155    156    150    153
    161    156    150    150    153
    161    156    162    157    147
    164    163    159    157    147

    143    143    145    149    144
    147    146    144    141    145
    150    144    141    141    145
    150    146    152    148    137
    158    149    147    148    137

    130    130    133    134    131
    135    133    131    129    130
    138    131    129    129    130
    138    135    140    134    124
    144    137    133    134    124

    104    104    106    109    104
    109    105    104    103    103
    109    104    103    103    103
    109    108    111    105    100
    115    109    109    105    100

    106    106    107    111    106
    112    105    105    104    106
    113    105    104    104    106
    113    110    113    109    101
    117    112    111    109    101

    113    113    112    113    111
    119    115    111    109    113
    121    111    109    109    113
    121    117    119    116    105
    123    117    119    116    105

    118    118    118    125    119
    127    123    118    117    120
    129    118    117    117    120
    129    123    128    123    110
    132    127    125    123    110

    111    111    110    116    111
    120    116    113    109    112
    121    113    109    109    112
    121    119    119    118    106
    127    120    119    118    106

    109    109    112    114    110
    121    115    109    109    112
    123    109    109    109    112
    123    116    122    114    102
    123    120    119    114    102

    105    105    103    105    104
    113    107    103    100    105
    115    103    100    100    105
    115    110    111    108     96
    117    113    114    108     96

     98     98     99    102     97
    107    103     99     96     99
    111     99     96     96     99
    111    106    108    103     91
    112    107    108    103     91

     75     75     76     79     78
     84     82     75     76     80
     87     75     76     76     80
     87     81     84     80     71
     86     84     84     80     71

     65     65     64     68     64
     71     69     65     65     66
     74     65     65     65     66
     74     70     73     68     58
     73     71     73     68     58

     58     58     59     61     57
     63     61     59     56     62
     66     59     56     56     62
     66     65     67     60     53
     68     64     63     60     53

     52     52     53     52     51
     58     55     53     50     55
     58     53     50     50     55
     58     57     59     56     45
     61     57     58     56     45

     32     32     33     37     33
     36     36     37     34     35
     37     37     34     34     35
     37     36     39     39     31
     42     37     38     39     31

     20     20     21     21     21
     24     22     20     22     21
     26     20     22     22     21
     26     22     22     23     20
     25     23     24     23     20

     28     28     27     27     27
     30     30     29     27     29
     31     29     27     27     29
     31     31     31     29     24
     34     32     31     29     24

     49     49     47     49     47
     51     53     48     45     49
     53     48     45     45     49
     53     53     56     52     41
     61     55     53     52     41

     56     56     55     57     54
     62     62     54     53     56
     63     54     53     53     56
     63     59     63     60     49
     71     62     64     60     49

     65     65     66     68     65
     75     73     65     63     67
     75     65     63     63     67
     75     73     76     71     57
     81     76     77     71     57

     70     70     69     73     70
     80     79     71     68     73
     81     71     68     68     73
     81     79     79     74     61
     87     80     83     74     61

     70     70     67     71     67
     78     79     68     65     73
     81     68     65     65     73
     81     80     77     74     59
     86     79     81     74     59

     70     70     69     71     67
     82     78     67     65     73
     81     67     65     65     73
     81     77     79     74     59
     87     79     81     74     59

     68     68     66     69     66
     80     78     67     64     73
     78     67     64     64     73
     78     77     78     72     58
     86     78     79     72     58

     65     65     62     66     62
     76     73     63     61     69
     76     63     61     61     69
     76     72     74     66     54
     82     76     77     66     54

     64     64     61     65     62
     76     72     63     60     68
     73     63     60     60     68
     73     74     72     67     53
     81     74     76     67     53

     59     59     60     61     58
     71     70     60     57     64
     72     60     57     57     64
     72     68     70     63     51
     76     69     72     63     51

     60     60     58     61     57
     72     70     58     57     61
     70     58     57     57     61
     70     68     70     62     48
     74     68     71     62     48

     56     56     54     56     52
     67     64     53     52     58
     64     53     52     52     58
     64     62     64     59     45
     70     64     67     59     45

     52     52     51     52     48
     62     59     50     49     54
     60     50     49     49     54
     60     58     60     55     41
     66     60     62     55     41

     47     47     47     48     45
     57     54     47     44     50
     56     47     44     44     50
     56     54     56     50     37
     61     55     57     50     37

     36     36     35     37     35
     43     44     36     35     38
     42     36     35     35     38
     42     41     43     39     29
     49     44     46     39     29

     23     23     22     22     21
     26     25     23     21     24
     27     23     21     21     24
     27     25     25     25     18
     32     27     26     25     18

      8      8      6      7      6
      8      8      8      9      8
      9      8      9      9      8
      9      9      9      8      7
      9     10     10      8      7

      6      6      6      6      5
      7      7      6      6      6
      8      6      6      6      6
      8      5      8      7      5
      6      6      7      7      5

      9      9      7      9      7
     10     10      9      9      9
     12      9      9      9      9
     12     10      9     10      6
     11     10     11     10      6

      8      8      8      8      8
     10      9      9      8      8
     11      9      8      8      8
     11     10     10      8      7
     12     10     11      8      7

     13     13     13     14     14
     16     16     14     15     13
     18     14     15     15     13
     18     16     17     16     12
     19     17     17     16     12

     24     24     24     26     23
     30     30     25     23     25
     29     25     23     23     25
     29     29     28     26     18
     34     29     29     26     18

     28     28     28     29     27
     33     33     29     28     30
     35     29     28     28     30
     35     33     35     32     22
     39     34     35     32     22

     26     26     26     26     24
     31     31     27     25     27
     32     27     25     25     27
     32     31     32     29     21
     36     30     32     29     21

     29     29     27     28     27
     33     34     28     26     30
     34     28     26     26     30
     34     32     33     32     22
     38     34     33     32     22

     24     24     24     24     24
     30     30     27     23     27
     31     27     23     23     27
     31     29     31     28     18
     34     30     31     28     18

     28     28     29     28     28
     34     33     28     25     30
     34     28     25     25     30
     34     32     35     31     21
     38     33     35     31     21

     30     30     29     31     28
     35     36     31     29     33
     38     31     29     29     33
     38     35     38     32     23
     40     35     36     32     23

     34     34     32     35     33
     41     41     34     32     36
     40     34     32     32     36
     40     40     40     37     26
     46     40     43     37     26

     35     35     32     35     31
     42     43     34     31     38
     42     34     31     31     38
     42     41     43     37     25
     48     39     42     37     25

     33     33     32     33     31
     40     40     33     30     34
     40     33     30     30     34
     40     40     40     36     25
     46     40     41     36     25

     30     30     29     30     28
     35     36     30     28     32
     37     30     28     28     32
     37     35     37     33     22
     45     36     37     33     22

     33     33     32     33     31
     40     40     33     30     34
     40     33     30     30     34
     40     40     40     36     25
     46     40     41     36     25

     33     33     32     31     27
     35     36     32     29     30
     34     32     29     29     30
     34     34     28     32     27
     43     40     36     32     27

     33     33     27     29     26
     35     36     33     28     28
     35     33     28     28     28
     35     38     30     32     25
     42     39     37     32     25

     31     31     29     29     26
     36     38     33     26     30
     35     33     26     26     30
     35     34     33     30     28
     46     40     38     30     28

     31     31     27     29     26
     35     38     31     28     28
     33     31     28     28     28
     33     34     27     26     24
     42     34     36     26     24

     25     25     27     20     20
     31     34     26     27     25
     29     26     27     27     25
     29     28     26     26     23
     38     33     33     26     23

     20     20     19     19     18
     25     28     22     20     18
     23     22     20     20     18
     23     24     21     22     17
     26     24     24     22     17

     41     41     44     39     41
     39     42     52     48     37
     47     52     48     48     37
     47     40     45     41     47
     53     58     68     41     47

      9      9      7      8      8
     13     13     10     10      8
     10     10     10     10      8
     10     11      8     11     10
     13     13      9     11     10

      6      6      5      6      4
      7      7      7      5      3
      6      7      5      5      3
      6      6      5      6      5
      7      8      7      6      5

      1      1      0      1      0
      1      0      1      1      2
     -2      1      1      1      2
     -2      0      0      2      1
      0      0      1      2      1

      0      0      1      0      0
      1      0      2     -2     -1
      0      2     -2     -2     -1
      0      0      1      0     -1
      2      0     -1      0     -1

      1      1      0     -1      0
     -2      0      1      0     -1
      0      1      0      0     -1
      0      0     -3      0     -2
      1      0      0      0     -2

      0      0      1      0      0
      0      0      0      0      1
      2      0      0      0      1
      2      0      0      0     -1
      0      0      0      0     -1

     -2     -2      1     -5     -6
     -2      4      0      0      0
     -1      0      0      0      0
     -1     -2     -3     -2     -3
      0      2      5     -2     -3

      0      0      2      0      2
     -1      2      1      2      0
      0      1      2      2      0
      0      0      0      1      3
     -1     -2     -1      1      3

     -1     -1      1      0      0
      1      2      0     -1      1
      1      0     -1     -1      1
      1     -1      4      2      0
      2     -1      1      2      0

      2      2      1      4      1
      2      0      2      1      0
      0      2      1      1      0
      0     -1      1      3      2
      0      0      0      3      2

     -1     -1      1      0      0
      1      2      0      1      2
      2      0      1      1      2
      2     -1      2      2      2
      1      1      2      2      2

      1      1      1      0      0
      0      2      3      0      3
      0      3      0      0      3
      0      0      0      2      3
      1      2      0      2      3

      3      3      5      2      4
      3      5      4      2      3
      3      4      2      2      3
      3      2      5      5      4
      3      3      5      5      4

      5      5      4      5      2
      4      8      7      2      1
      6      7      2      2      1
      6      5      5      8      5
      6      7      2      8      5

      4      4      3      5      4
      3      6      4      1      6
      3      4      1      1      6
      3      4      5      1      5
      5      4      3      1      5

      6      6      5      6      6
      7      8      9      7      8
      5      9      7      7      8
      5      7      6      5      5
      5      6      7      5      5

     12     12     11     13     11
     14     17     16     15     11
     13     16     15     15     11
     13     17     14     13     12
     16     15     16     13     12

     19     19     18     20     16
     22     23     21     20     18
     21     21     20     20     18
     21     21     20     20     18
     25     24     23     20     18

     25     25     23     23     23
     31     28     28     26     25
     28     28     26     26     25
     28     29     27     26     23
     34     29     31     26     23

     29     29     26     27     25
     33     32     30     29     28
     32     30     29     29     28
     32     31     28     28     26
     38     33     33     28     26

     31     31     28     29     24
     35     38     33     31     29
     35     33     31     31     29
     35     33     31     32     27
     40     36     37     32     27

     30     30     29     32     27
     41     36     31     32     35
     36     31     32     32     35
     36     38     32     36     31
     40     40     41     36     31

     35     35     32     31     27
     42     42     38     33     33
     38     38     33     33     33
     38     38     35     35     28
     46     40     42     35     28

     32     32     29     30     27
     40     39     35     32     32
     36     35     32     32     32
     36     38     35     32     28
     44     40     40     32     28

     32     32     27     25     23
     37     35     28     27     30
     33     28     27     27     30
     33     33     31     27     26
     39     38     34     27     26

     32     32     28     27     25
     38     35     31     30     33
     35     31     30     30     33
     35     32     31     30     25
     41     36     37     30     25

     34     34     29     28     26
     41     38     33     32     32
     36     33     32     32     32
     36     36     33     31     27
     44     38     40     31     27

     32     32     27     26     25
     36     37     30     28     29
     32     30     28     28     29
     32     34     31     30     24
     40     36     38     30     24

     30     30     26     25     24
     33     36     31     29     29
     31     31     29     29     29
     31     32     30     26     23
     38     34     37     26     23

     30     30     28     27     26
     38     38     35     30     30
     33     35     30     30     30
     33     36     31     30     28
     44     38     39     30     28

     30     30     27     26     24
     38     36     34     29     30
     33     34     29     29     30
     33     35     30     28     27
     41     37     35     28     27

     27     27     26     23     20
     33     36     30     27     27
     30     30     27     27     27
     30     33     29     30     24
     39     36     36     30     24

     28     28     25     24     21
     34     32     29     26     30
     31     29     26     26     30
     31     32     29     25     24
     38     33     35     25     24

     26     26     23     24     21
     32     31     28     25     25
     30     28     25     25     25
     30     31     26     23     24
     35     33     32     23     24

     24     24     23     22     20
     32     30     25     24     23
     28     25     24     24     23
     28     28     23     24     22
     34     31     31     24     22

     24     24     23     20     21
     29     27     23     23     24
     24     23     23     23     24
     24     27     24     22     20
     33     29     27     22     20

     19     19     17     19     17
     22     23     21     18     18
     23     21     18     18     18
     23     21     22     20     16
     26     24     23     20     16

     16     16     16     15     16
     19     19     18     17     17
     21     18     17     17     17
     21     19     18     18     15
     24     21     22     18     15

     17     17     15     15     13
     17     16     17     13     14
     18     17     13     13     14
     18     17     14     15     13
     22     19     18     15     13

     14     14     14     13     11
     15     16     13     12     11
     15     13     12     12     11
     15     14     13     14     13
     17     16     13     14     13

     10     10     11     10     11
     13     13     13     11     11
     15     13     11     11     11
     15     15     11     13     13
     17     14     15     13     13

     14     14     13     14     11
     13     14     12     11     10
     14     12     11     11     10
     14     16     13     14     13
     18     15     14     14     13

     10     10     11     11     11
     12     14     13     11     11
     15     13     11     11     11
     15     12     12     13     12
     16     14     13     13     12

     12     12     11     11      8
     12     11     12     10      9
     13     12     10     10      9
     13     12     12     12     10
     14     11     10     12     10

      6      6      6      8      7
     10      9      8      7      8
     10      8      7      7      8
     10      9      7      9      7
     11     11     11      9      7

      7      7      6      5      6
      7      8      7      6      6
      7      7      6      6      6
      7      7      5      8      4
      8      7      8      8      4

      3      3      2      4      3
      4      4      5      4      2
      5      5      4      4      2
      5      4      3      2      2
      5      4      4      2      2

      1      1      1      1      0
      0      2      1      0      0
      0      1      0      0      0
      0      1      1      2      1
      0      2      1      2      1

      0      0      0      1     -1
      0      0      0      0      0
     -1      0      0      0      0
     -1      0      0      1      0
      0      0     -1      1      0

      2      2      0      1     -1
      1      0      1      0      0
      0      1      0      0      0
      0      0      0     -1      0
      0     -1      0     -1      0

      0      0      0      0     -1
      0      0      1      0      1
      0      1      0      0      1
      0      1      0      0     -1
      0      2      0      0     -1

      0      0      0      1     -1
     -2      0     -1     -1      0
     -1     -1     -1     -1      0
     -1      0     -1      1     -1
     -1      0      1      1     -1

      0      0      0      0      0
      2      0      0      0     -2
      0      0      0      0     -2
      0      0      0      0      0
     -1     -1      0      0      0

      0      0      0      1      0
      1      0      1      0     -1
      0      1      0      0     -1
      0      0      0      0      0
      1     -2      0      0      0

      0      0      2      0      0
      0      0      0      1      0
      0      0      1      1      0
      0     -1      0      0      0
      0     -1      0      0      0

      0      0      0      1      0
      0      3     -1      0      2
      0     -1      0      0      2
      0      0      0      0      0
      0     -1      0      0      0

     -1     -1      1      0      1
      0     -1      1      0      1
      0      1      0      0      1
      0      1      0      0     -1
      0      0      0      0     -1

     -1     -1     -1     -1      0
      2      0      0      0      2
      1      0      0      0      2
      1      0     -1     -1     -1
      0      0     -2     -1     -1

     -1     -1      1      0      0
      1      0      1      0      0
      0      1      0      0      0
      0      0     -2      0     -2
      0      1     -1      0     -2

      0      0      1      0      1
      1      0     -1      0      0
      1     -1      0      0      0
      1      0     -1      0     -1
     -1      0      0      0     -1

      0      0      0      0      3
      1     -1      0      0      0
     -1      0      0      0      0
     -1      0     -2      0     -2
      0      0      0      0     -2

      0      0      0      0      1
      1      0      0     -1      0
      0      0     -1     -1      0
      0      1      0     -1      0
      0      0      0     -1      0

      0      0      0      0      0
     -1      0      0     -1      1
      0      0     -1     -1      1
      0      0      0      0     -1
      1      1      0      0     -1

     -1     -1      0      0      1
      0      1      0      0      0
      1      0      0      0      0
      1      0      0      0      0
      0      0      0      0      0

      0      0      0     -1      1
      0      1      0      0      0
     -1      0      0      0      0
     -1      1      0      0      0
      1      0      0      0      0

      0      0      1      0      2
      2      0      0      0      2
      0      0      0      0      2
      0      1      0      0     -1
      0      1      0      0     -1

      3      3      2      3      2
      5      2      2      2      5
      6      2      2      2      5
      6      3      2      2      3
      3      3      2      2      3

      5      5      5      4      5
      6      4      6      5      7
      8      6      5      5      7
      8      8      4      6      4
      6      8      7      6      4

      8      8      7      7      8
     11      8      8      8      8
      8      8      8      8      8
      8      9      8      8      8
      9      9      7      8      8

      5      5      5      4      6
      7      5      5      5      6
      6      5      5      5      6
      6      8      5      5      5
      7      6      6      5      5

      2      2      1      3      3
      4      2      1      1      3
      2      1      1      1      3
      2      3      3      2      1
      4      3      1      2      1

      3      3      3      3      4
      4      3      4      2      3
      4      4      2      2      3
      4      5      2      4      2
      4      3      4      4      2

      9      9      8     10      9
     12     11     10      9     11
     12     10      9      9     11
     12     11      9     10      8
     12     11     11     10      8

     14     14     13     14     13
     17     14     14     11     15
     16     14     11     11     15
     16     16     14     14     12
     19     15     16     14     12

     13     13     12     11     13
     14     13     14     10     13
     15     14     10     10     13
     15     16     13     12     11
     14     14     14     12     11

     10     10      9      8      9
     11     10     11      8     11
     12     11      8      8     11
     12     10      9      9      8
     12     11     12      9      8

     10     10      9      9     12
     12      9     11     10     11
     12     11     10     10     11
     12     14     11     12     10
     14     13     12     12     10

     12     12     12     13     11
     17     15     12     13     12
     17     12     13     13     12
     17     15     13     13     13
     18     17     15     13     13

     16     16     15     14     16
     18     17     17     15     15
     20     17     15     15     15
     20     20     15     16     15
     21     19     19     16     15

     16     16     15     17     17
     20     17     17     16     16
     21     17     16     16     16
     21     19     17     17     16
     20     21     19     17     16

     17     17     16     15     16
     20     18     16     15     18
     22     16     15     15     18
     22     21     18     17     16
     21     20     18     17     16

     17     17     15     15     16
     19     18     17     16     15
     21     17     16     16     15
     21     19     17     16     13
     23     20     19     16     13

     17     17     15     16     16
     20     19     19     17     16
     22     19     17     17     16
     22     19     19     17     16
     21     20     19     17     16

     17     17     15     15     15
     21     18     19     16     17
     21     19     16     16     17
     21     20     19     17     14
     23     22     21     17     14

     16     16     15     13     15
     20     16     17     15     16
     18     17     15     15     16
     18     18     14     16     15
     22     21     20     16     15

     15     15     14     14     13
     18     15     16     14     15
     18     16     14     14     15
     18     17     15     16     11
     22     18     17     16     11

     12     12     13     13     13
     17     15     13     15     15
     18     13     15     15     15
     18     18     15     15     11
     18     17     16     15     11

     13     13     12     13     13
     16     13     15     13     13
     18     15     13     13     13
     18     17     14     14     13
     18     18     16     14     13

     12     12     14     12     12
     16     14     13     13     14
     17     13     13     13     14
     17     17     13     11     10
     19     17     17     11     10

     11     11     13     12     12
     16     14     13     11     13
     17     13     11     11     13
     17     14     12     13      9
     19     18     16     13      9

     12     12     12     14     13
     17     15     13     13     13
     17     13     13     13     13
     17     17     12     12     10
     20     19     16     12     10

     13     13     14     14     12
     19     15     14     13     16
     15     14     13     13     16
     15     18     15     15     12
     21     18     16     15     12

     12     12     12     13     12
     16     14     12     13     12
     16     12     13     13     12
     16     14     13     11     11
     17     17     15     11     11

     12     12     11     10     11
     15     15     12     11     12
     15     12     11     11     12
     15     15     13     12     11
     19     15     15     12     11

     10     10     10     10     12
     13     11     13     12      9
     14     13     12     12      9
     14     12      9     10     10
     14     14     14     10     10

      8      8      7      9      9
     12     10     10      8      9
     11     10      8      8      9
     11     12      9      8      7
     13     13     10      8      7

      6      6      8      8      7
      9      6      7      5      7
      7      7      5      5      7
      7      6      5      6      6
      7      6      7      6      6

      3      3      7      5      7
      7      7      3      3      6
      7      3      3      3      6
      7      7      5      5      6
      7      5      7      5      6

      4      4      4      6      6
      7      4      4      5      6
      5      4      5      5      6
      5      5      3      3      4
      5      5      5      3      4

      6      6      3      3      4
      5      6      6      4      5
      5      6      4      4      5
      5      5      2      4      4
      4      4      3      4      4

      3      3      5      3      5
      6      4      4      3      5
      5      4      3      3      5
      5      6      4      3      3
      2      3      4      3      3

      3      3      3      4      4
      4      3      4      4      4
      3      4      4      4      4
      3      3      2      4      4
      4      5      2      4      4

      4      4      1      3      5
      4      4      3      2      4
      5      3      2      2      4
      5      3      4      3      3
      3      3      5      3      3

      4      4      3      2      2
      6      2      5      1      3
      7      5      1      1      3
      7      3      4      3      3
      2      5      3      3      3

      5      5      0      3      2
      3      1      3      3      2
      6      3      3      3      2
      6      3      2      2      2
      4      5      2      2      2

      2      2      2      3      2
      4      1      3      2      2
      3      3      2      2      2
      3      2      0      0      0
      2      3      1      0      0

      2      2      3      3      3
      4      0      2      1      2
      4      2      1      1      2
      4      2      1      4      1
      2      1      2      4      1

      0      0      0      3      3
      4      3      3      0      1
      4      3      0      0      1
      4      2      3      0      3
      2      0      2      0      3

      0      0      1      4      1
      0      1      0      0      1
      3      0      0      0      1
      3      4      0      2      1
      2      4      1      2      1

      3      3      1      3      1
      4      2      0      2      3
      3      0      2      2      3
      3      2      0      2      0
      0      1      3      2      0

      3      3      1      1      1
      6     -2      3      0      2
      1      3      0      0      2
      1      1     -2      0      0
      2      1      2      0      0

      1      1      0      1      0
      3     -2      0      0      1
      0      0      0      0      1
      0      3     -1      0      1
      2      0      1      0      1

      2      2      1      1      2
      3      0      0      1      0
      2      0      1      1      0
      2      1     -2      1      0
      0      2      1      1      0

     -1     -1      2      3      6
      1      2      1      0      1
      4      1      0      0      1
      4      2      0      4      1
      0      6      0      4      1

      1      1     -1      0      0
      0     -2      2      0      1
      1      2      0      0      1
      1      1     -1      0      0
     -2      2      0      0      0

      0      0     -1      1      2
      4      1      2     -2      5
      2      2     -2     -2      5
      2      0      0      1      0
      2      2      0      1      0

      1      1      0      0      3
      1      0      0      0      2
      1      0      0      0      2
      1      3      0      1      0
     -2      2      0      1      0

     -1     -1      1      2      3
      1      0      0     -2      0
     -2      0     -2     -2      0
     -2      0      2      3      0
     -1      0      0      3      0

      0      0      1      0      1
      2      0      0     -1      0
      0      0     -1     -1      0
      0     -1     -3      0      0
      1      0     -4      0      0

     -1     -1     -2      1      1
      2      0      0     -1     -1
      0      0     -1     -1     -1
      0      0     -3      0     -2
      0      1      3      0     -2

