;
; ENVI ASCII Output of file: E:\Imaging\ROI_AVIRIS\5_4_11.img [Fri Nov 17 12:08:11 2017]
; File Dimensions: 5 samples x 5 lines x 224 bands
; Line Format    : (5i7)
;
    479    458    471    470    476
    466    467    454    443    434
    470    470    473    471    464
    469    483    474    456    464
    473    464    481    460    441

    561    569    567    554    532
    553    546    540    548    546
    547    547    542    521    534
    554    539    534    546    548
    571    537    538    545    523

    582    582    594    596    560
    572    565    568    572    575
    577    577    570    596    575
    578    576    582    558    584
    566    580    596    577    570

    734    728    737    734    712
    719    721    713    722    723
    716    716    710    712    724
    727    735    721    731    725
    731    735    724    724    718

   1070   1065   1058   1064   1053
   1057   1057   1059   1054   1054
   1050   1050   1046   1066   1063
   1054   1063   1066   1060   1056
   1062   1067   1063   1063   1059

   1115   1111   1104   1107   1109
   1102   1094   1094   1099   1093
   1075   1075   1094   1101   1098
   1109   1116   1112   1099   1092
   1115   1106   1111   1112   1116

   1053   1044   1036   1031   1038
   1043   1039   1018   1021   1036
   1033   1033   1022   1036   1040
   1040   1038   1040   1030   1019
   1043   1038   1044   1055   1043

    974    959    950    955    964
    951    947    945    943    944
    939    939    938    944    949
    953    964    956    953    951
    958    964    953    970    958

   1059   1049   1036   1029   1039
   1028   1018   1021   1020   1027
   1015   1015   1028   1021   1039
   1033   1046   1040   1036   1037
   1043   1040   1039   1047   1040

   1090   1072   1060   1066   1056
   1052   1051   1036   1047   1049
   1037   1037   1050   1048   1053
   1057   1062   1055   1059   1053
   1072   1067   1066   1073   1070

   1056   1039   1017   1028   1035
   1017   1012   1012   1005   1018
   1004   1004   1004   1018   1019
   1022   1028   1023   1021   1018
   1037   1037   1036   1041   1037

    996    977    959    965    971
    964    948    946    948    961
    943    943    943    940    957
    962    966    961    958    951
    968    974    969    984    967

    951    925    907    915    918
    907    905    895    900    906
    896    896    901    897    913
    905    919    909    903    907
    919    925    923    927    923

    867    852    828    836    842
    835    821    821    826    832
    816    816    817    819    826
    828    838    836    833    824
    840    845    844    851    841

    795    785    769    774    780
    776    766    761    764    771
    758    758    764    761    770
    772    780    768    769    765
    784    782    785    787    782

    728    715    704    704    711
    710    703    691    699    697
    695    695    697    705    701
    707    716    710    703    697
    710    724    717    716    718

    650    645    633    638    642
    631    633    622    625    633
    627    627    629    628    636
    636    647    634    633    633
    648    644    648    649    642

    620    618    608    611    614
    604    604    595    600    607
    600    600    605    601    609
    612    620    610    609    606
    619    619    622    621    613

    590    590    582    583    584
    577    574    567    575    580
    573    573    580    573    580
    588    593    585    584    579
    589    593    596    592    583

    560    552    547    554    551
    549    543    535    542    550
    540    540    549    544    548
    553    563    556    553    549
    561    563    562    560    554

    515    513    510    514    515
    514    506    504    506    507
    506    506    507    504    507
    513    519    519    511    501
    518    523    521    518    513

    474    477    472    475    474
    475    467    467    467    469
    470    470    471    473    469
    478    484    478    474    473
    477    487    483    478    475

    445    448    443    447    441
    442    437    440    442    440
    446    446    450    442    441
    455    462    456    448    443
    453    457    457    454    449

    403    401    402    401    405
    403    399    395    394    397
    403    403    403    405    403
    414    417    410    401    399
    407    415    411    405    405

    382    379    380    381    382
    383    380    373    378    378
    385    385    385    381    379
    393    402    395    390    379
    386    391    394    382    381

    368    370    371    375    368
    369    370    366    368    365
    372    372    378    374    367
    380    387    384    380    372
    374    379    380    374    374

    344    344    347    347    343
    349    344    346    344    347
    348    348    353    348    343
    362    365    361    353    345
    351    356    360    354    347

    322    319    324    325    321
    323    323    314    317    322
    326    326    326    327    317
    337    343    337    332    324
    327    329    331    324    326

    308    310    313    313    311
    313    306    310    308    308
    318    318    321    315    308
    327    328    324    320    312
    319    325    322    313    311

    281    289    291    289    285
    291    289    289    288    288
    296    296    295    290    286
    302    306    298    295    292
    292    298    299    289    288

    270    275    277    279    274
    279    273    273    275    273
    278    278    284    279    272
    289    293    287    283    276
    281    281    288    276    278

    269    272    275    269    269
    274    272    271    268    267
    279    279    282    273    269
    291    290    286    280    277
    277    279    281    270    271

    266    270    269    264    267
    270    267    270    267    261
    277    277    278    271    261
    286    289    280    274    274
    275    277    278    274    269

    269    271    274    270    268
    274    271    270    267    267
    279    279    282    272    268
    291    290    286    280    277
    277    278    280    270    271

    249    254    256    251    252
    258    255    256    252    247
    261    261    268    254    246
    275    272    270    264    262
    261    261    260    255    256

    218    227    223    225    227
    230    225    228    220    222
    234    234    237    230    222
    247    243    242    234    231
    229    229    234    226    227

    192    199    202    202    199
    205    199    201    198    198
    206    206    216    203    197
    221    219    215    208    206
    206    206    202    199    193

    187    192    197    196    192
    201    197    195    193    190
    204    204    208    200    191
    214    212    212    206    200
    196    196    197    192    192

    170    173    180    181    176
    181    177    179    176    176
    187    187    190    180    172
    194    195    193    188    185
    182    177    178    172    173

    134    134    142    140    140
    143    137    138    137    136
    145    145    149    141    135
    151    152    149    146    142
    137    137    140    135    134

    140    143    152    149    148
    152    145    150    147    147
    156    156    163    152    144
    166    162    159    158    155
    147    147    151    147    143

    153    157    169    164    164
    168    161    165    161    160
    173    173    177    168    161
    183    179    181    174    172
    164    162    165    160    159

    152    159    173    169    166
    171    161    166    164    161
    177    177    181    172    160
    185    182    182    175    173
    164    161    164    160    159

     93     97    107    104    100
    107    100    100    100     96
    109    109    114    106     94
    114    110    110    106    105
    100     97    100     97     96

    121    124    139    136    133
    138    130    131    128    131
    139    139    148    137    127
    149    148    146    142    139
    131    126    128    126    125

    128    130    147    144    138
    150    137    139    137    133
    152    152    158    144    134
    160    155    153    150    146
    137    131    134    133    130

    115    124    138    132    126
    137    125    126    127    121
    138    138    145    133    124
    145    142    139    135    136
    124    122    125    121    121

    105    113    128    126    119
    128    115    122    118    115
    129    129    138    126    115
    139    134    134    128    125
    117    114    116    113    112

     99    104    117    114    109
    115    108    110    108    105
    119    119    124    113    106
    127    121    120    116    116
    106    102    106    103    103

     77     82     94     92     87
     91     84     86     85     84
     94     94    100     90     83
    101     97     97     91     91
     84     81     84     81     80

     80     85     96     93     90
     95     84     88     87     86
     97     97    103     94     85
    103    101     99     95     95
     86     82     86     83     80

     84     90    104    101     96
    105     92     94     92     90
    105    105    111    103     91
    110    108    105    100    102
     89     84     89     87     85

     87     94    114    107    100
    109     99    102    100     98
    112    112    118    108     97
    122    118    115    108    108
     97     90     95     93     91

     83     90    107    103     98
    105     91     96     94     93
    109    109    114    103     91
    109    110    110    105     99
     92     86     90     90     86

     83     88    106    103     96
    104     92     94     93     93
    107    107    111    103     87
    111    110    107    103     99
     89     84     89     86     83

     74     81    101     95     90
     98     86     89     89     88
    101    101    107     96     84
    107    103    102     96     95
     81     78     83     81     79

     74     81     99     93     85
     97     84     87     85     84
     97     97    103     91     81
    102     99     95     91     89
     80     75     79     78     76

     57     62     75     71     64
     72     64     67     65     63
     74     74     79     71     62
     78     76     72     71     67
     60     59     61     61     59

     49     57     63     62     54
     60     55     56     53     55
     63     63     67     57     52
     66     65     62     57     56
     52     49     51     50     48

     45     50     57     54     50
     54     49     49     50     49
     58     58     60     52     46
     61     57     56     54     52
     46     44     47     48     44

     38     46     48     51     43
     48     43     44     45     41
     53     53     52     44     40
     53     52     51     47     45
     42     40     40     43     38

     32     31     29     29     26
     30     29     27     27     25
     31     31     33     28     28
     33     30     27     27     25
     28     26     25     27     26

     17     17     19     19     17
     20     17     17     19     17
     18     18     18     17     16
     20     20     18     17     17
     16     15     16     18     17

     24     25     24     24     19
     24     22     21     22     23
     27     27     26     22     20
     27     27     26     21     21
     22     20     19     21     19

     36     43     43     42     38
     43     40     40     36     37
     47     47     47     40     36
     50     46     45     41     37
     37     36     35     37     35

     41     51     53     50     42
     51     46     47     44     44
     57     57     57     47     40
     59     56     55     48     45
     44     41     41     42     41

     49     61     64     63     54
     62     55     57     53     53
     70     70     70     56     48
     72     68     66     61     54
     48     47     48     49     47

     50     64     73     68     56
     67     61     62     60     57
     77     77     78     63     53
     80     72     71     65     60
     52     51     54     54     51

     50     63     71     66     55
     65     60     60     57     56
     75     75     76     61     51
     78     71     69     63     59
     53     48     51     52     48

     50     63     71     67     54
     67     57     59     56     54
     77     77     75     61     50
     77     70     69     63     59
     52     48     50     52     48

     48     62     71     65     54
     65     58     59     56     53
     74     74     75     62     50
     79     70     69     63     58
     50     47     50     50     46

     46     58     68     62     50
     63     55     56     54     51
     73     73     72     57     45
     74     66     64     58     54
     47     44     46     46     44

     45     59     66     62     50
     63     55     55     52     52
     73     73     72     55     46
     75     67     64     57     53
     47     44     45     47     44

     43     54     63     59     47
     61     53     53     50     49
     69     69     69     54     43
     71     63     61     55     51
     44     41     43     43     41

     41     54     62     58     45
     58     50     51     49     48
     69     69     66     52     43
     68     62     61     52     49
     43     39     41     42     40

     39     50     55     53     41
     54     47     48     44     45
     62     62     61     48     39
     64     57     56     49     43
     39     37     38     39     37

     37     47     52     50     38
     50     43     43     41     41
     57     57     56     44     36
     59     53     51     45     40
     36     34     36     35     33

     34     44     48     46     35
     46     39     38     37     37
     52     52     52     40     32
     55     49     46     41     37
     32     31     33     32     29

     26     34     34     32     26
     34     30     30     28     28
     39     39     37     29     25
     42     38     35     31     28
     26     25     23     25     25

     17     19     19     19     15
     18     17     16     17     16
     22     22     22     17     16
     24     22     19     17     15
     15     14     13     14     13

      6      5      5      6      5
      6      5      6      5      5
      6      6      6      5      4
      5      6      6      5      5
      5      4      4      5      4

      5      4      4      5      3
      5      4      4      5      5
      4      4      6      4      4
      5      4      5      4      3
      3      4      3      5      3

      7      7      5      7      5
      6      5      6      7      7
      6      6      8      6      6
      7      8      6      6      4
      6      5      4      5      5

      6      6      6      7      5
      6      6      6      6      7
      8      8      7      6      6
      7      6      7      5      4
      5      4      4      6      5

     10     12     10     13      9
     12     10      9     10     11
     14     14     13     11      8
     14     12     12     10      9
      9      9      7      8      8

     18     21     20     21     16
     21     19     19     18     19
     26     26     24     18     16
     27     24     23     19     17
     17     14     14     16     13

     20     25     24     24     18
     26     22     22     21     22
     30     30     30     22     19
     32     29     27     23     20
     19     17     17     19     16

     19     23     23     23     18
     24     19     19     19     21
     28     28     27     21     16
     30     27     24     20     19
     17     16     16     19     16

     20     24     25     25     17
     25     20     21     21     21
     29     29     29     21     19
     33     28     27     22     20
     21     17     18     18     16

     18     22     22     23     17
     23     18     20     18     19
     26     26     25     19     15
     29     25     23     19     18
     16     15     14     17     14

     20     24     24     24     20
     26     22     21     20     21
     30     30     29     22     18
     32     29     26     22     20
     19     17     17     19     16

     21     27     27     26     20
     27     23     23     22     22
     33     33     31     23     19
     36     30     30     23     21
     19     18     18     20     18

     23     31     31     29     22
     32     25     25     25     24
     38     38     36     26     21
     40     36     32     27     24
     22     19     19     22     18

     24     30     31     30     23
     32     26     25     26     25
     39     39     36     25     21
     39     36     32     27     23
     22     18     19     21     19

     23     29     28     26     21
     30     24     23     24     24
     36     36     35     24     21
     40     35     31     24     23
     20     19     19     20     17

     20     25     24     25     18
     26     21     21     21     22
     31     31     29     21     18
     36     30     26     22     19
     19     16     15     19     15

     23     29     28     26     21
     30     24     23     24     24
     36     36     35     24     21
     40     35     31     24     23
     20     19     18     20     17

     25     26     25     23     23
     30     24     26     23     23
     33     33     28     27     20
     35     29     25     20     17
     19     22     22     18     21

     24     24     31     21     22
     24     29     24     27     21
     34     34     23     21     23
     33     29     28     21     23
     19     23     23     18     23

     19     31     26     25     21
     28     27     25     24     23
     33     33     27     28     23
     33     31     31     24     19
     21     20     20     16     21

     21     25     27     21     20
     29     30     24     23     20
     34     34     30     25     21
     35     27     27     25     24
     19     23     21     19     17

     20     21     20     21     17
     23     24     22     19     17
     26     26     23     17     16
     30     25     22     15     18
     14     20     16     16     16

     13     15     15     16     13
     17     18     18     15     13
     23     23     18     16     16
     23     18     18     15     15
     13     17     13     11     11

      0    -16      6    -17    -25
      9      8    -10      7      9
     -1     -1     -6    -12     -8
     22     22     32     12     12
     -5      5     16    -10    -20

      5      5      7      8      7
      7      8      7      8      5
     11     11      8      8      8
     11     10      6      5      5
      7      6      6      5      6

      3      5      3      4      3
      5      6      6      4      4
      6      6      4      4      5
      6      6      3      2      3
      4      4      2      2      4

      1      0      0      2     -2
      1      1      0      0      0
      1      1      1      2      1
      0      2      1      0      0
      0      0      0      0      1

      0     -2     -3      1      0
      2      1      1      1      0
      0      0      1      0      0
      3      2     -1      0      1
      0      0     -1      0      0

      0     -1      0      0      0
      0      1     -1      0      0
      0      0      1      0      2
      0      2      0     -1      0
      1      1     -1      0     -1

      0      0      0      0      0
      2      2      1      0      1
      0      0      0      1      0
      2      0      0     -1      0
      0      0      0      2      1

      0     -3     -6     -1     -3
     -3      0      2     -3      0
     -7     -7     -5     -4     -1
      3     -1      1     -1     -3
      0      0     -4      0     -3

     -2     -1     -2      0      0
      1      3      1      5      2
      0      0     -1      0      0
      2      2      0     -3      1
      1      0      0      2      0

      0      0     -2      1      1
      0      3      0      0      0
     -1     -1      1     -1      2
      0      5      0     -1     -2
      1      3     -2      0      0

      1      1     -1      0      0
      1      1      2      1      1
      0      0      1      0     -1
      0      2      2     -2      1
      0     -1      0      2      0

     -1      1      2      3      2
      1      4      2      1      0
      1      1      0      0      0
      3     -1      0      0      0
      0      0      0      3      1

      0      0      0      1      0
      3      3      3      3      0
      0      0      0      0      2
      4      3     -1      1      0
      1      1     -2      0      0

      1      1      1      4      0
      1      6      4      1      4
      2      2      4      1      3
      4      6      5      2      4
      2      4      1      4      3

      2      3      1      6      3
      5      4      4      5      5
      5      5      5      2      6
      6      5      4      4      5
      6      6      5      3      2

      1      1      1      2      0
      4      3      5      3      4
      4      4      2      4      4
      6      6      2      0      1
      3      2      3      3      3

      4      4      6      6      4
      7      7      5      4      6
      5      5      6      5      4
      9      7      5      5      5
      3      6      4      4      3

      7      8      8      9      7
     10     10     10     10      9
     13     13     12      8      9
     15     12     12     10      8
     10     11      8      7      6

     12     13     14     14     11
     13     15     15     13     12
     19     19     18     14     11
     22     19     16     15     14
     11     15     14     11     11

     14     19     18     17     15
     22     21     18     16     15
     25     25     22     19     15
     27     23     23     17     17
     15     17     18     15     17

     18     22     21     22     17
     22     24     23     19     16
     28     28     26     22     19
     31     26     26     20     18
     18     19     22     16     17

     19     22     25     21     17
     23     23     23     21     19
     29     29     25     21     19
     32     26     28     22     20
     17     21     22     18     19

     18     21     32     29     21
     31     24     22     27     19
     31     31     34     32     21
     32     29     31     27     30
     19     19     23     14     19

     19     26     27     23     19
     26     27     24     22     20
     33     33     31     26     22
     36     28     30     25     23
     20     22     22     18     18

     20     23     27     21     18
     27     26     23     24     18
     32     32     30     24     20
     35     27     29     24     19
     19     22     22     18     17

     18     22     25     20     17
     22     24     22     20     19
     29     29     27     22     19
     30     26     25     21     20
     17     20     22     15     16

     18     23     25     19     17
     24     23     22     21     18
     31     31     29     22     19
     32     25     26     22     19
     18     19     19     16     17

     20     24     26     22     17
     25     23     23     22     19
     33     33     28     22     20
     33     25     27     24     19
     16     20     21     18     15

     13     20     27     21     17
     23     21     23     21     18
     31     31     27     21     18
     31     25     24     22     19
     18     18     21     15     15

     16     22     24     19     15
     22     22     21     18     17
     30     30     26     22     18
     31     25     24     22     20
     14     18     19     16     16

     16     24     25     19     16
     24     24     23     23     18
     31     31     29     19     19
     32     26     26     23     21
     18     18     18     16     17

     18     22     22     17     18
     24     21     20     19     18
     30     30     28     23     19
     31     24     26     21     19
     16     18     21     17     16

     15     21     22     21     14
     24     20     22     17     17
     29     29     25     19     18
     30     23     22     21     15
     14     17     21     14     14

     17     20     22     18     15
     22     22     20     17     16
     29     29     25     19     17
     29     24     23     20     16
     15     18     19     14     14

     17     20     21     17     15
     23     19     18     15     15
     27     27     23     20     16
     28     22     23     18     18
     14     17     17     15     13

     14     17     21     16     15
     19     19     17     17     16
     27     27     22     18     16
     27     21     22     18     17
     14     16     16     13     16

     14     16     19     14     12
     18     17     17     14     13
     21     21     24     16     14
     26     20     21     19     16
     14     14     16     14     12

     11     15     17     15     12
     16     16     13     13     13
     20     20     19     16     14
     21     19     17     15     12
     12     13     13     12     13

     12     13     15     14     11
     13     15     13     10     10
     18     18     16     15     14
     21     17     17     15     14
     13     14     13     11     12

     10      9     12     11      9
     12     12     11     11     10
     14     14     16     14     12
     17     15     16     12     10
     12     11     13     10     12

      7     10     12     11      9
     10     10     10     11     10
     13     13     15     10      9
     17     16     14     10      9
      9     13     11     10     10

     10     11     11     10      8
     11     10     10      9     10
     12     12     13      9      8
     15     14     13     11      9
      9     10     12     10      8

      8     10     12     14     11
     11     10     10      9      9
     13     13     13     11      8
     17     13     14     10      9
     14     15     14     12      9

      8      8     10      7      8
     10     10      9      9      7
     11     11      9      6      6
     15     10     11      9      8
      9     10      8      8      8

      6      6      7      8      6
     10      9      7      7      6
      8      8      9      7      7
     11     11     10      7      6
      7      8      8      7      7

      5      4      4      7      4
      7      5      6      6      4
      8      8      7      6      4
      9      8      6      5      5
      6      6      4      4      6

      3      5      4      4      2
      6      4      4      5      2
      5      5      6      3      3
      6      9      6      3      3
      4      6      1      4      3

      1      1      4      2      3
      2      4      2      2      1
      3      3      2      2      3
      6      5      3      0      2
      1      3      0      2      2

      0      0      0      1      0
      1      1      0      3      0
      3      3      2     -1     -1
      2      2      0      1      1
      2      2      0      2      1

      0      0      0      0      0
      0      1      1     -1     -1
      1      1      0      0     -1
      0      2      0     -1     -2
      0      1     -1      0      0

      0      0      0      0      0
      2      0      0      1      0
      0      0      1      0      2
      2      1      0     -1      0
      0      2      0      1     -1

      0      0     -1      0      0
      0      0      0      0      0
      1      1      0      0      0
      2      2      1     -2      0
      1      0      0      2      0

     -1     -1      0     -1     -1
      0      1      0      2      0
      0      0     -1      0      2
      2      1     -1     -2     -1
      0      0     -2      1      1

      0      0      0      0      0
     -2      0      0      0      0
      0      0      0     -2      0
      2      1      0      0      0
     -1      0      0      1      0

     -1      0     -1      0     -2
      2      0      0      0      0
      0      0      0      2      1
      0      0     -2     -2     -2
     -1      0     -2      1      1

     -1     -1     -1      1      1
      0      2      0      1      0
      1      1      0     -2      0
      1      2      0     -2      0
      1      2     -2      0      0

      0      0      0      0      1
      0      2      0      0     -1
      0      0     -1      0      0
      1      0      0     -2      1
      0      1     -1      0      0

      0      0      0      2      0
      0      1     -1     -1     -1
      0      0      0      0      0
      0      1     -1      0      0
      0      0      0      0      1

      1     -1     -1      0      0
      0      0      0      0      0
      0      0      2      1      0
      0      0      0      0     -1
      1      0      0      1      0

      1      0      3      0     -1
      1     -1      0     -1      1
      0      0      1      0      0
      0      0      0      1      0
      0      0      0      0      0

      1     -1      0      1      0
      2      1      1     -2      1
      0      0      0      0      1
      0      0      0      0      0
      0      0     -1      1      0

      1      0      0      1      0
      0      0      0     -1      0
      0      0      0      0      2
      1      0      0      1      0
     -1      1      0      0      0

      0      0     -1      0     -1
      0      0      0     -2      1
      0      0      1      0      0
      0      0      0      0     -1
     -1      1     -1      2      0

      1     -1      1      0     -1
     -1     -1      0     -2      1
      0      0      2      1      0
      0      0      0      0      0
      0      2      0      1      0

      0      1      0      1     -2
      0      0      0     -1      0
     -1     -1      0      1      0
     -1      0      0      0      0
      0      0      0      1      0

      0     -1      0      0      0
      0      0      1      0      0
      2      2      2      1      0
      0      0      1      0      0
      2      1      0      0      0

      1      0      0      1      0
      0      1      0      0      1
      1      1      1      0      0
      1      0      0      0      0
      1      0      0      0      2

      2      3      4      1      1
      2      1      1      3      0
      2      2      4      0      2
      1      1      1      3      1
      4      1      1      2      2

      4      3      4      4      2
      4      3      3      2      3
      4      4      5      4      4
      4      3      3      6      2
      4      4      3      3      2

      5      4      5      5      2
      5      6      3      5      4
      6      6      8      6      5
      7      6      5      5      3
      6      5      4      4      5

      4      4      4      3      2
      3      4      3      1      4
      2      2      3      4      3
      5      4      3      5      1
      3      5      3      3      2

      1      1      1      1      1
      0      0      1      1      1
      1      1      2      1      0
      1      1      1      2      1
      3      2      2      1      1

      3      2      1      2      3
      2      1      2      0      1
      1      1      3      2      2
      3      2      2      3      2
      1      3      1      3      2

      5      6      5      4      4
      6      6      5      3      5
      6      6      7      5      7
      7      7      5      7      5
      5      5      6      4      4

      6      8      8      8      7
      8      9      6      5      7
     11     11     11      8      9
     11     10     11     10      8
      7      8      7      5      7

      6      7      7      6      5
      8      7      6      5      6
     10     10     10      8      8
      9      8      7      8      7
      7      7      8      7      5

      6      4      4      5      4
      6      7      6      4      6
      6      6      7      6      8
      7      6      4      7      4
      6      6      3      4      4

      4      5      5      5      4
      6      7      6      3      5
      8      8      7      7      6
      8      7      9      6      6
      4      7      3      5      4

      6      7      6      8      6
      6      7      7      5      7
     11     11     11     10      9
     10     10      9      8      7
      8      7      6      6      6

      9      8      9      9      5
      9     11      8      8      8
     12     12     12      9      8
     12     10      9     10      9
      9      9      9      6      7

      8      8      9      9      6
     11      9      8      9      9
     12     12     13     12     11
     13     10     11     11      9
     10     10      8      7      7

     10      9      9      8      7
      9     10      9      7      8
     12     12     13     10      9
     13     10     11     10      8
      7     10      9      8      7

      8      9      9      8      7
      9     10      8      7     10
     14     14     15     11     10
     14     10     12     12      7
      7      9      9      7      6

      9      8      9      9      8
     11     10      8      8      8
     13     13     13     13     10
     14     11     12     12      9
      8     10      8      8      7

      8      9      9      8      8
     10     10      9      7      8
     13     13     14     11      9
     14     11     10     11      8
      9      9     10      7      7

      9      9      9      7      8
     11     10      9      9      8
     12     12     13     12     11
     13     12     10     10      7
      9     10      9      6      7

      8      8      8      7      7
     10      8      6      7      7
     11     11     13      9     10
     14     10     10      9     10
      9      9      8      6      8

      8      8      8      7      7
     10      8      7      7      7
     12     12     12     11      9
     13      9      9     10      7
      8      7      7      7      5

      7      6      8      7      8
      8      9      9      8      8
     12     12     12     10      8
     12     10      9     10      8
      8      8      7      8      6

      8      8      7      7      6
      8      7      7      5      8
     12     12     12      9      9
     12      9     10      9      7
      6      9      8      7      6

      7      8      8      8      6
      8      8      7      6      7
     10     10     10      9      8
     12      9     10     10      7
      5      7      7      6      7

      7      9      8      6      4
      9      9      8      8      8
     11     11     12     11      8
     14     10     11     10      8
      7      9      9      6      7

      8      7      8      8      5
      9      9      7      6      7
     11     11     12     10      9
     13      9     12     10      8
      9      8      8      6      6

      6      9      9      7      6
     10      9      8      7      6
     12     12     11     10      9
     14     11      9     11      9
      8      9      9      6      7

      6      8      9      7      5
      9      8      6      5      7
     10     10     12     10      8
     12     10     13      9      7
      7      9      8      6      8

      6      6      7      8      6
      7      8      6      5      6
     10     10     10      8      7
     13      8      9     10      8
      8      9      8      6      5

      5      7      5      5      4
      7      7      5      3      5
     10     10      9      9      7
      9      9      8      8      7
      6      8      7      6      7

      4      5      8      6      6
      6      5      5      3      4
      8      8      9      4      6
      8      8      7     10      6
      5      7      7      5      6

      5      3      4      4      5
      6      5      3      4      4
      7      7      7      5      5
      8      6      7      6      6
      4      5      6      6      6

      4      3      5      5      3
      3      6      6      3      4
      6      6      7      6      5
      8      7      5      8      4
      6      5      6      5      6

      3      6      2      5      3
      3      5      4      2      2
      7      7      6      4      4
      6      6      6      6      4
      4      6      5      5      5

      3      4      3      3      3
      5      5      5      4      3
      5      5      6      6      6
      5      5      4      7      6
      5      5      4      4      3

      3      2      2      3      2
      6      3      2      1      4
      6      6      5      4      2
      5      6      7      6      4
      3      4      4      3      2

      3      4      5      3      2
      4      4      3      2      4
      4      4      8      3      4
      5      5      5      5      5
      4      4      5      4      4

      3      3      1      2      2
      5      2      3      2      2
      4      4      7      4      3
      6      3      3      5      3
      4      4      5      4      5

      0      1      1      4      0
      3      4      3      3      5
      4      4      4      4      4
      3      5      5      4      1
      4      2      2      0      2

      1      0      2      1      2
      3      2      2      0      3
      5      5      5      3      3
      4      2      2      5      3
      2      4      1      2      3

      2      1      1      2      0
      1      2      2      1      0
      1      1      2      4      3
      8      1      4      4      5
      2      4      3      0      2

      1      1      2      1      0
      0      3      2      1      1
      2      2      2      3      3
      3      4      2      2      3
      3      3      0      2      4

      1      0      4      3      0
      1      0      2      1      2
      0      0      4      2      2
      4      2      2      2      1
      1      1      0      1      2

      2      2      4      3      0
      2      2      0      0      0
      3      3      3      2      1
      2      1      3      3      0
      2      5      2      0      4

      1      0     -1      3      2
      3      0      3      0      3
      0      0      2      2      2
      3      0      3      2      0
      2      2      0      1      4

      1      3      1      3      1
      1      1      0      0      0
      0      0      2      0      0
      3      1     -1      1      2
      0      2      1      0      0

      2      0      0      0      0
      1      1      0      0      2
      3      3      1      2      6
      0      1      2      3      1
      2      0      0      2      2

      0      0      2      2      1
     -1      1      0     -1      0
      2      2      4      1      0
      1      0      0      3      2
      0      0     -2      3      0

      0      0      1      1      0
      4      1     -2      0      0
     -1     -1      1      0      1
      3      0      0      1      1
      0      2      0      0      2

     -1      1      1      2      0
      2      0      2      1      0
      1      1      2      3      0
      0      1     -1      3      1
      2      1     -1      0      1

      0      0      0      1     -2
      1      1      3     -1      1
     -2     -2      0     -3      0
      0      2      0      2      0
     -1      1     -1      1      0

     -1     -1     -3      4     -2
      0      0      0      1      0
      0      0      1      0      1
      1      0      0      4      0
     -1     -1     -3      2     -1

      0      0      0      0     -3
      0      0     -2      0     -1
      0      0      2     -2      1
     -1      0      1     -2      0
     -1      0      0      0     -1

     -3      0     -2      1      0
      3      2      1     -2      3
      1      1      1      1      1
      0     -3     -1      1      0
     -2      4     -1      0      1

