;
; ENVI ASCII Output of file: E:\Imaging\ROI_AVIRIS_TestSet\5_4_2.img [Wed Dec 06 10:34:14 2017]
; File Dimensions: 5 samples x 5 lines x 224 bands
; Line Format    : (5i7)
;
    489    474    476    478    486
    465    460    483    480    500
    465    460    469    476    487
    481    469    469    476    487
    493    485    489    487    482

    546    552    562    550    561
    568    559    545    577    565
    568    559    547    559    571
    559    557    547    559    571
    553    570    567    564    563

    567    576    572    600    600
    575    588    590    598    605
    575    588    573    591    597
    576    596    573    591    597
    568    593    578    589    626

    699    717    717    725    715
    718    715    733    723    725
    718    715    734    724    722
    725    722    734    724    722
    715    707    715    734    740

   1035   1046   1045   1043   1048
   1046   1058   1056   1049   1039
   1046   1058   1067   1050   1051
   1046   1043   1067   1050   1051
   1037   1048   1043   1058   1070

   1076   1092   1090   1091   1089
   1105   1097   1098   1080   1084
   1105   1097   1102   1087   1081
   1087   1088   1102   1087   1081
   1078   1081   1089   1111   1111

   1016   1022   1023   1024   1030
   1038   1031   1031   1018   1009
   1038   1031   1033   1028   1019
   1020   1024   1033   1028   1019
   1003   1016   1027   1039   1035

    926    941    939    939    937
    952    957    947    929    934
    952    957    950    946    942
    934    942    950    946    942
    914    935    932    965    957

   1009   1019   1018   1015   1011
   1034   1038   1034   1003    997
   1034   1038   1034   1032   1015
   1001   1017   1034   1032   1015
    985    995   1003   1042   1037

   1028   1040   1052   1043   1044
   1065   1057   1047   1031   1026
   1065   1057   1065   1055   1036
   1020   1029   1065   1055   1036
   1013   1018   1032   1061   1057

    993   1012   1011   1004   1000
   1032   1035   1006    998    987
   1032   1035   1023   1024    997
    983   1001   1023   1024    997
    962    983   1002   1025   1025

    916    945    953    950    944
    964    964    954    927    935
    964    964    962    963    942
    916    938    962    963    942
    904    914    930    969    962

    874    902    900    897    890
    907    917    895    878    877
    907    917    910    913    891
    866    891    910    913    891
    851    861    883    914    925

    798    816    822    816    815
    833    837    822    799    801
    833    837    829    829    810
    791    810    829    829    810
    780    794    811    844    830

    741    755    759    757    745
    767    768    762    745    745
    767    768    773    771    752
    740    754    773    771    752
    729    729    752    771    772

    672    687    686    690    687
    695    703    691    683    673
    695    703    702    702    683
    671    695    702    702    683
    660    672    683    711    706

    605    615    614    617    621
    618    624    617    609    612
    618    624    627    627    615
    611    618    627    627    615
    596    601    619    638    631

    577    590    591    592    591
    594    598    590    584    585
    594    598    604    599    590
    585    598    604    599    590
    574    577    596    609    601

    550    565    568    566    560
    568    571    563    557    557
    568    571    579    571    564
    558    577    579    571    564
    552    553    571    578    570

    522    531    532    535    529
    536    534    533    528    521
    536    534    546    544    532
    531    541    546    544    532
    518    529    536    548    546

    483    493    490    493    494
    494    493    495    490    489
    494    493    508    498    491
    490    500    508    498    491
    479    490    497    512    507

    444    451    457    459    459
    460    454    457    455    454
    460    454    466    466    463
    460    467    466    466    463
    448    460    465    473    467

    426    427    430    427    434
    430    429    430    431    430
    430    429    440    434    434
    431    444    440    434    434
    423    435    437    448    438

    384    388    390    388    388
    390    385    390    390    390
    390    385    400    389    393
    396    403    400    389    393
    383    398    399    402    395

    366    360    367    366    371
    365    362    368    374    369
    365    362    376    373    374
    379    380    376    373    374
    367    374    377    381    374

    353    356    358    355    356
    357    352    355    357    360
    357    352    366    363    361
    367    377    366    363    361
    360    368    373    373    365

    329    333    336    339    338
    336    328    336    339    336
    336    328    343    338    342
    352    352    343    338    342
    335    346    349    350    342

    311    310    312    313    314
    310    307    314    316    314
    310    307    320    317    317
    327    331    320    317    317
    318    325    326    328    320

    295    298    301    303    303
    297    299    304    302    305
    297    299    309    305    308
    320    323    309    305    308
    306    314    318    314    305

    275    276    280    283    281
    278    273    284    283    283
    278    273    288    283    289
    295    301    288    283    289
    287    296    293    296    281

    264    264    267    269    266
    264    262    264    272    270
    264    262    274    272    272
    283    283    274    272    272
    272    283    284    280    270

    259    260    261    265    265
    261    260    266    269    266
    261    260    271    266    269
    283    283    271    266    269
    267    278    283    278    271

    255    256    260    260    267
    257    255    264    271    256
    257    255    267    268    269
    282    278    267    268    269
    264    276    277    273    267

    258    259    261    264    264
    261    260    265    269    265
    261    260    272    266    269
    282    283    272    266    269
    268    277    282    278    270

    240    240    241    248    251
    241    240    245    253    250
    241    240    257    251    250
    268    264    257    251    250
    250    258    267    264    251

    214    212    218    218    225
    214    214    224    227    224
    214    214    233    223    225
    238    239    233    223    225
    220    235    238    241    219

    196    188    192    197    199
    191    191    192    204    198
    191    191    207    198    200
    215    213    207    198    200
    200    206    209    212    196

    187    183    185    189    195
    188    181    188    200    200
    188    181    205    189    194
    212    211    205    189    194
    196    203    207    210    190

    173    167    171    177    178
    171    166    172    183    180
    171    166    184    176    181
    195    198    184    176    181
    177    184    194    195    171

    134    132    133    134    138
    134    129    135    143    142
    134    129    143    138    141
    151    153    143    138    141
    137    145    153    152    136

    147    138    142    144    150
    144    140    146    152    153
    144    140    157    145    150
    166    166    157    145    150
    151    156    165    165    143

    159    152    155    158    166
    158    151    155    168    174
    158    151    176    158    165
    185    187    176    158    165
    166    166    182    185    156

    164    153    156    159    170
    158    149    158    171    174
    158    149    177    160    167
    188    190    177    160    167
    168    170    184    187    158

    102     92     95     96    104
     96     91     96    104    109
     96     91    106     96    103
    116    118    106     96    103
    103    102    113    114     94

    131    121    121    125    136
    129    116    124    137    142
    129    116    144    125    134
    152    157    144    125    134
    133    134    149    155    121

    140    128    127    132    145
    137    124    128    150    154
    137    124    154    134    141
    163    164    154    134    141
    142    141    160    168    132

    126    116    118    121    134
    123    116    119    136    141
    123    116    140    124    129
    154    153    140    124    129
    132    132    148    154    116

    119    109    110    112    126
    115    105    110    127    132
    115    105    132    114    121
    147    145    132    114    121
    124    120    141    144    108

    113     99    101    103    117
    104     97    101    117    121
    104     97    121    107    109
    132    135    121    107    109
    114    113    130    132    100

     88     79     81     85     91
     82     78     81     94     99
     82     78     93     82     90
    105    107     93     82     90
     91     91    103    102     82

     94     79     81     84     97
     85     78     83     97    102
     85     78     97     85     92
    112    112     97     85     92
     93     93    107    108     83

     99     85     88     89    100
     90     81     87    104    110
     90     81    103     89     98
    119    120    103     89     98
     96     96    115    118     87

    108     90     91     93    111
     97     88     94    114    119
     97     88    112     95    104
    129    131    112     95    104
    104    104    123    127     91

    103     84     87     90    103
     90     84     89    109    113
     90     84    109     90     99
    126    125    109     90     99
    101     98    118    120     87

    101     83     86     87    102
     89     80     86    108    114
     89     80    106     86     97
    124    126    106     86     97
     97     98    117    119     84

     96     78     81     84     99
     84     75     82    102    108
     84     75     98     83     92
    119    119     98     83     92
     93     94    112    113     79

     92     74     75     80     94
     79     72     79     98    106
     79     72     94     79     91
    116    115     94     79     91
     88     89    108    110     76

     71     56     59     62     72
     58     57     61     76     78
     58     57     70     61     71
     87     88     70     61     71
     71     70     85     81     59

     55     47     51     52     61
     50     49     56     64     67
     50     49     59     52     58
     73     71     59     52     58
     59     61     67     67     50

     50     44     47     48     55
     44     46     52     60     60
     44     46     50     49     53
     67     64     50     49     53
     56     57     64     56     43

     44     39     42     43     46
     37     41     47     53     51
     37     41     45     43     47
     59     57     45     43     47
     50     50     55     50     40

     29     26     29     26     24
     25     30     33     31     25
     25     30     26     31     33
     29     30     26     31     33
     35     35     28     27     22

     18     18     17     19     16
     16     18     19     17     17
     16     18     17     16     17
     18     17     17     16     17
     22     18     16     17     14

     22     20     21     23     21
     20     25     25     25     22
     20     25     22     22     24
     26     26     22     22     24
     29     27     24     21     19

     38     35     39     40     40
     34     38     45     46     45
     34     38     42     42     45
     54     49     42     42     45
     48     47     49     42     35

     45     41     44     48     48
     41     45     52     59     56
     41     45     48     49     54
     64     59     48     49     54
     56     58     61     51     41

     56     46     51     56     62
     47     50     62     73     72
     47     50     58     55     66
     83     76     58     55     66
     66     68     76     66     50

     60     51     55     58     67
     51     52     64     80     80
     51     52     63     59     70
     88     85     63     59     70
     67     71     85     72     51

     60     50     53     57     67
     49     52     63     79     77
     49     52     62     57     69
     89     83     62     57     69
     67     69     83     70     51

     59     48     52     58     67
     50     51     62     79     77
     50     51     61     56     69
     91     84     61     56     69
     65     69     84     72     51

     59     48     51     56     64
     48     51     62     78     76
     48     51     60     56     67
     87     82     60     56     67
     68     69     82     70     50

     55     45     48     54     62
     45     48     59     76     74
     45     48     57     53     64
     84     80     57     53     64
     61     65     79     66     47

     54     45     49     54     62
     45     48     58     75     74
     45     48     57     50     63
     83     78     57     50     63
     61     66     77     66     47

     52     40     45     50     59
     42     44     55     71     70
     42     44     54     49     60
     80     74     54     49     60
     60     61     75     63     44

     50     40     44     48     57
     40     45     56     71     69
     40     45     52     48     58
     78     73     52     48     58
     58     60     73     62     42

     46     38     40     45     52
     37     40     52     64     62
     37     40     48     46     54
     72     66     48     46     54
     55     56     67     55     39

     42     35     37     42     48
     35     38     48     60     57
     35     38     44     42     50
     66     61     44     42     50
     51     52     61     51     36

     38     32     34     37     44
     32     37     44     55     52
     32     37     41     39     46
     60     56     41     39     46
     46     48     55     46     32

     28     25     27     30     31
     24     28     34     39     36
     24     28     31     31     34
     43     41     31     31     34
     38     38     40     32     24

     16     16     16     17     17
     15     19     21     21     18
     15     19     18     18     19
     23     22     18     18     19
     23     22     21     18     13

      5      5      4      5      3
      4      7      4      4      4
      4      7      4      5      5
      5      5      4      5      5
      9      5      4      5      4

      4      4      2      4      3
      4      4      5      4      4
      4      4      3      4      3
      4      4      3      4      3
      7      4      2      4      3

      6      6      4      5      4
      6      6      6      6      5
      6      6      4      6      6
      5      6      4      6      6
      9      7      5      6      3

      5      5      5      5      5
      5      7      5      5      5
      5      7      6      5      6
      5      5      6      5      6
      9      5      4      6      5

     10      9      8      9      8
      9     12     12     11     10
      9     12     10     11     10
     12     12     10     11     10
     16     12     10     10      7

     17     17     17     18     19
     16     19     23     24     22
     16     19     20     21     22
     26     25     20     21     22
     26     24     23     21     14

     20     19     21     22     22
     18     23     28     29     27
     18     23     23     24     26
     30     29     23     24     26
     31     29     28     25     17

     20     18     19     19     20
     17     21     24     26     24
     17     21     22     21     23
     28     27     22     21     23
     27     27     27     23     17

     20     19     19     23     22
     18     23     25     28     26
     18     23     24     23     26
     29     29     24     23     26
     30     29     28     24     17

     17     17     18     19     19
     15     19     22     26     23
     15     19     22     20     22
     26     27     22     20     22
     27     25     25     21     15

     20     19     19     22     22
     17     22     27     29     25
     17     22     24     23     25
     30     31     24     23     25
     29     29     29     24     17

     22     20     22     24     24
     19     23     27     32     29
     19     23     26     24     29
     33     33     26     24     29
     31     31     32     28     18

     24     22     24     26     28
     21     28     32     36     34
     21     28     27     27     31
     38     39     27     27     31
     34     35     35     30     20

     24     22     24     27     27
     22     26     32     37     35
     22     26     29     26     31
     39     37     29     26     31
     36     35     36     30     19

     22     20     23     24     25
     21     25     31     35     31
     21     25     26     25     29
     37     36     26     25     29
     34     34     34     27     18

     19     19     20     21     21
     18     24     29     30     25
     18     24     25     23     25
     31     28     25     23     25
     33     29     28     24     15

     22     20     23     24     25
     21     25     31     35     31
     21     25     26     25     29
     37     36     26     25     29
     34     34     34     27     18

     22     17     26     23     25
     24     21     31     35     31
     24     21     26     25     29
     36     33     26     25     29
     30     31     37     29     22

     24     14     22     21     30
     22     22     26     38     34
     22     22     24     26     32
     44     31     24     26     32
     24     32     38     26     22

     21     18     24     23     24
     22     25     27     39     33
     22     25     24     24     29
     43     33     24     24     29
     31     34     35     27     21

     25     18     24     24     31
     20     16     31     40     35
     20     16     25     25     32
     41     38     25     25     32
     24     37     40     28     22

     21     16     22     20     23
     19     19     24     28     27
     19     19     20     19     21
     35     29     20     19     21
     24     28     30     23     21

     14     12     14     16     18
     16     16     19     23     18
     16     16     15     18     22
     23     22     15     18     22
     19     19     23     14     13

     70     55     42     48     61
     34     44     56     60     68
     34     44     75     60     66
     86     77     75     60     66
     60     62     75     87     78

      7      8      6      8      9
      8      5      8     10      9
      8      5      7      7     10
      9      9      7      7     10
      7      8     10      7      5

      4      6      3      3      4
      4      4      8      5      7
      4      4      3      4      5
      5      6      3      4      5
      6      6      7      5      2

      0      1      1      0     -1
      0      0      0      0      1
      0      0      0      0      2
      0      0      0      0      2
      0      1      3      0      0

      1      1      2     -1      0
      0      0     -2      0      1
      0      0     -1      0      0
      0      1     -1      0      0
     -1      0      0      0      0

      0      0     -1     -1      0
      0      2      0      1      2
      0      2      0      2      0
      0      0      0      2      0
      0      0      2     -2      0

      1      0      1      1      0
      1      0      1      0      0
      1      0      0      1      0
      1      1      0      1      0
      1      2      1      0      1

     -7     -1     -1      0      1
      2     -3     -4      0      1
      2     -3      0     -1      2
     -2      2      0     -1      2
      0      0     -3     -5     -6

     -2      0      3     -2      2
      2     -2      0      2      2
      2     -2     -2      0      0
     -3      2     -2      0      0
      2      1      0      0     -2

      1      1      0     -1      2
      3      0      1      1      0
      3      0      0      4      1
      0      1      0      4      1
      4      4      1      0      0

      0      3      2      0      0
      0      0     -1     -3      0
      0      0      0      1      0
     -2      3      0      1      0
      4      2      0      0      0

      1      0      1      0      1
      1     -1      0      2      1
      1     -1      3      0      2
      1      3      3      0      2
      2      1      1      0      0

      3      2      0      0      4
      0      3      0      2      1
      0      3      1      2      6
      0      1      1      2      6
      4      2      2      1      3

      3      2      6      5      4
      5      4      0      4      4
      5      4      3      3      2
      4      5      3      3      2
      2      4      4      3      2

      5      4      6      6      6
      6      5      3      6      3
      6      5      3      0      5
      4      7      3      0      5
      6      1      6      6      4

      1      2      4      2      3
      6      2      4      5      6
      6      2      4      4      5
      3      6      4      4      5
      3      6      5      4      2

      3      4      5      4      4
      8      6      4      6      5
      8      6      3      3      7
      4      7      3      3      7
      7      5      8      3      3

     10      8     13      9     12
     11      9     11     14     12
     11      9      9      9     13
     13     12      9      9     13
     13     15     14     11     11

     15     13     14     14     17
     13     13     14     22     17
     13     13     14     15     19
     22     22     14     15     19
     18     20     23     17     12

     19     17     19     21     22
     18     17     24     28     25
     18     17     19     18     25
     30     26     19     18     25
     19     25     32     23     17

     22     18     20     22     23
     22     20     26     34     32
     22     20     22     23     29
     38     35     22     23     29
     22     31     35     26     19

     25     19     21     22     26
     19     20     29     37     30
     19     20     23     22     28
     42     35     23     22     28
     24     33     38     28     20

     37     17     17     20     33
     27     15     22     42     44
     27     15     30     19     32
     57     45     30     19     32
     18     26     45     39     23

     27     22     24     26     31
     22     22     32     40     36
     22     22     25     26     33
     50     38     25     26     33
     28     36     44     31     22

     22     20     25     25     29
     21     20     31     41     34
     21     20     23     26     32
     48     38     23     26     32
     25     35     43     31     20

     22     19     18     20     26
     20     20     28     38     31
     20     20     21     21     29
     42     33     21     21     29
     22     29     38     26     20

     21     18     20     22     24
     20     20     28     38     31
     20     20     21     23     30
     46     36     21     23     30
     24     32     42     27     20

     23     17     19     22     27
     17     19     30     39     32
     17     19     23     22     32
     47     35     23     22     32
     25     33     41     26     21

     22     15     21     23     26
     18     21     28     35     29
     18     21     22     23     27
     43     34     22     23     27
     22     33     38     26     18

     23     16     20     20     22
     20     16     26     36     29
     20     16     21     20     29
     42     31     21     20     29
     23     31     38     25     19

     22     18     20     24     25
     20     21     30     38     32
     20     21     22     22     28
     45     34     22     22     28
     25     30     38     27     18

     22     15     19     20     23
     18     21     27     38     30
     18     21     23     21     27
     41     33     23     21     27
     26     32     36     24     17

     20     14     19     21     24
     18     19     26     36     31
     18     19     19     20     27
     40     33     19     20     27
     22     30     38     26     18

     20     17     18     19     21
     17     18     26     33     27
     17     18     18     21     26
     37     30     18     21     26
     21     30     36     24     20

     17     14     20     20     21
     16     17     24     32     27
     16     17     20     19     24
     38     31     20     19     24
     19     27     32     25     17

     18     13     17     18     22
     18     18     23     28     26
     18     18     20     20     24
     35     28     20     20     24
     19     26     33     22     18

     16     14     17     17     20
     17     16     22     26     24
     17     16     20     18     23
     30     26     20     18     23
     19     26     29     22     16

     17     11     16     16     16
     13     13     17     21     17
     13     13     17     15     20
     24     24     17     15     20
     16     21     24     17     14

     11     10     15     13     13
     15     13     18     19     17
     15     13     12     14     17
     21     20     12     14     17
     15     18     22     16     13

     11     10     12     12     14
     13     10     14     15     14
     13     10     14     12     14
     19     18     14     12     14
     13     16     17     13     11

     12     10     11     13     12
     10     10     12     16     15
     10     10     13     14     14
     16     16     13     14     14
     12     15     18     13     12

      9      8     11      9     11
     11      9     10     13     11
     11      9      9     11     12
     15     15      9     11     12
     12     14     16     11     10

     10      8      9      9     13
      9      9     12     14     15
      9      9     11     10     16
     16     17     11     10     16
      9     13     15     11      8

      7      8      9     10      9
      9      8      9     12     10
      9      8     10      9     12
     13     11     10      9     12
     13     12     14      9      7

      7      6      8      7      7
      6      7      8     10     10
      6      7      8      8     11
     11     12      8      8     11
      9     11     11      8      7

      6      6      8      5      7
      5      5      6      7      6
      5      5      6      5      8
      8     10      6      5      8
      6      7      9      6      7

      4      3      6      5      5
      2      3      4      6      6
      2      3      5      5      6
      6      7      5      5      6
      5      7      6      5      3

      1      4      4      2      4
      2      3      2      5      4
      2      3      2      3      4
      4      6      2      3      4
      4      5      4      3      1

      2      1      0      1      2
      1      0      0      2      2
      1      0      0      3      2
      2      3      0      3      2
      0      1      0      1      0

     -1      0      0      0      0
      0     -1     -1      1      0
      0     -1     -1      1      1
      0      3     -1      1      1
      1      0      0      0      0

      0      1      0      1      1
      0      0     -1      0     -1
      0      0     -2      0      0
     -1      2     -2      0      0
      1      0      0      0     -1

      0      0      1      0     -2
      1      0     -1      0      1
      1      0      0     -2      1
      1      1      0     -2      1
      0      0      0      1      0

      0      0      0      0      0
      0      0     -2      0      0
      0      0      0      1      1
     -2      2      0      1      1
      0      0      1      0     -2

      0     -2      1      0      0
      1      0      0      0      1
      1      0     -2      0      1
     -1      2     -2      0      1
      1      1      0      1      0

      0      0      0      0      1
      3     -1      0      0      0
      3     -1      1      0      1
     -1      1      1      0      1
      0      0      0      0     -3

      1      0      0     -2     -2
      0     -1     -2     -1      0
      0     -1      0     -2      0
      0      2      0     -2      0
      0      3      0      0     -2

      0      0      0      0      0
      1      0      0      1     -1
      1      0      0      0      2
     -2      0      0      0      2
      0      0      0      1     -3

      1      0      0      1      0
      1      0      2      0      0
      1      0     -1      2      0
      0      0     -1      2      0
      4      0     -1      0      1

      1      1      1      0      3
      0      1      1     -1      0
      0      1     -1      4      0
     -1      1     -1      4      0
      0      0      0      0      0

      2      1      0      0      0
      0      0      0      0      0
      0      0      0      2      0
     -1     -1      0      2      0
      1      0      0      0      0

      0      0      0      2      0
      0      0      1      0      0
      0      0     -1      1      0
      0      0     -1      1      0
      2      0     -1      0      0

      1      1      0      0      1
      0     -1      2     -1      0
      0     -1     -1      2      1
      0      0     -1      2      1
      0      0      0     -2      0

      1      0      0      0      1
      0      1      1      0      0
      0      1      0      2      0
      0      0      0      2      0
      0      0      0     -1      1

      1      0      0      0      0
      0      0      1      0      0
      0      0      0      1     -1
      0      0      0      1     -1
      0      0      0      0      0

      2      0      0      1      0
      0      2      1     -2      0
      0      2      0      3      0
      0      0      0      3      0
      0      0      0      0      1

      0      0      0      2      0
      0      1      1      1      0
      0      1      0      2      0
      1      0      0      2      0
      2      0      0      0      2

      1      1      0      0      1
      2      0      2      0      0
      2      0      0      2      1
      0      1      0      2      1
      0      0      0      1      1

      2      3      1      2      1
      2      1      4      1      2
      2      1      1      4      2
      2      1      1      4      2
      4      1      2      1      3

      5      4      3      4      3
      3      2      5      4      3
      3      2      2      5      2
      6      5      2      5      2
      5      4      3      4      4

      6      5      6      5      4
      5      5      4      4      5
      5      5      4      6      3
      7      6      4      6      3
      6      3      4      3      6

      4      3      3      4      2
      6      3      5      2      3
      6      3      5      6      3
      4      4      5      6      3
      5      2      3      4      5

      2      1      0      3      2
      2      1      2      0      2
      2      1      2      4      1
      1      2      2      4      1
      2      1      1      2      2

      2      3      2      2      2
      3      1      3      1      2
      3      1      2      3      1
      1      2      2      3      1
      2      3      3      2      3

      6      6      6      6      4
      5      5      8      5      4
      5      5      6      6      6
      8      7      6      6      6
      7      6      7      5      5

      9      8      8      9      8
      9      8      9      9      7
      9      8      9     10      7
     13     11      9     10      7
     10     10     10      9      8

      6      6      6      7      6
      8      8     10      8      7
      8      8      8      9      7
     11      9      8      9      7
      9      8      9      8      7

      6      6      6      6      5
      5      6      7      6      6
      5      6      7      7      5
      9      7      7      7      5
      8      6      7      6      5

      7      6      5      5      5
      6      7      8      6      7
      6      7      7      8      5
      9      7      7      8      5
      7      6      7      6      6

     12      8      8      7      7
      8      9     12      8      9
      8      9     10     10      8
     13     10     10     10      8
     10     10      9      8      8

     10      9     10      9      9
      9     11     13     10      9
      9     11     11     12     10
     13     12     11     12     10
     13     13     13      9      8

      9      9      9      9      7
     10     11     12     10     10
     10     11     10     12     10
     15     12     10     12     10
     13     14     13     10      9

     11      8     10     10      8
     10     11     13     11      9
     10     11     11     11     10
     15     14     11     11     10
     12     13     13     10      9

     11     10     10     10     11
     10     10     12     11      8
     10     10     10     11     11
     15     13     10     11     11
     13     13     13      9      8

      9      8     10     10      9
     11     10     11     12     10
     11     10     11     12      9
     16     14     11     12      9
     14     12     13      9      9

     10      8      9     10     10
     10     12     14     13     11
     10     12     11     12     13
     17     13     11     12     13
     13     13     14     10     10

     10      9     10     11      8
     10     11     13     11     10
     10     11     12     13     10
     15     14     12     13     10
     13     13     13     10      9

     10      9      9     10     10
      9     11     12     10     10
      9     11     11     12     10
     13     13     11     12     10
     11     13     13     11      7

     10      9      8      7     10
     10     10     14     10      9
     10     10      9     10     10
     12     11      9     10     10
     13     12     12     11      8

      9      9      9      9     11
      8     10     13      9      9
      8     10     10     11      9
     14     13     10     11      9
     11     12     13     11      7

      9      8      8      9      9
      9      7     13     10      9
      9      7      7     11      8
     14     13      7     11      8
     13     12     13     10      7

      8      8      9      9      8
      8      9     11     10     11
      8      9      8     10      9
     15     11      8     10      9
     11     12     14      9      8

      9      9     10     11     11
      9      9     13     11     10
      9      9     11     12     11
     13     13     11     12     11
     12     15     13     12      8

     11      8     10     10     10
     10     10     12     13      9
     10     10     11     12     10
     16     15     11     12     10
     11     14     16     11      9

     10      8     10     12     10
      9     10     13     12     11
      9     10     11     12     10
     16     12     11     12     10
     12     12     13     10      9

     11      9      6      8      9
     10      7     13     11     11
     10      7     10     11     11
     15     15     10     11     11
     14     14     13     12     11

      7      7      7     10      9
      8      8     13     11      9
      8      8      9     10      9
     14     11      9     10      9
     11     11     10      9      9

      6      6      8      7      8
      8      7      8      9      9
      8      7     10      9      8
     10     11     10      9      8
      9     10     10      8      8

      6      6      7      8      5
      6      4      8      9      7
      6      4      8      6      6
     10     11      8      6      6
      7      9     10      9      7

      6      5      7      6      6
      6      5      7      6      6
      6      5      7      7      6
      7     10      7      7      6
      7      7      8      6      7

      5      6      6      6      6
      5      5      5      5      6
      5      5      5      8      6
      6     10      5      8      6
      6      6      7      8      7

      3      3      3      4      5
      6      4      5      3      4
      6      4      6      7      2
      5      6      6      7      2
      7      8      6      4      6

      5      5      4      5      2
      5      5      7      5      4
      5      5      7      5      6
      6      8      7      5      6
      5      5      7      7      5

      4      4      2      4      5
      3      6      5      3      5
      3      6      6      5      5
      6      5      6      5      5
      5      5      5      6      4

      3      4      5      5      5
      4      4      7      5      6
      4      4      5      7      4
      5      7      5      7      4
      5      6      6      6      5

      4      6      4      2      2
      3      5      4      4      6
      3      5      7      6      4
      3      6      7      6      4
      5      3      5      4      4

      3      3      1      2      4
      2      0      3      3      3
      2      0      3      7      3
      4      2      3      7      3
      2      4      3      4      4

      2      4      3      2      2
      5      3      3      2      3
      5      3      4      3      3
      3      4      4      3      3
      6      3      2      4      3

      6      6      4      5      2
      2      1      3      3      5
      2      1      6      3      4
      5      6      6      3      4
      2      1      2      2      5

      1      2      2      4      1
      1      1      2      2      3
      1      1      1      4      1
      2      2      1      4      1
      2      4      1      5      3

      0      2      1      2      2
      2      1      2      0      2
      2      1      0      3      1
      1      3      0      3      1
      6      3      2      1      3

      2      2      1      3      3
      1      2      4      1      3
      1      2      2      3      1
      1      5      2      3      1
      2      2      4      4      1

      1      2      1      1      0
      2      1      1      0      3
      2      1      1      3      4
      1      2      1      3      4
      3      0      2      4      4

      0      3      1      1      0
      0      1      2      1      1
      0      1      0      2      0
      1      2      0      2      0
      1      2      3      1      2

      5      4      1      3     -1
      1      2     -1      1      2
      1      2      1      2      2
      1      2      1      2      2
      1      0      3      4      2

      4      2     -1      1      3
      3      0      0      0      3
      3      0      1      3      2
      1      4      1      3      2
      0      0      2      2      5

      0      1      1      0      0
      1      2      3      0      0
      1      2      1      5      0
      0      1      1      5      0
      0      0      1      0      0

      0      2      1      0      2
      3      3      0      0      1
      3      3      0      2      0
      3      1      0      2      0
      0      2      0      1      0

      2      0      2      1      2
      1      1      1      0      0
      1      1      3      2      1
      0      0      3      2      1
      1      0      4      1      3

      4     -1      0      0      0
     -2     -2      2      0      0
     -2     -2      2      3      1
      0     -2      2      3      1
     -1      1      1      0      0

      0      0      1      2      0
      1      0     -1      2     -1
      1      0      0      0      0
      0      0      0      0      0
      1      0      1      1      1

      0      2     -1      1      0
     -1      0      0      0      0
     -1      0      0      2      2
     -3     -1      0      2      2
      0      2      2     -1      2

