;
; ENVI ASCII Output of file: E:\Imaging\ROI_AVIRIS\5_4_4.img [Fri Nov 17 12:07:16 2017]
; File Dimensions: 5 samples x 5 lines x 224 bands
; Line Format    : (5i7)
;
    480    447    471    492    454
    480    447    475    454    454
    469    469    468    470    473
    467    478    468    470    482
    474    473    468    470    482

    544    534    564    560    536
    544    534    522    536    536
    562    534    515    529    546
    536    543    515    529    540
    547    523    526    568    540

    565    568    578    573    580
    565    568    552    560    560
    573    567    560    555    566
    559    562    560    555    588
    589    551    567    571    588

    697    698    706    702    703
    697    698    709    696    696
    702    710    694    708    696
    717    717    694    708    711
    719    706    712    705    711

   1013   1022   1025   1019   1023
   1013   1022   1015   1020   1020
   1016   1024   1015   1015   1026
   1007   1022   1015   1015   1019
   1021   1025   1017   1025   1019

   1060   1056   1058   1055   1057
   1060   1056   1045   1054   1054
   1050   1057   1062   1046   1061
   1052   1045   1062   1046   1056
   1056   1067   1057   1052   1056

    978    986    980    983    982
    978    986    984    979    979
    976    982    982    981    984
    989    994    982    981    983
    980    986    978    979    983

    902    899    902    911    901
    902    899    895    902    902
    901    900    904    889    910
    908    894    904    889    901
    903    899    904    897    901

    973    962    962    971    967
    973    962    965    969    969
    961    961    970    963    971
    969    970    970    963    969
    970    974    969    972    969

    982    980    983    980    990
    982    980    981    976    976
    979    979    978    978    995
    995    981    978    978    977
    979    983    977    994    977

    938    934    939    947    940
    938    934    940    942    942
    935    949    943    943    939
    949    938    943    943    945
    943    948    944    947    945

    872    878    875    883    892
    872    878    873    880    880
    879    875    879    879    881
    886    879    879    879    871
    878    881    869    880    871

    828    826    820    828    831
    828    826    831    820    820
    820    824    828    823    832
    829    827    828    823    816
    826    827    828    828    816

    745    749    749    753    757
    745    749    746    748    748
    753    748    752    744    747
    757    757    752    744    750
    755    752    750    749    750

    697    698    699    703    704
    697    698    698    699    699
    693    699    697    697    701
    707    703    697    697    698
    700    696    703    699    698

    637    642    647    645    648
    637    642    636    648    648
    636    643    644    643    647
    647    641    644    643    636
    642    646    641    640    636

    584    574    581    583    586
    584    574    578    579    579
    578    581    578    580    584
    583    584    578    580    580
    579    582    582    575    580

    555    548    556    556    560
    555    548    552    554    554
    553    555    558    554    559
    558    557    558    554    553
    552    558    555    554    553

    525    522    530    528    533
    525    522    524    528    528
    527    528    537    528    534
    533    530    537    528    524
    525    534    527    532    524

    502    500    498    501    503
    502    500    500    498    498
    497    499    502    505    504
    503    503    502    505    495
    500    501    501    499    495

    459    461    464    464    472
    459    461    457    466    466
    459    465    465    466    462
    471    468    465    466    464
    462    462    467    465    464

    432    430    433    429    434
    432    430    429    429    429
    431    433    434    430    434
    437    434    434    430    433
    432    435    430    439    433

    410    407    409    413    412
    410    407    403    411    411
    404    405    410    409    409
    409    409    410    409    407
    406    408    403    413    407

    371    369    373    372    377
    371    369    367    369    369
    371    373    376    371    377
    374    377    376    371    373
    371    376    369    374    373

    358    354    358    357    360
    358    354    354    357    357
    356    355    355    352    359
    358    357    355    352    356
    354    358    352    356    356

    348    345    346    348    346
    348    345    341    345    345
    346    346    345    347    350
    348    346    345    347    347
    345    348    346    347    347

    328    327    326    330    324
    328    327    323    322    322
    326    325    326    328    331
    327    325    326    328    327
    329    326    325    323    327

    302    300    304    310    303
    302    300    303    300    300
    301    303    303    302    307
    305    305    303    302    303
    301    303    305    301    303

    293    289    295    295    294
    293    289    289    288    288
    291    290    293    293    296
    294    293    293    293    292
    289    291    291    295    292

    271    270    275    273    277
    271    270    271    271    271
    271    273    273    270    276
    276    274    273    270    274
    273    272    271    271    274

    259    257    257    260    260
    259    257    258    257    257
    258    258    260    258    259
    258    259    260    258    258
    257    258    259    259    258

    255    255    261    260    261
    255    255    254    255    255
    256    257    256    253    256
    259    257    256    253    256
    254    258    252    257    256

    251    252    262    255    256
    251    252    248    252    252
    251    257    254    249    254
    255    255    254    249    253
    252    261    255    258    253

    255    255    260    259    260
    255    255    254    254    254
    257    257    255    253    255
    258    256    255    253    255
    254    258    252    257    255

    237    239    244    240    242
    237    239    238    241    241
    237    240    239    233    239
    237    242    239    233    241
    236    239    238    241    241

    210    216    214    214    216
    210    216    215    216    216
    213    211    212    212    214
    212    217    212    212    210
    210    215    211    211    210

    189    191    193    191    193
    189    191    189    191    191
    190    190    188    189    191
    188    187    188    189    186
    190    191    188    188    186

    184    186    184    186    189
    184    186    184    181    181
    183    182    182    184    186
    180    184    182    184    181
    181    182    182    183    181

    170    169    171    173    172
    170    169    165    167    167
    170    168    167    164    168
    168    168    167    164    166
    169    172    166    168    166

    134    134    135    135    136
    134    134    133    131    131
    133    134    131    131    133
    131    133    131    131    130
    133    132    133    130    130

    144    144    143    144    143
    144    144    140    140    140
    141    142    140    143    140
    140    141    140    143    137
    142    145    139    140    137

    157    158    158    159    159
    157    158    156    151    151
    159    156    152    153    154
    153    151    152    153    149
    154    155    152    152    149

    158    160    156    158    161
    158    160    156    150    150
    159    158    152    155    155
    151    154    152    155    151
    155    157    152    155    151

     97     99     98    100     98
     97     99     96     90     90
    100     97     95     97     95
     96     93     95     97     93
     94     95     93     94     93

    122    126    124    126    128
    122    126    121    119    119
    129    121    121    125    124
    120    121    121    125    119
    124    124    119    121    119

    129    132    132    136    138
    129    132    131    126    126
    135    131    125    130    129
    129    128    125    130    126
    127    130    125    128    126

    119    121    120    123    126
    119    121    121    115    115
    126    119    117    119    119
    119    115    117    119    113
    120    120    113    117    113

    114    114    114    116    119
    114    114    111    109    109
    117    112    110    113    112
    111    109    110    113    108
    113    108    104    110    108

    105    104    105    108    110
    105    104    103     99     99
    108    102    101    103    103
    102     99    101    103     99
    104    103     97    102     99

     85     84     84     87     90
     85     84     83     80     80
     88     83     81     82     84
     82     79     81     82     80
     83     83     80     81     80

     85     86     85     88     93
     85     86     87     81     81
     89     85     80     84     85
     81     82     80     84     83
     86     83     80     83     83

     92     90     88     95     97
     92     90     90     88     88
     95     88     85     92     91
     86     88     85     92     88
     91     87     86     91     88

     97    100     96    104    107
     97    100     97     92     92
    102     96     91     97     97
     92     92     91     97     96
     96     94     90     96     96

     93     94     92     97    101
     93     94     92     88     88
     98     91     87     92     94
     90     89     87     92     92
     91     91     87     89     92

     94     92     89     98    100
     94     92     92     87     87
     98     90     87     93     93
     90     85     87     93     92
     92     89     85     90     92

     87     86     85     94     98
     87     86     86     83     83
     90     87     83     88     90
     84     81     83     88     87
     87     86     82     87     87

     85     83     82     90     93
     85     83     82     82     82
     87     81     81     85     88
     81     78     81     85     86
     84     82     81     84     86

     67     65     64     74     74
     67     65     65     62     62
     69     66     62     68     67
     65     62     62     68     66
     66     65     62     67     66

     55     55     54     60     60
     55     55     58     52     52
     58     56     52     57     57
     52     50     52     57     56
     56     56     54     58     56

     50     52     49     52     56
     50     52     50     47     47
     54     49     48     52     54
     48     46     48     52     51
     51     52     52     53     51

     47     44     45     48     51
     47     44     46     43     43
     48     45     43     48     49
     42     42     43     48     47
     43     47     46     49     47

     32     33     31     31     32
     32     33     32     28     28
     37     28     30     33     28
     27     29     30     33     27
     30     29     32     30     27

     20     18     18     18     19
     20     18     17     15     15
     21     19     16     20     17
     16     15     16     20     16
     18     21     18     16     16

     23     25     24     25     23
     23     25     25     21     21
     27     25     22     26     25
     23     22     22     26     23
     24     26     26     27     23

     42     44     43     48     47
     42     44     43     40     40
     47     44     41     48     46
     39     40     41     48     44
     42     44     45     46     44

     48     50     51     58     55
     48     50     53     48     48
     54     51     47     57     56
     47     47     47     57     53
     51     53     54     55     53

     60     61     61     71     68
     60     61     65     60     60
     65     59     57     69     69
     56     57     57     69     67
     62     65     65     68     67

     64     64     66     76     76
     64     64     68     64     64
     73     65     62     73     77
     63     62     62     73     74
     69     69     70     74     74

     62     66     66     75     73
     62     66     68     65     65
     70     65     62     74     78
     62     62     62     74     75
     68     70     70     74     75

     63     66     66     76     76
     63     66     68     65     65
     69     63     63     74     79
     62     63     63     74     75
     68     70     71     75     75

     63     64     65     76     76
     63     64     66     66     66
     68     64     62     75     80
     60     63     62     75     75
     68     72     71     77     75

     59     61     62     73     72
     59     61     64     63     63
     65     59     59     72     78
     58     61     59     72     72
     67     68     68     74     72

     58     60     62     74     73
     58     60     65     63     63
     66     61     61     73     78
     60     60     61     73     74
     68     69     71     73     74

     55     57     58     71     69
     55     57     62     59     59
     64     59     56     70     77
     56     58     56     70     72
     66     68     68     72     72

     56     58     59     69     69
     56     58     62     61     61
     64     58     58     70     76
     55     57     58     70     71
     64     68     69     71     71

     51     53     55     66     64
     51     53     58     55     55
     58     52     52     67     71
     51     53     52     67     67
     61     66     65     68     67

     47     49     51     60     59
     47     49     54     51     51
     55     49     50     63     66
     48     49     50     63     62
     57     62     61     63     62

     44     46     48     55     55
     44     46     51     47     47
     51     45     47     59     61
     44     46     47     59     57
     54     57     57     58     57

     34     37     37     42     42
     34     37     39     36     36
     40     35     35     46     45
     34     36     35     46     43
     41     44     43     45     43

     20     23     22     24     23
     20     23     23     20     20
     25     22     21     27     25
     20     20     21     27     23
     24     27     25     26     23

      6      8      6      5      5
      6      8      5      5      5
      7      5      5      7      4
      5      6      5      7      4
      5      7      6      6      4

      4      6      4      3      6
      4      6      4      4      4
      7      5      4      5      4
      5      3      4      5      3
      5      5      5      5      3

      6      8      7      7      6
      6      8      7      5      5
      9      6      7      8      6
      8      6      7      8      5
      8      9      7      7      5

      7      9      7      7      8
      7      9      7      6      6
      9      7      7      8      7
      7      5      7      8      6
      7      9      7      6      6

     12     14     13     14     13
     12     14     15     11     11
     15     13     12     16     13
     12     11     12     16     13
     15     16     16     15     13

     22     25     24     26     26
     22     25     27     22     22
     26     24     23     32     29
     22     22     23     32     27
     26     30     30     29     27

     26     28     28     31     30
     26     28     31     27     27
     32     27     26     35     33
     26     26     26     35     31
     32     36     33     35     31

     24     26     26     28     29
     24     26     28     23     23
     28     27     24     33     30
     22     24     24     33     28
     28     31     30     31     28

     25     28     26     29     30
     25     28     29     25     25
     32     26     25     34     32
     26     25     25     34     28
     30     32     31     32     28

     22     26     24     26     25
     22     26     27     23     23
     27     24     22     31     28
     22     22     22     31     26
     26     29     29     30     26

     24     27     27     30     30
     24     27     30     25     25
     30     27     24     35     33
     25     26     24     35     30
     30     34     32     33     30

     26     30     29     34     33
     26     30     35     29     29
     35     29     27     38     38
     28     28     27     38     34
     34     38     37     38     34

     29     35     34     39     39
     29     35     39     33     33
     40     35     32     45     45
     33     33     32     45     41
     41     47     45     45     41

     30     34     34     40     39
     30     34     40     35     35
     40     35     35     49     48
     33     33     35     49     44
     44     50     48     48     44

     30     34     36     39     39
     30     34     39     35     35
     37     34     34     46     48
     33     33     34     46     42
     42     49     48     47     42

     26     31     32     35     33
     26     31     35     30     30
     35     31     31     44     40
     29     30     31     44     37
     39     44     43     41     37

     29     34     35     39     39
     29     34     39     35     35
     37     34     34     46     47
     33     33     34     46     41
     42     49     48     47     41

     29     28     33     33     36
     29     28     37     32     32
     30     32     33     38     47
     33     32     33     38     47
     42     42     45     40     47

     32     27     32     40     34
     32     27     30     37     37
     26     31     36     37     47
     33     38     36     37     42
     38     47     44     37     42

     24     31     33     38     36
     24     31     34     39     39
     27     32     40     41     43
     35     35     40     41     45
     43     45     44     48     45

     25     30     33     37     33
     25     30     34     37     37
     29     27     35     38     47
     34     30     35     38     42
     42     42     46     42     42

     23     27     24     29     28
     23     27     29     29     29
     21     27     31     32     38
     31     28     31     32     36
     33     36     35     35     36

     19     19     18     26     21
     19     19     25     24     24
     15     22     26     25     28
     22     23     26     25     28
     30     29     28     28     28

     19      9      3      1      6
     19      9    -16     -2     -2
    -14    -14    -30    -29    -22
    -33    -42    -30    -29      2
     51     62     41      9      2

      9      7      8     10     11
      9      7     10     10     10
      8      8     10      8     12
      9      8     10      8      9
     13     10     11     12      9

      2      6      5      5      6
      2      6      7      6      6
      4      6      6      8      6
      7      3      6      8      6
      7      6      8      8      6

      0      0      0      0      1
      0      0      1      1      1
      1      2     -1      1      1
      1      0     -1      1      2
      2      1      0      0      2

     -1      0      0      0      0
     -1      0      0      0      0
     -3      2     -2      0      0
      0      1     -2      0      0
      2      0      0      0      0

     -1      0      0     -2      0
     -1      0      0     -1     -1
      0      0     -1      0      0
      2     -3     -1      0      1
      0      0      0      1      1

      0      0      0      0      2
      0      0      0      0      0
      0      1      1      0      0
      1      0      1      0      0
      0      0     -1      0      0

     -4      0     -1      0      0
     -4      0     -6     -2     -2
     -4      0     -1     -3     -4
      0     -3     -1     -3     -1
     -2      0     -2     -6     -1

     -2      0      0      1      2
     -2      0      0     -1     -1
     -6      5     -1      0     -1
      2     -2     -1      0      0
      1      0      0     -1      0

     -2      1      0      0      2
     -2      1      0     -3     -3
      0     -1      1     -1      0
      2      0      1     -1      0
     -2      0     -1      0      0

     -2      2      0      1      2
     -2      2      0     -1     -1
      1      3      0      0      0
      0      0      0      0      0
      2     -1      1      2      0

      2      2      2      3      2
      2      2      2      1      1
      2      0      1      0      1
      3      0      1      0      0
     -1      0      2      3      0

      0      4      0      2      2
      0      4      0      0      0
      0      1      1      4      0
      3      0      1      4      2
      0      1      3      2      2

      1      5      3      5      4
      1      5      4      0      0
      2      4      4      4      2
      3      1      4      4      3
      3      4      4      5      3

      4      6      5      6      4
      4      6      5      1      1
      3      4      5      5      6
      6      4      5      5      7
      3      6      8      6      7

      1      1      2      5      2
      1      1      5      4      4
      3      2      2      3      4
      4      1      2      3      3
      1      2      4      6      3

      3      3      6      6      5
      3      3      8      4      4
      3      4      4      4      4
      4      4      4      4      5
      7      6      7      7      5

      8     11     11     15     13
      8     11     12     13     13
     10     12     11     16     14
     14     11     11     16     14
     14     14     16     13     14

     15     16     16     20     20
     15     16     20     21     21
     17     16     19     23     25
     19     21     19     23     26
     23     24     24     24     26

     19     21     23     26     24
     19     21     26     28     28
     20     25     24     30     32
     25     25     24     30     33
     30     31     33     33     33

     21     24     26     30     29
     21     24     27     33     33
     22     25     28     33     40
     25     28     28     33     39
     34     38     37     40     39

     25     28     30     35     31
     25     28     30     36     36
     26     29     32     36     43
     31     32     32     36     47
     37     42     43     43     47

     31     28     32     41     39
     31     28     27     39     39
     23     27     34     34     54
     33     37     34     34     52
     37     47     49     45     52

     26     30     35     40     38
     26     30     34     41     41
     28     30     38     42     52
     33     36     38     42     52
     43     48     49     50     52

     27     28     31     38     36
     27     28     33     40     40
     25     32     35     40     52
     33     36     35     40     49
     41     47     47     49     49

     23     26     30     35     30
     23     26     31     38     38
     23     27     32     38     46
     30     32     32     38     46
     39     43     46     44     46

     26     27     32     36     34
     26     27     30     39     39
     23     30     33     38     49
     32     34     33     38     49
     39     46     48     45     49

     28     26     31     38     36
     28     26     34     39     39
     27     30     35     38     49
     33     34     35     38     50
     43     48     49     47     50

     26     25     30     36     32
     26     25     31     40     40
     24     28     32     35     49
     31     33     32     35     50
     39     45     47     45     50

     24     24     29     36     31
     24     24     29     38     38
     22     27     33     37     48
     30     32     33     37     46
     38     43     46     43     46

     27     28     33     37     34
     27     28     33     39     39
     26     30     35     38     48
     31     34     35     38     48
     42     49     49     48     48

     25     26     30     34     31
     25     26     33     38     38
     24     27     32     39     46
     31     33     32     39     49
     40     44     47     43     49

     25     25     29     33     32
     25     25     30     34     34
     22     27     32     34     42
     29     32     32     34     41
     37     41     42     41     41

     22     23     28     31     28
     22     23     27     34     34
     22     27     28     36     41
     28     31     28     36     42
     35     37     42     37     42

     21     23     26     32     28
     21     23     27     33     33
     20     25     27     31     36
     27     27     27     31     37
     31     37     38     38     37

     20     20     23     27     26
     20     20     22     27     27
     19     22     25     27     34
     25     27     25     27     34
     30     29     31     32     34

     17     18     20     24     22
     17     18     20     23     23
     17     20     23     22     27
     21     21     23     22     27
     23     26     25     28     27

     13     16     15     17     19
     13     16     15     15     15
     15     14     15     16     18
     17     15     15     16     21
     16     16     19     20     21

     12     14     13     15     13
     12     14     14     13     13
     12     13     14     13     16
     13     13     14     13     14
     13     13     13     14     14

     10     11     12     12     12
     10     11     11      9      9
     10     11     10     11     11
     13     13     10     11     11
     11     11      9     11     11

      9     10     10      9     10
      9     10     10      9      9
     10     10      9      8     11
      9      7      9      8     10
      8      8      9     11     10

      6      9     10      8     10
      6      9      8      9      9
      7      8      7      8      8
      9      8      7      8      9
      8      8     10      8      9

      2      6      9     10     10
      2      6      8      8      8
      7      9      8      6      8
      9      7      8      6      9
      7      6      9     10      9

      6     10      8      9      9
      6     10      8     10     10
      7      8      8      8     11
     10      7      8      8      9
      8      7      8     10      9

      4      6      8     10      7
      4      6      8      5      5
      4      8      6      5      8
      6      8      6      5      8
      7      5      9      7      8

      3      6      4      7      7
      3      6      4      7      7
      5      6      3      4      5
      6      5      3      4      4
      4      4      7      6      4

      1      5      6      5      4
      1      5      6      5      5
      4      5      3      6      7
      5      2      3      6      5
      5      4      5      4      5

      0      2      2      3      3
      0      2      3      1      1
      2      3      3      3      3
      2      0      3      3      1
      2      1      0      4      1

     -1      0      2      2      1
     -1      0      2      2      2
      0      1      0      0      1
      2      1      0      0      1
      0      0      0      0      1

     -2      1      0      0      1
     -2      1      1      0      0
     -3      0      0      0      1
      1     -1      0      0      0
     -2     -2      1      0      0

      0      0      0     -1      0
      0      0      0      1      1
      0      0     -1     -3     -1
      0      0     -1     -3     -1
      0     -2     -2      1     -1

      0      0      0      0      0
      0      0      1      0      0
      1      1      0      0      0
      0     -2      0      0      1
      0      0      0      0      1

     -1     -2      0      0      0
     -1     -2      0      0      0
     -1      0      0     -2      0
      2      0      0     -2      0
      0     -1      0      1      0

     -2      0      0      0      1
     -2      0      0      0      0
      0      1     -2      0      1
      0      1     -2      0      0
      0     -1      0      0      0

     -4      2      0      0      0
     -4      2      0     -1     -1
     -2      1      0      0      0
      0     -1      0      0     -1
      0     -2      0      2     -1

     -1     -1      0     -1     -1
     -1     -1      0     -1     -1
      3      2     -2     -1      0
      1     -1     -2     -1      0
      0     -1      0      1      0

     -3      1      0      0      0
     -3      1      0      0      0
     -1      1      0     -1      1
      0     -2      0     -1      0
     -2      2     -2      1      0

      1      0      0     -2     -1
      1      0      1      0      0
      0      0      0     -1      0
     -1      0      0     -1      0
      1     -1      0      0      0

     -1      1      1      0     -1
     -1      1      0      0      0
      0      0      0      0      1
      0      0      0      0      3
      1      0      0      1      3

      1      0      0      1      0
      1      0      0      0      0
      0      0      0      1      0
      0     -1      0      1      1
      0      0      0      0      1

      1      0      0     -1     -1
      1      0      0      0      0
      0     -2      0      0      2
     -1      0      0      0      0
      0      2     -2      1      0

      0      0      0     -1      0
      0      0      0      0      0
      0     -1      0      0      3
      0     -1      0      0      1
      0     -1     -1      1      1

      0      0      0      0      0
      0      0     -1      1      1
      0     -1      1      0      0
      0      0      1      0      2
      0      0      0     -1      2

      0      0      0      0      0
      0      0      0      0      0
      0      0      0      0      1
      0      0      0      0      1
      0      0      0      0      1

      1      0      1      0      0
      1      0      0      0      0
      0     -1      0      0      1
      0      0      0      0      2
      0      0      0      0      2

      0      1      0      0      1
      0      1      1      0      0
      1      0      0      0      2
      0      0      0      0      2
      0      0      0      0      2

      0      1      0      0      1
      0      1      0      0      0
      1      0      0      0      2
     -1      0      0      0      2
     -1      0     -1      1      2

      4      2      2      1      1
      4      2      2      2      2
      0      1      3      0      4
      1      1      3      0      1
      3      3      2      1      1

      4      3      4      4      4
      4      3      4      3      3
      4      2      4      3      4
      2      3      4      3      2
      4      5      4      3      2

      7      5      6      5      6
      7      5      6      5      5
      6      4      6      5      6
      6      4      6      5      5
      6      6      5      7      5

      4      4      5      3      3
      4      4      3      3      3
      3      3      4      3      5
      4      4      4      3      4
      4      4      3      4      4

      3      1      1      2      0
      3      1      1      2      2
      1      0      3      0      2
      0      1      3      0      2
      3      1      0      2      2

      3      3      3      1      2
      3      3      3      3      3
      2      2      3      3      2
      2      1      3      3      2
      3      3      2      3      2

      7      7      8      6      7
      7      7      6      6      6
      6      6      8      7      7
      7      6      8      7      8
      8      9      5      7      8

      9     11     12      9     10
      9     11     10     11     11
      9     10     10      8     11
     10      9     10      8     11
     11     11     10     10     11

      9      9     11      9      7
      9      9      9      9      9
      9      7      8      7      8
      8      7      8      7      8
      9     10      7      9      8

      6      7      7      7      6
      6      7      6      6      6
      7      6      6      6      8
      6      6      6      6      8
      8      9      6      7      8

      8      6      8      6      7
      8      6      7      8      8
      7      6      8      7      8
      7      7      8      7      8
      8      8      7      9      8

     11     10     11     10     10
     11     10     11     12     12
      9      9     12      9     11
     11      9     12      9     11
     13     13     11     12     11

     12     11     13     12     14
     12     11     11     13     13
     12     13     13     11     12
     10     10     13     11     13
     15     14     12     14     13

     12     11     15     13     12
     12     11     12     14     14
     12     13     14     13     13
     12     13     14     13     14
     13     14     14     14     14

     13     11     14     13     14
     13     11     12     13     13
     12     13     14     13     14
     13     11     14     13     14
     15     15     14     13     14

     12     12     12     12     13
     12     12     13     15     15
     11     12     13     12     14
     12     12     13     12     13
     15     15     12     15     13

     13     12     12     13     13
     13     12     12     14     14
     12     12     14     11     13
     13     12     14     11     13
     15     15     13     15     13

     11     12     13     12     15
     11     12     13     14     14
     11     11     15     13     14
     12     14     15     13     13
     15     15     14     15     13

     12     12     12     13     13
     12     12     12     12     12
     10     12     12     11     13
     11     11     12     11     13
     13     13     11     13     13

     11     10     11     10     11
     11     10     11     11     11
      9     10     12     10     12
     10     10     12     10     11
     12     11     12     12     11

     10     10     11     11     11
     10     10      9     10     10
     11      8     10      9     10
     10      9     10      9     10
     11     10     10     11     10

     10     12     11     11     12
     10     12      9     11     11
      9     10     11     11     11
      8     11     11     11     11
     12     10     10     12     11

      9     10     11     10     10
      9     10     11     11     11
      8      8     11      9     11
     10      9     11      9     10
     10     10      9     11     10

      9      7     11     10      9
      9      7      9     11     11
      9      9      9      9     10
      9      8      9      9     12
     11     10      9     10     12

     10      9     12     10     10
     10      9     10     12     12
     10     10     12      9     13
     10      9     12      9     11
     10     11     11     12     11

      9     10     11     12     10
      9     10      9     10     10
     11     10     11      9     11
     10     10     11      9     12
     10     10     12     12     12

     10      9     10     10     10
     10      9      9     10     10
      7      9     10     10     12
      8     11     10     10     12
     11     10     12     13     12

      8      8      9      9      8
      8      8      9     10     10
      8      9      8      8     11
      8      8      8      8     11
     10      9      8     10     11

      8      7      9      7      9
      8      7      6      6      6
      7      7     10      7      8
      7      7     10      7      9
      8      8      7      7      9

      5      6      7      5      8
      5      6      5      5      5
      6      4      5      4      7
      5      5      5      4      8
      6      4      3      6      8

      4      4      5      5      4
      4      4      2      4      4
      3      3      4      3      6
      3      2      4      3      6
      3      3      4      6      6

      4      5      3      2      6
      4      5      4      2      2
      4      4      2      2      5
      2      3      2      2      6
      1      2      2      4      6

      3      3      3      2      2
      3      3      1      2      2
      5      2      5      2      3
      3      2      5      2      4
      3      4      3      2      4

      3      3      1      3      4
      3      3      3      1      1
      2      1      2      2      2
      1      1      2      2      4
      4      2      1      3      4

      2      2      2      2      2
      2      2      0      1      1
      1      2      2      2      3
      1      2      2      2      4
      1      1      1      3      4

      1      3      4      0      2
      1      3      3      3      3
      1      1      2      2      2
      2      1      2      2      1
      3      3      2      2      1

      2      2      2      0      2
      2      2      2      3      3
      4      2      2      1      1
      3      1      2      1      2
      2      2      1      1      2

      2      1      1      1      3
      2      1      1      3      3
      3      2      2      1      1
      0      2      2      1      4
      2      3      1      1      4

      2      2      4      1      3
      2      2      2      2      2
      2      1      4      3      1
      1      0      4      3      4
      1      1      2      0      4

      1      1      0      0      2
      1      1      2      1      1
      0      3      1      1      4
      0      1      1      1      3
      0      3      1      3      3

      3      1      0      1      2
      3      1      1      0      0
      1      0      4      1      4
      1      1      4      1      5
      1      0      1      2      5

      0      0      4     -1      2
      0      0      2      2      2
      1      2      4      1      4
      0     -3      4      1      4
      2      0      0      2      4

      3      1      3     -1      2
      3      1      3      0      0
      0      1      2      1      2
      1      0      2      1      2
      0      0      0      0      2

      1      0      2      0      1
      1      0      1      0      0
     -1      0      2      1      4
      0      0      2      1      1
      1      0      0      2      1

      0      1      2      0      2
      0      1      0     -1     -1
      0      0      0      0      3
      0      0      0      0      3
      1      1      0      0      3

      0      2      2     -1     -1
      0      2      0      1      1
      0      0     -2     -1      2
      0      2     -2     -1      1
      2      0     -1     -1      1

      0      1      3      2      1
      0      1      0      2      2
      1      0      3      0      0
      0      0      3      0      3
      3      0      0      1      3

      1      3      3      0      1
      1      3      0      0      0
      4      1      3      0      3
      0      1      3      0      1
      2      0     -1      0      1

      2      0      0      0      0
      2      0      0      0      0
      4      0     -1     -1      0
      0      1     -1     -1      0
      2     -2     -1      0      0

      2      0      2     -1      3
      2      0      1      0      0
      3      1      2     -2      2
     -1     -1      2     -2      3
      0      0      1      0      3

      3      0      0     -1      0
      3      0      0      3      3
      0      1      1      1      0
      0     -1      1      1      1
      1     -1     -1      1      1

      0      0      0      0      0
      0      0      1     -2     -2
     -1     -2      0     -1      1
      2      0      0     -1      1
     -1      0     -4      0      1

     -1      1      0     -2      0
     -1      1      1      0      0
      0      0      3      0      0
      0     -1      3      0      1
      1      0     -4      0      1

      0     -3      0     -2     -1
      0     -3      2      0      0
      0      0      0     -4      0
      0      0      0     -4      3
      0      0     -1      0      3

