;
; ENVI ASCII Output of file: E:\Imaging\ROI_AVIRIS\5_4_6.img [Fri Nov 17 12:07:33 2017]
; File Dimensions: 5 samples x 5 lines x 224 bands
; Line Format    : (5i7)
;
    474    461    452    453    475
    465    478    455    455    469
    462    479    480    459    486
    462    479    480    492    467
    461    454    461    492    467

    534    558    558    565    545
    561    536    541    541    551
    560    571    533    536    551
    560    571    533    551    563
    558    533    533    551    563

    569    566    583    567    582
    588    579    566    566    573
    590    570    573    557    581
    590    570    573    591    583
    570    567    577    591    583

    716    710    706    711    706
    708    711    699    699    710
    705    728    709    709    714
    705    728    709    716    710
    702    693    695    716    710

   1046   1039   1048   1027   1033
   1039   1033   1022   1022   1025
   1023   1033   1034   1018   1028
   1023   1033   1034   1045   1029
   1026   1029   1030   1045   1029

   1089   1087   1095   1066   1073
   1074   1069   1064   1064   1068
   1062   1065   1069   1067   1054
   1062   1065   1069   1072   1073
   1061   1052   1060   1072   1073

   1021   1017   1011   1003   1006
   1007   1000    991    991    995
    995    986   1004    993   1000
    995    986   1004   1001   1005
    986    991    995   1001   1005

    939    938    932    912    911
    917    910    904    904    912
    914    910    910    899    916
    914    910    910    911    924
    903    906    906    911    924

   1032   1015   1015    996    991
    987    983    972    972    988
    978    979    984    971    989
    978    979    984    992    995
    974    966    976    992    995

   1041   1034   1033   1019   1008
   1005    997    994    994    999
    997    998    998    999   1006
    997    998    998   1011   1016
    991    989    997   1011   1016

   1008   1014   1003    986    967
    966    960    961    961    964
    962    954    956    950    966
    962    954    956    972    976
    944    949    946    972    976

    947    947    941    920    903
    902    897    887    887    894
    887    893    886    888    900
    887    893    886    906    908
    894    887    896    906    908

    898    901    890    874    857
    849    844    846    846    842
    846    842    841    832    854
    846    842    841    856    865
    839    841    841    856    865

    823    816    802    790    782
    771    764    770    770    765
    767    771    769    760    778
    767    771    769    776    784
    765    759    762    776    784

    757    754    748    735    728
    718    715    719    719    711
    713    711    706    708    718
    713    711    706    719    725
    704    706    709    719    725

    686    687    680    674    661
    650    652    657    657    651
    653    655    650    650    663
    653    655    650    663    665
    650    649    652    663    665

    609    614    607    601    593
    587    585    589    589    591
    586    590    584    588    592
    586    590    584    596    606
    580    585    584    596    606

    585    585    582    575    569
    563    566    563    563    565
    562    563    562    562    568
    562    563    562    573    579
    557    560    560    573    579

    560    556    557    548    544
    538    547    536    536    539
    539    535    538    536    544
    539    535    538    548    551
    533    534    535    548    551

    526    530    524    524    517
    511    509    508    508    506
    504    507    508    506    516
    504    507    508    523    523
    504    505    506    523    523

    487    484    486    487    477
    472    477    476    476    474
    474    476    467    470    475
    474    476    467    481    482
    461    473    470    481    482

    451    450    447    448    444
    440    439    439    439    440
    441    443    441    438    442
    441    443    441    448    448
    437    437    438    448    448

    425    425    425    422    421
    422    423    416    416    418
    414    419    415    411    418
    414    419    415    425    423
    409    415    419    425    423

    378    380    378    382    386
    384    383    375    375    377
    377    384    376    374    381
    377    384    376    384    383
    379    380    380    384    383

    359    363    362    361    366
    365    365    362    362    361
    365    361    364    358    358
    365    361    364    367    363
    352    355    362    367    363

    350    346    352    351    352
    357    355    352    352    354
    354    356    357    348    350
    354    356    357    358    353
    346    351    358    358    353

    332    326    328    332    334
    338    338    333    333    331
    337    335    334    329    329
    337    335    334    332    334
    324    330    333    332    334

    304    298    307    307    308
    316    313    308    308    309
    311    316    316    305    303
    311    316    316    314    309
    301    307    309    314    309

    293    292    300    297    294
    311    303    301    301    300
    303    308    302    296    292
    303    308    302    302    299
    288    298    302    302    299

    271    270    273    276    276
    288    284    278    278    273
    283    285    281    276    274
    283    285    281    283    278
    269    278    282    283    278

    258    256    259    259    262
    275    271    270    270    262
    268    271    272    267    259
    268    271    272    272    262
    260    264    270    272    262

    258    252    261    258    265
    273    269    263    263    263
    269    272    267    257    255
    269    272    267    268    258
    255    258    268    268    258

    257    255    264    256    263
    270    263    260    260    259
    268    267    264    250    252
    268    267    264    265    249
    257    258    269    265    249

    257    252    260    259    265
    272    268    263    263    263
    269    271    266    257    254
    269    271    266    269    258
    255    258    266    269    258

    246    237    243    238    247
    258    252    252    252    243
    256    253    254    242    240
    256    253    254    256    242
    244    240    252    256    242

    218    212    217    213    223
    229    227    226    226    219
    225    227    231    215    216
    225    227    231    233    215
    222    212    223    233    215

    193    188    191    191    194
    207    204    202    202    196
    199    205    206    194    192
    199    205    206    207    191
    197    190    197    207    191

    186    182    184    184    190
    206    201    197    197    191
    194    197    202    193    185
    194    197    202    205    187
    189    184    193    205    187

    176    168    166    172    173
    190    183    184    184    175
    178    183    185    176    172
    178    183    185    191    174
    170    169    178    191    174

    135    126    130    133    138
    149    147    147    147    137
    141    141    147    139    134
    141    141    147    150    135
    136    130    139    150    135

    144    136    137    144    150
    166    161    156    156    150
    151    155    161    153    145
    151    155    161    166    146
    147    139    146    166    146

    159    155    150    153    166
    180    180    175    175    162
    166    170    177    171    156
    166    170    177    180    162
    161    152    162    180    162

    159    152    150    156    166
    186    183    176    176    166
    170    174    182    172    159
    170    174    182    187    162
    159    157    162    187    162

     97     91     95     96    101
    115    115    109    109    102
    103    106    113    106     97
    103    106    113    116     99
     95     94    100    116     99

    126    118    116    124    132
    148    152    145    145    132
    134    139    150    142    124
    134    139    150    150    130
    125    122    129    150    130

    136    124    121    131    138
    160    165    156    156    140
    141    148    162    151    135
    141    148    162    160    138
    133    128    136    160    138

    124    117    110    121    129
    149    152    141    141    128
    132    134    148    140    124
    132    134    148    150    127
    125    118    123    150    127

    118    107    104    114    120
    142    143    136    136    119
    122    128    142    131    114
    122    128    142    138    119
    115    111    114    138    119

    107     98     95    104    110
    130    132    125    125    110
    113    116    128    120    103
    113    116    128    129    109
    103    100    106    129    109

     84     77     78     85     87
    104    106    100    100     88
     91     93    102     94     83
     91     93    102    105     85
     82     84     86    105     85

     86     79     76     86     91
    108    112    102    102     91
     91     96    107     97     84
     91     96    107    103     89
     86     82     87    103     89

     93     82     80     89     98
    118    122    111    111     93
     96    105    114    108     88
     96    105    114    116     94
     89     87     91    116     94

    100     88     84     96    104
    129    132    118    118    102
    104    110    127    114     93
    104    110    127    125    101
     95     93     96    125    101

     93     85     79     89     99
    124    129    115    115     96
     97    107    121    108     90
     97    107    121    121     96
     91     88     90    121     96

     94     82     78     89     96
    122    127    114    114     91
     97    102    123    108     87
     97    102    123    118     95
     88     86     89    118     95

     89     77     72     83     94
    119    124    111    111     90
     91     98    115    106     83
     91     98    115    110     89
     80     81     84    110     89

     86     74     68     80     89
    113    118    104    104     87
     88     96    111     99     79
     88     96    111    109     84
     79     76     80    109     84

     66     59     56     63     69
     86     89     79     79     65
     67     75     84     76     61
     67     75     84     82     64
     61     61     63     82     64

     54     49     48     54     59
     73     71     65     65     54
     59     64     71     61     50
     59     64     71     71     54
     52     54     54     71     54

     46     45     43     50     52
     68     66     59     59     49
     54     58     65     55     45
     54     58     65     62     48
     46     47     49     62     48

     42     37     37     45     47
     61     57     51     51     43
     49     53     57     48     40
     49     53     57     56     42
     42     44     44     56     42

     27     26     28     31     29
     30     27     30     30     26
     35     34     28     25     24
     35     34     28     28     21
     29     31     28     28     21

     15     16     16     19     18
     21     16     17     17     17
     18     17     17     16     16
     18     17     17     20     15
     18     19     17     20     15

     19     19     19     21     23
     28     24     23     23     20
     26     25     23     21     17
     26     25     23     25     19
     23     24     21     25     19

     36     33     34     39     41
     56     50     43     43     39
     46     48     48     40     31
     46     48     48     48     33
     38     40     39     48     33

     41     41     38     46     49
     67     63     53     53     44
     54     57     60     48     36
     54     57     60     59     41
     42     47     45     59     41

     53     45     44     54     60
     86     83     66     66     54
     63     70     77     62     46
     63     70     77     71     49
     50     54     54     71     49

     57     50     48     57     63
     95     93     73     73     57
     65     74     85     67     48
     65     74     85     79     54
     55     57     59     79     54

     56     48     47     58     64
     92     90     71     71     57
     66     73     83     67     47
     66     73     83     78     52
     52     56     56     78     52

     55     46     45     58     64
     92     91     74     74     56
     64     75     85     66     47
     64     75     85     80     51
     51     57     56     80     51

     52     46     45     56     63
     93     89     71     71     54
     66     73     84     66     46
     66     73     84     80     51
     51     55     56     80     51

     51     44     41     50     57
     87     85     68     68     52
     61     69     80     62     42
     61     69     80     74     48
     47     52     53     74     48

     51     42     41     51     58
     88     86     67     67     51
     59     69     78     63     42
     59     69     78     72     47
     47     51     51     72     47

     49     40     37     50     56
     84     83     65     65     49
     57     65     77     58     40
     57     65     77     71     44
     43     47     48     71     44

     47     39     39     49     55
     82     80     64     64     48
     56     63     74     58     39
     56     63     74     68     44
     44     48     46     68     44

     42     35     35     45     51
     76     73     57     57     44
     52     59     69     50     35
     52     59     69     62     38
     39     44     43     62     38

     38     33     32     42     47
     70     67     53     53     39
     49     54     62     46     31
     49     54     62     57     35
     37     41     39     57     35

     34     30     29     38     43
     64     60     48     48     34
     45     49     56     42     28
     45     49     56     51     31
     34     37     35     51     31

     25     23     22     28     32
     47     44     37     37     27
     34     39     40     30     21
     34     39     40     38     25
     27     30     27     38     25

     14     15     14     17     19
     26     21     19     19     14
     20     20     21     16     11
     20     20     21     20     13
     16     18     15     20     13

      3      4      5      6      5
      5      4      6      6      4
      5      6      5      5      4
      5      6      5      7      4
      5      6      5      7      4

      2      5      4      5      4
      4      3      4      4      3
      5      4      2      4      2
      5      4      2      5      4
      4      4      4      5      4

      5      6      5      6      5
      6      5      5      5      5
      5      6      5      5      4
      5      6      5      7      5
      6      6      4      7      5

      5      6      4      6      5
      5      4      6      6      5
      7      6      5      5      4
      7      6      5      8      6
      7      6      5      8      6

      8      9      8     10     11
     13     10      9      9      8
     11     12     11      9      7
     11     12     11     12      8
      9     11      8     12      8

     15     15     15     19     20
     29     26     21     21     16
     23     24     24     18     12
     23     24     24     22     14
     17     19     16     22     14

     20     18     18     22     23
     36     30     26     26     19
     28     28     29     22     16
     28     28     29     28     17
     21     23     20     28     17

     18     17     16     21     22
     32     28     24     24     18
     25     26     28     21     14
     25     26     28     25     16
     19     20     18     25     16

     18     18     16     22     23
     35     31     25     25     19
     26     27     28     21     15
     26     27     28     27     17
     20     23     19     27     17

     15     15     15     19     21
     32     28     22     22     17
     24     24     26     19     13
     24     24     26     26     14
     17     20     17     26     14

     18     17     17     23     24
     36     30     25     25     18
     27     27     29     20     15
     27     27     29     29     17
     20     23     20     29     17

     20     19     17     24     26
     40     35     28     28     20
     28     32     33     24     14
     28     32     33     31     17
     21     25     20     31     17

     22     19     19     25     29
     46     42     32     32     22
     32     34     38     28     16
     32     34     38     33     20
     24     26     23     33     20

     21     19     19     27     30
     47     40     32     32     21
     32     35     37     26     17
     32     35     37     36     19
     23     27     23     36     19

     20     18     18     24     27
     45     38     30     30     20
     31     32     34     25     15
     31     32     34     31     17
     22     25     21     31     17

     17     17     17     22     23
     36     30     24     24     18
     27     28     28     20     14
     27     28     28     27     16
     20     22     19     27     16

     20     18     18     24     27
     45     38     30     30     20
     31     32     34     25     15
     31     32     34     31     17
     22     25     21     31     17

     22     21     18     20     17
     47     36     23     23     21
     28     33     32     28     18
     28     33     32     25     21
     19     14     19     25     21

     20     20     14     25     21
     48     38     30     30     20
     28     33     35     20     20
     28     33     35     23     21
     18     22     23     23     21

     22     21     20     19     22
     48     37     26     26     20
     32     33     35     23     17
     32     33     35     26     18
     21     22     22     26     18

     20     20     18     23     20
     49     40     27     27     22
     27     33     31     27     17
     27     33     31     28     19
     21     23     25     28     19

     17     16     13     16     17
     39     32     22     22     20
     24     26     22     21     12
     24     26     22     23     16
     15     20     16     23     16

     14     14     10     13     14
     30     24     14     14     15
     19     20     20     15     13
     19     20     20     18     14
     15     18     15     18     14

     14      9     15     37      7
     76     71     71     71     53
     21     43     63     44     15
     21     43     63     35     23
     34     22      0     35     23

      7      5      6      4      5
     13     12      9      9      5
      8      6      9      7      6
      8      6      9      7      6
      6      7      5      7      6

      4      5      3      4      4
      8      6      3      3      5
      5      4      4      4      4
      5      4      4      4      1
      5      4      0      4      1

      1      2     -2      3      2
      1      0      0      0      0
      0      0      0      0      0
      0      0      0      2      1
     -1      0     -1      2      1

      1      4      1      1      3
      0      0      1      1      0
      0     -2      0      0      0
      0     -2      0      1      0
      2     -1     -1      1      0

     -1      0      0      0      0
      2      0      1      1     -1
      0     -3      1      0      0
      0     -3      1     -1     -1
      0      0     -3     -1     -1

      0      1      1      0      0
      0      1      0      0      0
      1     -1      1      0      0
      1     -1      1      0      0
      0      0     -2      0      0

      0      0      0      7      3
      4      0      2      2      3
     -3    -10     -7     -5     -9
     -3    -10     -7     -3     -1
     -2     -1     -3     -3     -1

      0      3     -1     -1      3
      1      1      1      1      0
      3     -1      0     -1      0
      3     -1      0      1      0
      0      3     -2      1      0

      1     -1      0      3      0
      2      0      1      1      0
      0      0      1      0      0
      0      0      1      3     -1
      1      1      0      3     -1

      1      1      0      2      0
      2      2      0      0     -1
      1     -2     -1      0      0
      1     -2     -1      3      3
      0      2     -4      3      3

      0      3      2      1      1
      0      1      1      1      1
      2      0      0      0      1
      2      0      0      1      0
      0      0      2      1      0

      0      0      0      3      1
      0      2      0      0      1
      0      0      1      0      1
      0      0      1      3      1
      0      0      0      3      1

      0      4      2      4      2
      2      4      6      6      1
      5      3      4      3      0
      5      3      4      5      4
      5      6      4      5      4

      6      5      3      4      4
      6      7      5      5      3
      5      3      5      5      5
      5      3      5     -1      0
      5      4      5     -1      0

      4      3      2      4      3
      5      4      6      6      1
      4      3      6      3      2
      4      3      6      3      3
      4      3      5      3      3

      5      4      4      5      3
      7      4      4      4      4
      6      4      8      3      3
      6      4      8      4      6
      6      5      4      4      6

     10      9      8      8      9
     15     13     11     11      7
     13     10     13      8      8
     13     10     13     10      9
     10     11      7     10      9

     15     14     11     14     13
     30     22     16     16     14
     19     22     22     12     11
     19     22     22     16     11
     11     13     15     16     11

     20     16     16     16     19
     40     31     23     23     18
     26     27     25     20     13
     26     27     25     19     15
     16     18     20     19     15

     21     19     17     21     20
     48     39     25     25     19
     29     32     34     22     16
     29     32     34     25     20
     18     21     23     25     20

     22     18     18     22     20
     51     40     27     27     20
     31     34     35     22     13
     31     34     35     24     18
     20     22     22     24     18

     33     21     15     20     25
     55     58     41     41     24
     25     36     47     34     19
     25     36     47     32     22
     17     16     21     32     22

     25     19     17     23     23
     61     49     30     30     22
     33     39     39     27     16
     33     39     39     28     19
     23     22     27     28     19

     23     19     17     22     22
     57     46     29     29     22
     32     38     38     26     16
     32     38     38     27     18
     20     22     25     27     18

     21     16     16     21     19
     49     41     25     25     20
     29     35     33     22     15
     29     35     33     23     16
     16     19     21     23     16

     22     17     14     21     22
     52     44     29     29     20
     30     32     37     23     14
     30     32     37     26     16
     20     21     21     26     16

     23     17     17     22     20
     55     46     26     26     19
     31     38     36     25     13
     31     38     36     26     18
     18     20     23     26     18

     20     17     14     19     20
     52     43     27     27     21
     31     34     32     22     13
     31     34     32     25     17
     18     21     22     25     17

     21     15     13     17     18
     53     44     26     26     19
     28     34     33     24     12
     28     34     33     23     13
     16     19     23     23     13

     21     18     16     19     20
     56     44     27     27     20
     30     35     33     23     13
     30     35     33     24     15
     19     20     22     24     15

     22     18     16     18     19
     51     42     25     25     18
     28     34     34     23     11
     28     34     34     23     15
     17     20     23     23     15

     21     15     14     18     19
     49     42     25     25     17
     28     32     33     23     14
     28     32     33     22     15
     14     18     22     22     15

     16     13     15     16     18
     45     38     24     24     15
     28     30     31     20     13
     28     30     31     22     14
     15     18     20     22     14

     18     14     14     18     17
     46     37     24     24     18
     26     31     28     19     11
     26     31     28     19     12
     15     18     18     19     12

     16     15     15     17     19
     45     33     21     21     16
     26     27     27     18     14
     26     27     27     20     14
     15     16     18     20     14

     15     13     13     16     15
     38     32     20     20     16
     24     25     26     19     10
     24     25     26     20     13
     16     16     19     20     13

     14     13     11     14     12
     32     24     17     17     11
     20     21     21     15      9
     20     21     21     18     11
     14     13     13     18     11

     11     11     11     13     11
     25     19     15     15     11
     18     20     18     14      9
     18     20     18     13     10
     11     15     14     13     10

      9     11     11     12     11
     23     20     14     14      9
     16     16     16     13      8
     16     16     16     13     10
     13     11     10     13     10

      9      9     10     10     10
     20     16     13     13     10
     17     15     14     10      9
     17     15     14     10      7
     11     11     10     10      7

     10      9      8      7     10
     17     16     11     11      8
     12     12     11      8      7
     12     12     11      9      9
     10      8      8      9      9

     10      8     10     15     14
     20     18     11     11     10
     19     18     19     13     11
     19     18     19     13     11
      9     10     11     13     11

      8      8      7     10      8
     19     14     10     10      7
     12     11     13      8      5
     12     11     13      8      5
      9      9      7      8      5

      9      5      6      7      7
     16     13      9      9      8
      8     11      9      6      4
      8     11      9      6      6
      9     10      7      6      6

      4      6      3      6      5
     10      9      6      6      4
      8      6      7      4      4
      8      6      7      8      4
      6      5      4      8      4

      2      4      3      5      7
      8      8      4      4      3
      5      3      4      3      3
      5      3      4      3      3
      5      2      3      3      3

      3      1      0      1      3
      3      5      3      3      1
      2      2      1      2      1
      2      2      1      3      3
      2      2      1      3      3

      1      2      0      1      1
      0      3      1      1      0
      2      0      0      1      2
      2      0      0      1      2
      2      1      0      1      2

      0      2      0      0      0
      0     -1      0      0      1
      0     -2      1      0      0
      0     -2      1      1      0
      0     -1      0      1      0

      0      2      0     -2      0
      0      0      0      0      0
      0      0      0      0      0
      0      0      0      0      0
     -2     -1      0      0      0

      0      0      0      1      0
      1      0      0      0      0
      1      0     -1      0      0
      1      0     -1      2      0
      1     -2      0      2      0

      0      3     -2      0      0
      0      0      0      0      0
     -1      0      0      0     -2
     -1      0      0      1     -1
      1      0     -1      1     -1

      1      1     -1      0     -1
      0      0     -1     -1      0
      3     -2     -1      0     -2
      3     -2     -1      1      0
      0      0     -1      1      0

      0      0     -1      0      0
      1      0      0      0      0
     -1     -1      0      0      0
     -1     -1      0      1     -1
      2     -2      0      1     -1

      0      1      0     -1      0
      2     -2      0      0      0
      0      0      2      0      0
      0      0      2      1     -1
      2      0      0      1     -1

      0      1      1      0      0
      0     -1      0      0     -1
      1     -1      0     -1      0
      1     -1      0      3      1
      0      0     -1      3      1

      0     -1      0      0      0
      0      0      0      0      0
      2      0      0      0      1
      2      0      0      0      0
      0      0      2      0      0

      0      0      0      0      1
      1      1      0      0      0
      1      0      0      0      0
      1      0      0     -1      0
     -2      0      1     -1      0

      0      0      1      1      0
      0      0      0      0      2
     -1     -1      0      0      0
     -1     -1      0      0     -1
     -1      0      0      0     -1

      0      1     -1      1     -1
      1      0     -1     -1      0
      0      2      0     -1      0
      0      2      0      0      1
      1      0      1      0      1

      0      0      0      0      0
      1      0      0      0      0
     -1     -2     -1      0      2
     -1     -2     -1     -1     -2
      1      0      0     -1     -2

      0      0      0      1      0
      1      1      0      0      0
      0     -1     -2      0      0
      0     -1     -2      0      0
      1     -1      1      0      0

      0      0      0      1      0
      0      0      0      0      1
      0      0      0      0      0
      0      0      0     -1      0
      0      0      0     -1      0

      0      0      2      1      0
      0      1      0      0      0
      0      0      0     -1      0
      0      0      0      0      0
      0     -1      1      0      0

      1      0      0      1      0
      0      1      0      0      0
      0      0      0      0      1
      0      0      0     -2      0
      0     -1      0     -2      0

      0      1      0      1      0
      0      1      0      0      0
      1     -1      0      0      1
      1     -1      0     -2      0
      0      0      1     -2      0

      0      2      1      3      2
      3      3      1      1      1
      2      0      1      0      1
      2      0      1      1      0
      1      2      2      1      0

      2      2      2      3      3
      4      6      1      1      2
      4      4      3      2      3
      4      4      3      1      2
      4      2      3      1      2

      5      5      5      5      4
      6      6      4      4      4
      7      5      3      3      3
      7      5      3      3      4
      5      4      6      3      4

      3      3      2      4      3
      5      5      3      3      3
      2      3      2      2      1
      2      3      2      2      1
      3      3      4      2      1

      0      0      3      3      0
      1      2      2      2      0
      1      1      1      1      1
      1      1      1      0      1
      0      1      1      0      1

      2      1      2      2      2
      4      3      1      1      0
      2      2      3      0      1
      2      2      3      2      3
      0      2      2      2      3

      5      5      5      6      4
     11      8      5      5      3
      7      6      4      3      6
      7      6      4      3      5
      5      6      6      3      5

      7      7      7      9      6
     12     11      6      6      6
     11     10      6      6      6
     11     10      6      6      4
      8      8      7      6      4

      6      5      6      6      5
     12     10      7      7      5
     10      8      7      4      5
     10      8      7      5      4
      7      7      6      5      4

      5      5      5      5      3
      8      7      5      5      5
      8      6      5      3      3
      8      6      5      3      4
      6      5      4      3      4

      6      5      5      4      5
     11      9      4      4      6
      8      7      5      3      4
      8      7      5      2      6
      6      5      5      2      6

      7      6      6      8      6
     13     13      7      7      5
     11      9      9      7      5
     11      9      9      5      4
      6      8      8      5      4

      9      7      7      8      9
     15     13      9      9      5
     13     11      9      7      6
     13     11      9      6      6
      7      8      9      6      6

      8      8      8      8      7
     18     14     10     10      7
     14     12     11      8      6
     14     12     11      8      6
      9      8      9      8      6

      9      8      7      8      9
     20     15      9      9      8
     13     12     10      8      6
     13     12     10      6      5
      8      9      9      6      5

      9      8      8      8      8
     18     14     10     10      7
     13     12     11      6      5
     13     12     11      7      6
      9      9      9      7      6

     10      6      9      9      9
     19     15     10     10      8
     14     12     11      6      5
     14     12     11      6      7
     10      8     10      6      7

      9      8      8      9     10
     19     15     10     10      8
     14     14     11      6      6
     14     14     11      6      5
     10     11     11      6      5

      9      9      8     10      9
     19     15      9      9      7
     13     13     10      8      5
     13     13     10      9      6
      9      7      8      9      6

      9      6      6      9      7
     18     15     10     10      6
     13     11     10      7      6
     13     11     10      6      6
      8      7      9      6      6

      8      7      8      9      9
     18     13      8      8      6
     13     12     10      4      4
     13     12     10      6      4
      8      9      8      6      4

      8      6      5      9      7
     19     17      9      9      5
     11     13     12      6      6
     11     13     12      7      7
      7      9      7      7      7

      7      7      7      7      7
     18     15      8      8      6
     13     12     10      5      3
     13     12     10      7      6
      8      6      9      7      6

      7      6      8      9      7
     18     15      8      8      6
     12     12     11      7      5
     12     12     11      6      6
      7      8      8      6      6

      8      7      7      8      8
     19     17      8      8      7
     13     12     11      7      7
     13     12     11      8      5
      9      8     10      8      5

      7      6      8      7      7
     20     16     11     11      4
     14     13     10      7      3
     14     13     10      7      6
      7     11     10      7      6

      9      6      6      7      7
     20     18     10     10      8
     14     12     12      8      5
     14     12     12      7      8
      8      9     12      7      8

      8      6      7      8      8
     18     17      8      8      7
     14     12     11      9      7
     14     12     11      6      7
      7      6     11      6      7

      7      6      5      6      9
     17     16      9      9      6
     11     11     11      8      5
     11     11     11      7      6
      7      5     10      7      6

      7      7      6      7      5
     15     12      9      9      6
     11      9      8      4      4
     11      9      8      7      4
      6      8      7      7      4

      4      4      5      6      6
     11     10      5      5      5
      8      7      6      6      5
      8      7      6      4      4
      5      4      8      4      4

      3      3      4      5      5
      8      7      5      5      4
      7      7      7      3      3
      7      7      7      3      4
      3      5      6      3      4

      4      4      3      6      4
      6      7      5      5      5
      6      6      6      4      3
      6      6      6      2      4
      2      6      4      2      4

      4      3      3      4      6
      6      5      2      2      4
      5      3      4      4      3
      5      3      4      3      2
      1      4      3      3      2

      3      3      4      3      4
      8      6      4      4      5
      6      4      2      2      3
      6      4      2      3      3
      3      1      5      3      3

      2      3      4      5      2
      5      5      6      6      1
      3      5      4      2      4
      3      5      4      2      3
      5      3      3      2      3

      3      5      4      3      1
      7      5      3      3      4
      6      4      6      2      4
      6      4      6      3      3
      4      4      5      3      3

      3      2      4      4      2
      5      6      4      4      2
      5      4      1      1      2
      5      4      1      2      2
      2      3      3      2      2

      3      0      1      2      2
      3      4      4      4      4
      3      5      1      1      2
      3      5      1      0      2
      2      4      5      0      2

      3      4      3      3      1
      6      3      2      2      4
      3      4      3      2      2
      3      4      3      2      2
      2      1      3      2      2

      2      2      4      2      3
      5      4      3      3      2
      2      3      2      2      2
      2      3      2     -1      2
      3      2      3     -1      2

      1      1      2      1      2
      4      3      3      3      0
      3      3      2      1      2
      3      3      2      0      0
      2      3      0      0      0

      2      1      2      4      3
      3      2      1      1      3
      4      2      2      2      1
      4      2      2      0      3
      0      1      2      0      3

      2      2      0      0      3
      3      2      3      3      1
      1      1      1      2      5
      1      1      1      0      1
      0      0      1      0      1

      1      1      3      2      2
      2     -1      1      1      2
      2      1      0      1      2
      2      1      0     -2      1
      0      3      2     -2      1

      1      0      3      1      1
      4      0      0      0      1
      1      0      1      0     -1
      1      0      1      0      1
      3      0      2      0      1

      1      0      1      4      0
      3      3      0      0      1
      1      3      0      1      1
      1      3      0      0      0
      1      1      1      0      0

      0      2      1     -3     -3
      0      3      1      1      1
      1      2      0      1     -1
      1      2      0     -1      1
     -1     -1      3     -1      1

      0     -1      0      1      0
      1      1      0      0     -2
     -2      1      0      3      1
     -2      1      0      0      2
     -1      0      1      0      2

      0      1      1      1      3
      1      0      0      0      0
      1      0      1     -1      2
      1      0      1      1      1
      0      0      1      1      1

      1      2      4      2      1
      2     -1      0      0      2
      4      1     -2     -2      3
      4      1     -2     -3     -2
     -1     -1      0     -3     -2

      0      0      1      3      0
      2      0      0      0      0
     -1      0     -3     -2      0
     -1      0     -3      0      1
     -2      1     -2      0      1

      0      1     -1      3      0
      0      0      0      0      0
      2      1     -1     -1      0
      2      1     -1     -1      0
     -2      0     -2     -1      0

      0      0      0      0      2
      0      0      0      0      0
      0     -1     -1      0      3
      0     -1     -1      0     -1
     -2      0      1      0     -1

