;
; ENVI ASCII Output of file: E:\Imaging\ROI_AVIRIS_TestSet\5_4_3.img [Wed Dec 06 10:37:22 2017]
; File Dimensions: 5 samples x 5 lines x 224 bands
; Line Format    : (5i7)
;
    472    455    460    462    460
    475    453    463    440    458
    461    472    455    458    449
    461    439    462    443    466
    439    468    455    469    458

    518    542    548    520    538
    507    553    525    525    528
    531    544    536    533    548
    540    522    546    533    542
    542    524    531    540    525

    572    562    546    555    557
    575    552    565    546    566
    559    570    562    567    567
    555    550    562    574    564
    571    545    571    574    579

    707    704    705    709    695
    720    706    702    716    710
    703    703    706    717    703
    685    680    706    717    705
    706    710    721    719    720

   1033   1024   1018   1029   1014
   1033   1038   1041   1010   1012
   1008   1022   1031   1015   1032
   1006   1005   1025   1028   1041
   1044   1038   1050   1052   1041

   1089   1072   1060   1069   1062
   1085   1088   1065   1058   1062
   1059   1064   1078   1066   1071
   1054   1053   1056   1072   1082
   1088   1068   1090   1100   1094

   1014   1005   1001   1017   1004
   1025   1009   1007   1003   1001
    991   1002   1019   1003   1007
    987    975    985   1003   1025
   1019    998   1030   1029   1027

    940    929    927    929    918
    937    936    929    920    917
    909    917    937    930    934
    912    905    915    926    933
    936    932    940    951    952

   1019   1005   1003   1006    999
   1021   1019   1001    996    995
    983    997   1010   1008   1014
    980    968    983   1002   1029
   1017   1002   1023   1033   1026

   1037   1022   1014   1034   1023
   1039   1031   1022   1013   1017
   1001   1017   1031   1028   1030
   1004    986   1001   1026   1042
   1031   1030   1040   1046   1045

   1006    988    990    995    977
   1009   1001    994    988    990
    970    991   1001    991    990
    970    959    966    991   1008
   1007    983   1012   1017   1015

    947    928    932    940    931
    951    955    938    925    920
    918    932    949    937    939
    912    904    922    924    940
    935    940    956    961    949

    896    876    888    886    873
    898    899    887    877    882
    867    889    898    886    880
    865    856    873    877    894
    884    882    902    904    898

    810    796    797    801    799
    819    815    799    789    792
    783    812    808    806    801
    791    783    794    794    805
    799    802    818    810    814

    742    740    735    734    733
    748    747    739    732    731
    736    747    749    734    732
    725    728    731    735    740
    738    741    748    744    739

    662    655    658    658    662
    671    659    668    651    651
    663    677    673    659    664
    660    664    666    658    656
    658    667    673    669    666

    591    589    586    589    591
    600    592    584    582    579
    604    609    600    592    584
    595    598    591    585    585
    584    596    605    590    589

    563    560    562    563    563
    573    565    556    556    554
    580    584    571    562    559
    575    577    567    558    556
    561    572    575    563    565

    535    530    536    536    535
    546    536    527    528    529
    555    559    541    532    533
    554    555    542    531    526
    536    547    544    535    540

    498    502    500    501    503
    508    511    497    500    498
    528    533    517    501    498
    527    533    517    498    497
    505    513    510    500    500

    460    461    462    466    466
    468    469    457    457    457
    499    496    476    460    462
    490    499    484    463    459
    468    478    471    458    457

    425    424    425    427    430
    435    431    422    424    424
    464    462    442    427    421
    460    470    445    426    422
    434    443    437    421    422

    397    399    399    399    402
    408    404    397    398    395
    439    433    412    398    396
    443    445    420    401    393
    405    418    401    396    395

    357    357    361    360    363
    366    363    356    356    356
    398    390    371    361    354
    397    405    382    355    349
    366    375    363    353    352

    336    339    338    335    339
    339    343    333    337    333
    383    372    350    332    338
    383    388    363    336    326
    341    353    339    325    333

    327    327    326    330    333
    337    329    326    328    323
    380    367    337    326    324
    376    387    356    327    316
    336    342    329    316    320

    302    309    306    310    314
    314    309    305    303    303
    364    348    320    303    303
    359    365    335    305    298
    315    322    309    294    302

    284    287    287    289    289
    288    287    283    283    283
    336    321    298    282    278
    338    343    310    286    272
    296    302    287    276    277

    274    275    278    276    276
    281    276    271    276    274
    334    314    287    271    274
    333    331    305    273    266
    283    291    277    270    271

    257    255    257    260    260
    261    256    255    254    252
    315    294    264    255    248
    313    315    281    254    242
    265    266    253    247    253

    244    241    245    243    246
    246    246    240    243    236
    298    277    254    241    241
    301    300    269    240    230
    250    257    242    232    238

    239    240    243    239    243
    248    241    239    239    237
    293    280    252    237    236
    300    299    266    240    229
    249    250    237    226    236

    240    236    243    239    241
    249    238    233    234    237
    281    274    250    235    232
    292    288    258    235    224
    248    244    234    229    234

    239    239    242    239    243
    249    241    240    240    238
    293    281    253    237    236
    299    299    267    240    230
    249    249    237    226    236

    223    217    227    225    225
    234    228    220    229    224
    282    267    241    219    218
    276    288    258    226    211
    232    237    222    211    218

    199    194    203    200    196
    209    201    199    200    198
    256    247    218    195    195
    251    259    236    206    190
    204    210    200    188    194

    180    172    180    181    178
    185    176    177    180    176
    231    221    192    175    171
    223    234    215    183    171
    182    189    175    161    170

    171    167    172    175    168
    182    175    169    175    171
    229    220    192    167    170
    220    234    217    180    164
    175    184    172    157    163

    158    149    160    159    157
    169    158    157    162    158
    213    203    176    157    153
    201    217    203    165    150
    160    172    157    145    151

    122    119    125    122    120
    130    124    119    125    125
    170    161    138    121    118
    161    172    156    129    118
    126    133    123    112    115

    132    124    133    134    128
    142    131    133    136    131
    191    173    148    129    129
    171    190    172    141    127
    136    144    133    122    124

    145    138    149    147    141
    153    147    144    149    147
    211    196    166    141    143
    192    215    194    158    141
    146    161    150    131    133

    145    139    148    147    142
    158    144    147    153    148
    216    201    166    141    139
    192    220    199    159    143
    149    162    150    132    137

     89     84     92     89     88
     95     89     88     91     91
    134    124    100     86     85
    120    134    124     95     85
     93     98     90     79     82

    114    107    118    117    112
    125    118    115    122    117
    180    165    134    114    112
    156    180    167    127    110
    117    131    117    102    106

    119    116    124    124    118
    131    124    119    129    120
    197    178    146    120    119
    163    192    181    138    119
    122    138    125    107    114

    112    105    113    113    108
    122    112    112    122    112
    182    164    130    111    106
    153    178    165    125    107
    115    129    113     99    105

    104     95    106    106    101
    116    103    104    113    107
    173    155    122    102    103
    143    167    157    117    103
    105    118    106     91     99

     96     87     96     96     92
    107     95     95    103     96
    157    139    111     95     93
    133    153    142    107     92
     98    110     96     83     88

     77     70     77     77     72
     86     75     78     84     80
    124    109     86     74     76
    106    124    111     83     74
     78     86     75     67     73

     76     73     79     79     75
     88     78     79     85     80
    130    115     91     78     75
    111    128    118     86     75
     81     89     77     67     72

     80     74     83     82     79
     94     81     82     91     85
    145    125     97     80     79
    117    140    129     94     80
     86     97     84     72     74

     85     79     90     89     83
     99     87     89     96     92
    154    135    104     87     85
    126    149    138     99     83
     91    101     88     77     81

     82     75     85     84     79
     93     82     84     91     84
    147    130     99     80     81
    118    144    134     94     78
     86     96     84     71     75

     79     72     83     81     76
     90     79     85     90     84
    149    128     98     80     78
    118    143    133     94     78
     85     97     85     68     76

     75     68     79     78     72
     87     75     77     86     81
    143    123     92     75     73
    114    137    127     89     73
     79     89     77     65     70

     73     67     76     73     71
     83     73     75     81     77
    139    117     87     72     73
    109    130    122     84     68
     75     85     73     61     67

     57     52     58     57     55
     63     56     58     64     61
    102     89     64     54     57
     86     98     90     62     53
     61     64     55     47     51

     49     42     48     48     47
     54     46     49     54     52
     85     69     51     50     46
     74     80     71     52     46
     52     53     45     41     46

     44     39     45     44     43
     51     40     49     47     47
     75     63     45     41     43
     70     73     62     45     42
     48     47     43     36     39

     37     31     40     40     39
     43     38     41     41     40
     65     53     39     40     41
     63     65     55     40     39
     47     41     37     34     37

     22     22     25     27     24
     25     22     27     26     28
     28     26     24     30     25
     42     27     25     22     23
     29     22     19     21     24

     17     15     16     18     15
     17     17     18     18     19
     17     16     14     18     19
     22     17     16     16     18
     17     14     14     15     17

     21     16     17     19     19
     21     18     21     22     22
     25     21     18     20     21
     33     23     23     17     16
     21     18     16     16     19

     35     29     33     34     33
     39     31     35     37     37
     55     41     32     35     34
     60     52     43     32     30
     38     34     30     26     32

     41     35     40     40     38
     43     34     45     45     44
     70     52     40     39     39
     71     66     53     39     36
     45     39     35     31     38

     48     41     50     45     45
     54     42     53     53     51
     92     67     48     47     46
     84     87     71     47     43
     54     50     42     36     45

     52     43     51     49     48
     60     46     55     59     54
    100     78     53     49     48
     90     94     80     54     46
     58     55     46     38     46

     51     41     51     49     48
     56     45     55     56     53
     98     75     52     46     47
     89     92     77     49     46
     56     54     43     37     44

     51     42     50     47     47
     57     44     52     56     52
     98     75     51     47     47
     88     92     79     51     46
     56     54     43     37     46

     49     40     49     46     45
     56     44     52     54     52
     97     73     51     46     47
     87     92     78     51     45
     55     53     43     36     44

     47     39     46     43     42
     52     40     49     51     49
     93     69     47     42     43
     83     86     73     46     42
     52     49     39     33     41

     46     38     46     44     41
     51     39     49     52     48
     93     69     47     42     43
     81     86     73     47     40
     51     47     40     33     40

     42     36     43     40     40
     48     38     46     50     46
     89     66     46     39     41
     78     82     70     43     40
     47     45     37     31     38

     42     34     42     40     38
     48     37     45     49     43
     85     64     43     39     39
     78     79     68     42     39
     47     44     36     30     39

     39     32     38     36     35
     43     34     40     43     41
     80     56     38     36     35
     72     72     63     39     36
     43     40     32     26     35

     36     29     35     34     33
     40     31     38     40     38
     72     51     36     34     33
     67     66     57     36     33
     40     36     30     25     33

     32     26     33     31     31
     37     29     35     38     35
     64     46     33     32     31
     61     60     50     32     30
     37     33     27     23     30

     26     20     24     24     23
     28     22     28     28     27
     45     33     25     24     23
     45     42     35     23     24
     26     24     20     18     23

     14     11     14     14     13
     16     13     17     17     16
     22     17     14     15     14
     26     20     18     13     13
     16     12     11     11     13

      4      4      4      5      5
      5      5      5      5      6
      4      5      4      6      6
      6      4      6      5      3
      6      3      4      4      5

      2      3      4      4      4
      5      4      4      5      5
      4      4      4      6      5
      5      4      3      4      3
      4      3      3      4      4

      6      4      5      4      6
      6      5      6      6      6
      4      4      5      7      7
      6      6      6      6      5
      6      4      5      5      7

      5      4      5      5      5
      6      4      5      6      6
      5      4      5      6      6
      6      4      5      5      5
      5      4      5      4      4

      8      6      8      9      7
      9      8      9      9      9
     11      9      8     11     10
     14     11      9      8      7
      9      7      7      7      8

     17     12     15     14     15
     18     13     19     19     18
     26     20     15     16     16
     29     24     21     15     15
     17     14     12     12     16

     19     14     19     17     17
     22     17     22     22     21
     32     23     18     19     19
     36     29     27     18     19
     20     16     15     13     18

     18     14     17     18     16
     19     15     19     21     21
     29     24     18     18     18
     34     28     24     16     17
     20     15     14     13     16

     19     14     18     17     17
     21     17     21     23     21
     32     25     18     19     18
     35     31     26     18     18
     20     16     15     13     18

     16     12     15     15     14
     17     14     18     19     18
     29     22     16     16     15
     32     27     22     15     15
     18     15     13     11     15

     19     14     17     17     16
     20     17     21     22     20
     33     25     17     19     18
     36     32     26     18     17
     20     17     16     12     17

     19     14     19     18     17
     22     17     23     22     23
     38     28     20     19     19
     38     35     28     18     18
     20     17     15     14     18

     23     15     21     20     19
     25     19     26     27     26
     41     30     21     21     22
     42     39     34     22     20
     24     19     18     14     20

     22     16     20     20     20
     25     17     24     26     24
     41     31     21     22     21
     43     38     33     21     21
     24     20     16     14     20

     21     14     19     19     17
     22     17     24     23     24
     38     27     21     20     21
     40     35     30     19     18
     21     18     17     14     19

     19     13     17     18     16
     21     16     21     21     22
     31     24     18     19     18
     36     29     25     17     17
     19     15     15     13     17

     21     14     19     19     17
     22     17     24     23     24
     38     27     21     20     21
     40     35     30     19     18
     21     18     17     13     19

     20     18     23     20     14
     20     17     18     21     20
     31     22     17     20     18
     35     24     26     17     14
     23     21     14     17     14

     22     17     19     19     16
     20     14     20     22     19
     33     24     19     15     18
     38     35     29     17     14
     20     18     16     14     20

     18     19     20     20     17
     18     18     15     20     20
     34     23     17     15     17
     37     36     23     18     11
     22     21     16     17     16

     19     18     20     19     16
     19     14     18     18     20
     38     23     17     17     15
     35     40     30     18     12
     17     18     14     16     18

     15     13     16     15     13
     17     12     15     17     16
     29     17     15     13     14
     29     29     18     13     14
     20     15     17     15     11

     13     11     12     11     10
     11     10     11     16     12
     22     15     10     12     14
     22     21     16     12      7
     13     12     11     10     11

     39     36     40     37     34
     71     69     66     71     74
     76     72     64     63     73
      8      9     17      6      2
     12     10     17     23      0

      5      5      5      4      6
      8      6      7      7      7
      8      6      3      6      5
     10      8      6      5      5
      6      7      3      7      5

      5      5      4      3      0
      4      2      2      3      4
      4      3      1      3      5
      4      5      2      3      4
      4      2      3      4      2

      1     -2      0     -1     -1
      0     -2      0      1      3
      1      0      2      0      1
      0      0      0      1      0
      2      0      0      0      1

      1      0      0     -1      1
      1     -1      0      0      0
     -1     -2      1     -1      0
      0      1      1      0      0
      0      1     -1      0      0

      0      0      0      3      1
      0      0      1      2      3
      1     -3     -2      3      1
      0      1      0      0      0
      1      0     -1     -3      0

      0      0      1      0      0
      1      0      0      0      0
     -1     -1      1      0      1
      0      0      0      0      0
      0     -1     -1      0      1

     -2     -1      1      1     -1
      2      1      1      2      1
      0      1      4      1      4
      5      0      4      1      7
      0     -3      0      4      0

      0     -2      0      0      0
      1     -1      1      4      0
      0      0      0      2      1
      0      0      0      1      3
      0     -2     -2      4      0

      1      0      1      2      1
      0      1      1     -1      2
     -3     -2      1      1      3
      1      1      1      0      3
     -1      0     -1      0      1

      2      1      0      0      0
      1      1      3      4      4
      0      0      4      2      1
      0      1      0      2      2
      0      2      0      2      1

      1      0      2      1      0
      2      1     -1      0      2
      0      1      1      2      3
      0      0      1      1      2
      1      0     -1      1      0

      1      0      0      2      2
      0     -2      0      3      4
      2     -1      2      2      3
      1      0      2      0      0
      0      0      1      1      0

      4      3      3      3      1
      2      2      1      3      5
      4      1      2      2      0
      0      3      3      2      1
      1      2      0      2      5

      2      4      6      4      5
      3     -3      1      1      4
      3      4      4      2      3
      6      4      3      6      6
      5      3      3      4      3

      3      1      2      1      1
      2      2      3      2      2
      5      5      0      4      3
      4      1      2      5      2
      2      1      3      3      3

      6      1      5      3      1
      6      3      3      5      5
      5      5      5      3      4
      6      4      5      1      2
      6      3      3      5      3

     11      9      7      8      7
      7      9      8      7      8
     12     10      8     10      6
     10     12     10     10      8
      8      8      8      8      4

     14     11     14     14     11
     11     11     13     11     10
     19     15     10     12     12
     20     20     16     11      9
     13     14      9     12     12

     16     15     15     15     13
     16     15     13     18     16
     28     20     14     15     15
     25     27     21     13     12
     18     16     14     13     13

     17     18     19     16     13
     17     15     17     18     17
     36     25     18     17     17
     28     32     23     15     13
     19     20     14     13     14

     17     17     20     17     17
     18     15     18     19     17
     35     22     16     17     17
     34     34     25     16     15
     19     21     14     13     16

     16     17     23     19     15
     19     22     14     23     20
     56     36     24     20     19
     29     46     39     25     14
     18     28     21     16     18

     20     20     21     20     19
     20     17     19     21     20
     43     25     18     18     20
     36     38     28     19     15
     22     19     16     14     18

     21     20     20     18     15
     19     16     17     20     17
     41     23     20     18     17
     35     37     26     19     12
     20     20     14     13     15

     19     18     21     17     14
     17     15     17     17     17
     37     20     16     16     13
     32     34     24     15     13
     19     18     13     13     14

     16     17     19     15     14
     18     16     16     17     17
     37     22     17     16     15
     30     35     24     17     13
     17     18     12     14     14

     15     18     20     18     16
     16     16     16     19     18
     39     23     16     16     17
     34     35     26     16     13
     18     21     15     14     14

     16     17     18     17     15
     18     14     14     18     17
     36     23     15     15     15
     32     33     24     14     12
     18     18     13     11     14

     15     16     16     16     14
     15     15     15     17     16
     35     22     14     15     15
     30     32     22     15     12
     17     16     13     14     16

     16     17     17     17     16
     17     16     16     19     16
     36     23     16     14     17
     32     33     24     15     14
     19     16     14     14     15

     17     16     18     16     14
     16     15     16     18     17
     35     22     15     16     14
     31     31     22     13     13
     17     16     14     12     15

     16     17     17     15     11
     16     14     13     17     15
     34     23     16     15     15
     29     31     24     13     13
     16     18     12     11     15

     15     16     16     14     13
     14     14     16     17     14
     31     20     13     13     14
     28     31     22     13     13
     16     16     13     14     14

     13     14     16     14     15
     14     11     11     15     16
     31     18     13     13     13
     28     31     21     11     12
     16     15     11     11     12

     14     15     17     13     12
     15     14     13     15     13
     31     20     14     14     13
     27     27     19     14     10
     17     16     12     11     12

     15     14     16     12     13
     13     13     12     16     14
     30     19     15     13     13
     24     28     19     13     10
     16     16     11     10     12

     12     13     13     11     10
     14     13     12     15     12
     24     15     13     12     14
     21     24     16     12      9
     13     14     10      9     12

     13     12     15     12     12
     12      9     10     14     12
     23     15     12     12      9
     21     20     15     10     10
     12     11     10     10      9

      9     12     12     10     10
     11     12      9     10     12
     19     14     13     11     10
     19     19     15     11     10
     11     11     10      9      9

     10      7      9      9      8
     11     10     10     11     11
     17     12     12      8     10
     16     18     13     10      7
      9      7      8      7     10

      9      8      7      9      8
      9      8      8     10      9
     16     12      9      8     10
     15     15     12      9      8
      9     11      7      8      8

     10      8      8      9      7
     11      9     11     12      7
     17     10     10      9      7
     12     14      9      5      5
     11     10      8      8      9

      8      7     10      6      5
      6      8      6      9      9
     13     11      6      7      6
     13     12      9      7      7
      9     10      6      7      6

      6      4      5      6      7
      8      6      5      6      7
     13      7      7      6      5
     12     12      9      5      4
      9      7      5      5      6

      5      4      6      5      5
      5      4      5      6      5
      9      5      6      5      6
      5      7      5      5      4
      4      4      2      5      5

      6      2      2      3      3
      5      4      3      3      3
      7      5      5      3      4
      6      7      6      2      2
      4      2      2      3      3

      1      0      1      0      1
      1      2      2      4      2
      2      1      0      3      2
      4      3      3      2      2
      1      2      0      2      1

      2      0      1      0     -1
      1      1      0      1      1
      0      0      3      2      2
      3      0      0      0      1
      2      1      0      1      0

      0      0      0      0      0
      0      0     -1      0      1
     -1      0      0      0      0
      1      0      0      0      0
      0      0      0      0      0

      0     -2      0      0      0
      1      0      0      1      1
      0      0      0      0      0
     -1      1      0      0      0
      0      1      0      0      0

      0      0      0      0     -1
      0      0      1      1      1
      0     -2      0      0      1
      0      0      2      0      1
      1      0      0      0      0

      0      0     -1      0      0
      0     -1      0     -1      0
      0      0     -1      0      0
      0     -1      0      2      1
      0     -1      0      1      0

      0      0      0      0     -1
      1      0      0      0      2
     -1      0      0      0      0
      2      0     -2      1      0
      1      0      0      0      0

      1      1      2      1     -1
     -1      0      1     -1      0
      0      0      0      1      0
      0      0      0      1      1
      0     -1      1      0      0

     -1     -2      0      0     -1
      0      1      0      0      1
      2      0     -1      0     -1
      1      0      0      0      1
      0     -2      0      2      0

      1     -1      1      1      0
      0      0      0      0      0
     -1     -2      0      1      0
     -1      0      0      1      0
      0      0     -2      0      0

      0      0     -1     -1      0
      0      0      0      0      1
      1      1      0      0      2
     -1      0      0     -1      0
     -1      0      0      1     -1

     -1      0      0      0      2
      0     -1     -1      0      0
     -1      0      0      0      0
     -1      0     -1     -1      1
      0     -1      1      0      0

     -1     -2     -1     -2     -1
      0     -2     -1      0      0
      0      0      0      0      0
      0     -2     -1      0      0
      0      0      1      0      0

      0     -1     -1      1      0
     -2      0     -1      0      2
      0      0      0     -1     -1
      0      0      0      0      0
      0      0      1      1      0

      0     -2     -1      0      0
      0     -2      0      1      0
      0      0      0      0      2
      0     -3      0      0      0
      1      0      0      0      0

      0     -3      0      0      0
      0     -1      0     -1      0
      0      0      0      0      0
      1      0     -1      0      1
      0      1      2      0      0

      0      0     -1      0      0
      0     -2      1      0      0
     -1      0     -1      0      1
      0     -1      0      0      0
      0      0      1      0      0

      0      0     -1     -1      0
      0     -1      1      1      1
      0      0     -1     -1      0
     -1     -1      1      1      0
      0      1      1      1      0

      0      0     -2      0      0
      0      0      0      2      0
      0      0      0      1      1
      0      0      1      0      0
      1      0      1      0      0

      0      0      0      1      0
      0      0      0      0      1
      0      0      0      0      1
      0     -1      0     -1      0
      0      0      1      0      0

      0      2      2      1      2
      2      1      2      2      1
      3      2      1      2      1
      2      2      2      0      2
      2      2      4      1      1

      2      1      2      3      4
      5      3      3      3      3
      4      4      1      4      4
      2      3      4      3      2
      4      3      5      3      4

      4      3      2      4      5
      4      2      4      6      4
      5      4      4      5      6
      6      6      4      4      3
      4      4      5      6      5

      2      1      1      3      2
      4      0      3      3      3
      2      2      3      3      2
      4      3      2      4      2
      1      2      4      5      3

      0      2      0      0      0
      2      0      2      2      1
      1      2      0      1      2
      0      2      0      0      1
      2      3      2      2      1

      1      0      1      3      2
      2      0      2      2      2
      3      2      2      1      3
      2      1      2      2      1
      0      1      2      2      3

      6      5      5      4      5
      5      3      4      6      6
      7      6      6      4      5
      7      5      5      4      5
      4      6      6      5      5

      8      7      5      7      7
      8      6      7      9      7
     10      9      6      5      7
      9      6      7      7      6
      7      6      8      7      8

      5      6      4      6      5
      6      5      5      7      7
      8      8      5      7      7
      8      7      6      6      5
      7      6      5      6      7

      3      5      3      5      4
      4      4      5      5      5
      6      6      4      4      4
      6      7      4      5      3
      5      5      5      3      5

      5      5      4      5      4
      4      3      4      6      6
      8      6      4      5      5
      8      7      6      4      4
      5      5      5      5      4

      5      7      5      6      7
      8      5      6      8      7
     10      8      6      4      9
     10      8      7      5      5
      6      7      6      7      6

      8      7      7      7      6
      8      7      8      8      8
     11     10      8      7      8
     11     11      9      6      7
      7      7      7      8      6

      9      8      8      8      8
      9      8      9      9      8
     13      8      8      7      8
     13     12     10      7      5
      8      8      9      7      9

      9      6      8      8      8
      8      7      7      9      8
     13     10      8      8      9
     14     13      7      8      7
      8      9      7      6      7

      9      8      7      8      8
      8      8      8      8      8
     14      9      8      8      8
     12     12      9      7      6
      6      8      8      8      7

      8      9      9      7      9
      8      8      8      7      9
     13     10      8      7      9
     12     12      9      7      7
      8      8      9      9      9

      9      9      8      9      9
      8      8      8      8      8
     14     10      9      7      9
     14     10     10      6      6
      8     10      9      8      9

      8      7      8      7      7
      8      8      8      8     10
     12     11      8      8      9
     14     12     11      7      7
      8     10      8      8      7

      8      7      8      8      7
      8      6      7      9      9
     12     10      7      5      7
     12     10      9      7      7
      7      8      7      7      9

      7      7      7      7      7
      6      7      7      8      7
     12      9      6      5      7
     12     10      9      7      5
      8      7      6      5      8

      8      6      7      7      8
      7      7      7      7      8
     13      9      7      5      6
     13     10     10      7      6
      7      7      5      7      8

      7      7      6      7      7
      7      5      7      7      7
     11      9      7      7      7
     12     10     10      7      6
      8      8      8      6      8

      6      4      6      6      7
      8      6      6      6      7
     13     10      7      6      9
     12     11      8      7      5
      7      8      8      5      7

      7      8      7      8      7
      8      6      9      9      7
     13      9      8      5      7
     14     14      9      6      7
      7      8      9      6      7

      6      7      6      7      9
      7      5      8      9      7
     13     10      6      7      7
     14     14     10      6      6
      5      6      7      5      8

      8      7      5      8      8
      9      7      7      9      7
     16     10      9      8      8
     13     14     10      8      6
      8      8      7      7      7

      8      7      6      7      9
      7      5      6      8      7
     13     11      8      6      9
     13     13      9      6      7
      8      8      9      8      7

      7      6      6      6      6
      7      6      7      7      7
     16     10      9      5      6
     12     12      9      6      5
      7      7      7      9      7

      7      6      5      6      6
      6      4      6      9      7
     11     10      7      7      5
     11     11      9      5      4
      6      9      6      4      4

      5      5      5      5      6
      6      5      7      7      4
     10      7      5      5      6
      9      9      8      5      5
      7      5      5      5      4

      4      6      6      5      6
      7      3      5      7      4
     10      8      6      5      5
      9      8      7      5      5
      5      5      8      6      5

      4      4      3      5      7
      3      2      3      4      4
      9      7      5      4      5
      7      9      6      4      4
      5      7      7      6      6

      5      7      4      4      3
      4      3      6      5      4
      7      7      5      4      5
      7      7      5      5      4
      6      4      6      5      3

      4      2      4      6      5
      4      4      4      7      4
      7      4      4      5      7
      6      7      6      4      4
      5      6      4      4      4

      3      2      2      4      3
      4      4      4      5      2
      6      6      2      2      4
      5      6      5      3      3
      4      4      6      4      4

      4      3      3      3      6
      3      4      3      5      4
      5      6      5      5      6
      7      7      6      4      4
      4      4      5      6      5

      4      2      4      2      5
      2      3      3      7      3
      5      4      4      4      3
      6      6      4      2      0
      5      5      3      4      3

      3      0      3      4      5
      3      2      4      3      1
      4      3      0      2      3
      5      3      5      4      2
      2      2      3      3      2

      4      1      3      1      5
      3      4      3      5      3
      4      5      3      3      5
      5      2      4      2      2
      3      4      1      2      2

      4      1      1      2      3
      4      2      2      2      4
      5      5      3      1      3
      5      4      3      1      1
      4      3      3      1      2

      0      4      3      0      2
      2      0      0      3      1
      3      2      3      3      2
      2      5      5      3      2
      2      2      1      1      3

      0      1      1      1      4
      2      2      0      3      0
      2      2      1      1      3
      1      5      6      0      0
      1      0      2      4      1

      2      0      2      1      5
      4      1      1      1      0
      6      6      3      3      2
      3      4      4      0      0
      2      5      4      2      1

      2      1      0      0      0
      4      0      2      2      3
      1      2      3      0      3
      3      3      2      2      0
      1      2      2      1      0

      0      0      3      0      4
     -2      0      0      2      1
      0      2      0      1      2
      2      1      1      3      0
      1      2      0      2      1

      4      2      2      1      0
      1      0      0      2      2
      0      2      1      0      1
      2      1      4      1     -1
      3      0      5      0      0

      4      0      0      1      0
      0      2      1      0      3
      1      4      3     -1      0
      3      0      3      1      0
      0      2      0      5      2

      0     -1      0      0      1
     -1      0      0      1     -1
      0      3      0      1      1
      0      0      2      1      0
      0      0      2      0      0

      0     -1      1      0      0
      0      1      1      3      0
      1      1      0      0      1
      1      0      3      1      1
      0      1      2      0      0

      0      2      0     -2     -1
     -1      0      0      3      0
     -2      0     -2      0     -2
      1      0      2      0      1
      0      1      1      0      1

      1      0     -1      0     -1
      2     -1      0      0      1
      0      0      1      0      1
      0      0     -1      0     -2
      0      0      1      0      0

     -4      1      0      2      0
      0     -5      2      2     -1
      2      0      0     -3      3
     -3      0      3      1     -3
      0      0      2      0      0

      0     -2      1      2     -1
      1     -3      1      1      1
     -1     -2      0     -3      0
      0      0      1     -2     -2
      0     -1      4      0      0

