; ENVI Output of ROIs (5.3) [Tue Apr 03 15:13:13 2018]
; Number of ROIs: 1
; File Dimension: 598 x 563
;
; ROI name: Region #3
; ROI rgb value: {0, 0, 255}
; ROI npts: 100
;   ID    X    Y
     1   44   36
     2   52   37
     3   52   45
     4   77   72
     5   70   79
     6   61   84
     7   51   93
     8  366  175
     9  356  176
    10  364  185
    11  338  389
    12  289  395
    13  345  396
    14  468  396
    15  479  397
    16  457  403
    17  295  404
    18  471  408
    19  448  411
    20  459  415
    21  468  415
    22  433  417
    23  441  418
    24  450  419
    25  480  421
    26  492  422
    27  434  424
    28  424  424
    29  461  426
    30  442  430
    31  482  431
    32  457  432
    33  426  435
    34  502  436
    35  495  436
    36  416  437
    37  409  437
    38  466  440
    39  448  441
    40  434  441
    41  455  442
    42  493  445
    43  463  446
    44  408  446
    45  502  447
    46  425  447
    47  444  451
    48  426  454
    49  438  455
    50  470  455
    51  414  455
    52  460  456
    53  421  456
    54  422  466
    55  431  466
    56  471  471
    57  463  471
    58  500  473
    59  511  474
    60  447  475
    61  438  477
    62  465  480
    63  504  483
    64  447  487
    65  478  488
    66  485  489
    67  149  491
    68  530  492
    69  522  493
    70  462  496
    71  456  497
    72  140  498
    73  419  500
    74  147  500
    75  411  500
    76  482  500
    77  525  502
    78  452  505
    79  347  507
    80  417  509
    81  504  509
    82  355  510
    83  497  510
    84  347  516
    85  499  519
    86  480  519
    87  515  523
    88  470  524
    89  523  524
    90  470  529
    91  481  532
    92  132  538
    93  124  540
    94  472  541
    95  491  543
    96  124  548
    97  110  548
    98  480  550
    99  100  552
   100  108  559
