; ENVI Output of ROIs (5.3) [Tue Apr 03 15:02:11 2018]
; Number of ROIs: 1
; File Dimension: 598 x 563
;
; ROI name: Region #1
; ROI rgb value: {255, 0, 0}
; ROI npts: 100
;   ID    X    Y
     1  133    9
     2  125   10
     3  208   16
     4  217   17
     5  125   19
     6  135   20
     7  218   27
     8  209   28
     9  300   41
    10  308   41
    11  279   48
    12  300   51
    13  310   52
    14  288   56
    15  281  111
    16  271  113
    17  533  114
    18  522  116
    19  271  122
    20  524  124
    21  480  139
    22  492  140
    23  234  144
    24  481  150
    25  246  157
    26  306  177
    27  296  178
    28  296  187
    29   15  266
    30    8  270
    31   17  271
    32   12  273
    33   30  276
    34    7  277
    35   17  278
    36  100  278
    37   37  279
    38   91  279
    39   28  280
    40   33  281
    41   30  286
    42   38  287
    43   91  288
    44   14  304
    45   21  304
    46   46  310
    47   38  311
    48   23  313
    49   15  313
    50   40  320
    51   44  320
    52   46  342
    53   54  344
    54  168  350
    55  204  351
    56  196  353
    57   46  353
    58   55  354
    59  202  362
    60   55  364
    61   61  364
    62   27  368
    63   19  368
    64   52  372
    65   62  374
    66   18  378
    67   26  378
    68    7  388
    69   15  393
    70   16  427
    71   24  432
    72   17  438
    73  119  450
    74  172  455
    75   30  459
    76  204  462
    77  130  462
    78  215  463
    79   20  463
    80  145  470
    81   20  470
    82  136  472
    83  204  473
    84  213  475
    85  187  478
    86   33  507
    87   44  519
    88  228  524
    89   92  525
    90  367  529
    91  106  532
    92   33  534
    93  240  536
    94   97  538
    95  378  542
    96   22  542
    97   63  545
    98  177  546
    99   54  553
   100  164  554
