; ENVI Output of ROIs (5.3) [Tue Apr 03 15:08:30 2018]
; Number of ROIs: 1
; File Dimension: 598 x 563
;
; ROI name: Region #2
; ROI rgb value: {0, 255, 0}
; ROI npts: 100
;   ID    X    Y
     1    3    2
     2  411    3
     3    5   12
     4  398   13
     5  167   13
     6  527   13
     7  512   20
     8  389   21
     9  158   21
    10  535   22
    11  173   23
    12  520   28
    13  162   29
    14  410   31
    15  503   31
    16  379   33
    17  524   34
    18  509   38
    19  417   42
    20  512   43
    21  403   43
    22  391   45
    23  395   56
    24  130   69
    25  252   77
    26  119   77
    27  243   85
    28  124   89
    29  255   92
    30  138   92
    31  245   99
    32   84   99
    33  218  101
    34  127  102
    35  213  106
    36   74  109
    37   92  111
    38   86  114
    39  105  116
    40   64  116
    41  422  119
    42   97  121
    43   74  121
    44   84  134
    45  434  136
    46   95  137
    47   86  145
    48  442  146
    49  176  146
    50  181  152
    51  187  160
    52  155  161
    53  143  167
    54  161  168
    55  133  172
    56  149  173
    57  166  175
    58  154  178
    59  139  180
    60  144  186
    61  469  189
    62  255  255
    63  250  260
    64  244  265
    65  215  268
    66  480  298
    67  469  300
    68  457  307
    69  475  311
    70  466  317
    71  297  324
    72  125  325
    73  314  327
    74  109  327
    75  424  330
    76  115  334
    77  304  334
    78  414  336
    79  288  336
    80  506  336
    81  135  337
    82  321  337
    83  275  339
    84  230  341
    85  120  341
    86  417  342
    87  293  343
    88  403  345
    89  282  346
    90  511  346
    91  299  349
    92  221  350
    93  408  351
    94  287  353
    95  412  356
    96  266  417
    97  275  428
    98  302  544
    99  306  550
   100  298  556
