; ENVI Output of ROIs (5.3) [Tue Apr 03 15:21:30 2018]
; Number of ROIs: 1
; File Dimension: 598 x 563
;
; ROI name: Region #4
; ROI rgb value: {255, 255, 0}
; ROI npts: 100
;   ID    X    Y
     1  520   65
     2  571   65
     3  585   75
     4  592   76
     5  597   80
     6   63  142
     7   72  149
     8  518  186
     9  113  190
    10  104  190
    11  495  192
    12  528  192
    13  562  192
    14  126  195
    15  485  198
    16  135  198
    17  478  201
    18  145  203
    19  471  205
    20  153  209
    21  459  210
    22  175  212
    23  162  213
    24  181  214
    25  188  215
    26  452  215
    27  450  218
    28  206  221
    29  442  224
    30  296  224
    31  286  226
    32  310  226
    33  212  226
    34  435  227
    35  438  227
    36  342  228
    37  400  228
    38  372  228
    39  361  228
    40  382  228
    41  426  228
    42  409  229
    43  353  229
    44  349  229
    45  320  232
    46  274  232
    47  336  233
    48  221  233
    49  264  234
    50  329  234
    51  248  235
    52  229  236
    53  239  238
    54   11  239
    55  235  239
    56   23  248
    57   32  263
    58   40  273
    59   60  295
    60   68  303
    61  222  305
    62  217  307
    63   79  314
    64   87  321
    65  107  342
    66  459  347
    67  144  348
    68  134  348
    69  114  349
    70  316  355
    71  121  357
    72  465  357
    73  305  358
    74  138  373
    75  147  381
    76  164  392
    77  172  401
    78  153  411
    79  144  416
    80  187  418
    81  195  429
    82  205  439
    83  213  449
    84  220  454
    85  229  464
    86  237  471
    87  545  472
    88  552  473
    89  243  478
    90  554  480
    91  251  485
    92  266  501
    93  275  508
    94  291  524
    95  301  531
    96  310  537
    97  320  542
    98  327  546
    99  332  551
   100  337  556
